0	35.632945
50	2.299331
100	0.679037
150	0.414155
200	0.394290
250	0.139646
300	0.283501
350	0.132317
400	0.027146
450	-0.004888
500	0.062978
550	0.266744
600	0.050131
650	0.013450
700	0.028392
750	-0.079250
800	0.022694
850	0.046390
900	0.092158
950	0.047535
1000	0.013263
1050	-0.106544
1100	-0.116882
1150	0.054395
1200	-0.079408
1250	0.006918
1300	0.046965
1350	-0.082250
1400	0.050017
1450	0.236474
1500	0.092846
1550	0.085570
1600	0.220544
1650	0.031082
1700	-0.104902
1750	-0.068423
1800	0.071216
1850	0.052575
1900	0.131822
1950	0.103019
2000	-0.097765
2050	0.105681
2100	0.107607
2150	0.206771
2200	-0.082915
2250	0.078854
2300	-0.102738
2350	-0.222160
2400	0.083587
2450	-0.132051
2500	0.181600
2550	0.322000
2600	0.050857
2650	0.032466
2700	0.109162
2750	0.004630
2800	0.017331
2850	0.189875
2900	0.313917
2950	0.161344
3000	-0.033681
3050	0.010339
3100	-0.021518
3150	-0.069584
3200	-0.071057
3250	0.004342
3300	0.022565
3350	0.149245
3400	0.159258
3450	0.101622
3500	0.160773
3550	0.236082
3600	0.079319
3650	0.218871
3700	-0.060066
3750	0.113652
3800	0.087836
3850	0.075605
3900	0.030339
3950	0.112516
4000	0.221724
4050	-0.039026
4100	-0.097533
4150	-0.143929
4200	0.028785
4250	0.029614
4300	0.123846
4350	0.068985
4400	-0.161860
4450	-0.006964
4500	0.101406
4550	0.081193
4600	-0.189083
4650	0.050166
4700	0.059616
4750	0.079506
4800	0.072092
4850	0.098810
4900	0.002659
4950	-0.071084
5000	0.008323
5050	-0.007097
5100	0.039362
5150	0.047941
5200	0.109751
5250	0.172782
5300	-0.022702
5350	-0.023495
5400	0.109067
5450	0.175091
5500	0.123012
5550	0.024704
5600	0.004466
5650	0.008790
5700	0.136869
5750	0.103602
5800	0.080574
5850	0.081231
5900	0.028987
5950	-0.070307
6000	-0.061242
6050	0.213282
6100	0.205252
6150	0.176621
6200	-0.105012
6250	0.162140
6300	0.009639
6350	-0.030435
6400	-0.008203
6450	0.141056
6500	0.155203
6550	-0.030528
6600	-0.013302
6650	-0.010786
6700	0.351707
6750	0.005177
6800	-0.077686
6850	0.121326
6900	-0.111847
6950	-0.074810
7000	-0.044891
7050	0.030329
7100	-0.004376
7150	0.050960
7200	-0.008376
7250	-0.115279
7300	-0.081556
7350	-0.050004
7400	0.025458
7450	0.231543
7500	0.051519
7550	-0.056729
7600	-0.161002
7650	0.054800
7700	-0.008637
7750	0.033321
7800	-0.078010
7850	0.174117
7900	-0.112636
7950	0.055482
8000	0.027142
8050	0.158068
8100	-0.023855
8150	0.058118
8200	0.003299
8250	0.017919
8300	-0.016521
8350	0.050430
8400	-0.102491
8450	-0.098145
8500	0.148085
8550	0.009316
8600	0.013406
8650	0.145418
8700	0.073755
8750	0.064404
8800	0.056117
8850	-0.004403
8900	-0.064243
8950	0.071975
9000	-0.155491
9050	-0.053934
9100	-0.016212
9150	-0.041806
9200	-0.108646
9250	-0.198191
9300	-0.022543
9350	0.010699
9400	-0.007593
9450	-0.046236
9500	-0.103390
9550	-0.016550
9600	0.185948
9650	0.128750
9700	-0.030703
9750	0.163688
9800	0.139153
9850	0.066200
9900	0.042251
9950	0.140033
10000	-0.071578
10050	-0.033597
10100	0.021481
10150	-0.064809
10200	-0.149707
10250	-0.010466
10300	-0.066553
10350	0.136531
10400	0.267210
10450	0.206981
10500	-0.084251
10550	-0.117821
10600	0.029873
10650	0.006231
10700	0.109967
10750	0.046403
10800	-0.041900
10850	-0.102375
10900	0.095701
10950	0.092381
11000	0.023695
11050	-0.009983
11100	0.035454
11150	0.065411
11200	0.145866
11250	-0.081747
11300	0.002096
11350	-0.012386
11400	-0.124677
11450	0.179121
11500	0.141358
11550	0.276181
11600	0.130872
11650	-0.056662
11700	-0.074393
11750	0.068760
11800	-0.032298
11850	-0.014018
11900	0.000262
11950	0.154550
12000	-0.084465
12050	0.146342
12100	-0.096541
12150	0.046553
12200	-0.028589
12250	0.010095
12300	0.019244
12350	0.034461
12400	0.072143
12450	-0.039255
12500	0.048697
12550	0.009478
12600	0.085854
12650	0.018917
12700	-0.136543
12750	-0.046150
12800	0.140076
12850	0.033970
12900	-0.003855
12950	0.034692
13000	-0.093229
13050	0.229457
13100	0.205360
13150	0.115793
13200	0.051673
13250	0.102077
13300	-0.055029
13350	0.076819
13400	0.031423
13450	0.010325
13500	0.020402
13550	-0.015548
13600	0.031980
13650	-0.033577
13700	-0.029218
13750	0.064914
13800	-0.151344
13850	-0.071086
13900	0.207774
13950	0.237692
14000	0.101369
14050	0.089889
14100	-0.043805
14150	0.235447
14200	0.137133
14250	0.097631
14300	0.090771
14350	0.065825
14400	0.071986
14450	0.143146
14500	0.073954
14550	0.154024
14600	-0.092664
14650	0.011265
14700	-0.044508
14750	0.155126
14800	0.031877
14850	0.067727
14900	-0.228172
14950	0.060510
15000	-0.029735
15050	0.048577
15100	0.136471
15150	-0.058329
15200	-0.007410
15250	0.086779
15300	0.158580
15350	0.066100
15400	-0.126895
15450	0.067482
15500	0.086436
15550	-0.009735
15600	0.081226
15650	0.243089
15700	0.020350
15750	-0.087178
15800	0.125920
15850	0.001808
15900	0.045217
15950	0.062111
16000	0.002933
16050	0.064990
16100	0.174825
16150	-0.028124
16200	0.068309
16250	0.035492
16300	-0.100310
16350	-0.055139
16400	0.078259
16450	0.081563
16500	-0.180869
16550	-0.064575
16600	0.034371
16650	-0.061699
16700	0.121426
16750	0.062635
16800	0.140827
16850	0.165530
16900	0.158203
16950	0.107123
17000	0.073263
17050	0.120631
17100	0.244117
17150	-0.058322
17200	-0.008365
17250	0.166184
17300	0.105045
17350	0.055589
17400	0.003007
17450	0.094418
17500	0.057695
17550	-0.004670
17600	0.067533
17650	0.079288
17700	0.105926
17750	0.080264
17800	-0.058730
17850	0.092789
17900	0.069188
17950	-0.139533
18000	-0.078073
18050	-0.099095
18100	0.122414
18150	-0.144911
18200	0.046976
18250	0.120859
18300	-0.153721
18350	-0.100134
18400	-0.260014
18450	0.003811
18500	0.146154
18550	-0.087795
18600	0.146477
18650	0.140588
18700	0.219472
18750	0.035554
18800	0.079161
18850	0.050685
18900	-0.119980
18950	0.111434
19000	0.207051
19050	-0.072491
19100	-0.060679
19150	0.134008
19200	-0.083569
19250	0.042680
19300	0.027691
19350	0.089589
19400	0.014123
19450	0.029989
19500	0.195973
19550	0.046336
19600	-0.028036
19650	0.010333
19700	-0.231624
19750	-0.027090
19800	0.249834
19850	0.116752
19900	-0.017194
19950	-0.029663
20000	0.057074
20050	0.213006
20100	0.167653
20150	0.094229
20200	0.011210
20250	0.180887
20300	0.063100
20350	0.062280
20400	-0.047687
20450	0.091768
20500	0.070043
20550	0.136674
20600	0.086101
20650	-0.014092
20700	0.026458
20750	0.046670
20800	0.023779
20850	0.153292
20900	0.021549
20950	-0.006980
21000	0.004747
21050	0.075679
21100	0.108148
21150	-0.015189
21200	0.114299
21250	0.026405
21300	0.051672
21350	0.045338
21400	0.062855
21450	-0.020729
21500	0.091179
21550	-0.021459
21600	0.066880
21650	-0.071511
21700	0.056723
21750	-0.114662
21800	-0.190598
21850	-0.078556
21900	0.040046
21950	0.058960
22000	0.086054
22050	0.080525
22100	-0.008756
22150	-0.111101
22200	-0.097370
22250	0.127503
22300	-0.136311
22350	-0.168577
22400	0.017050
22450	-0.030543
22500	0.015278
22550	-0.077421
22600	0.078736
22650	-0.066124
22700	-0.157014
22750	0.013744
22800	-0.094850
22850	-0.022317
22900	-0.018346
22950	-0.123456
23000	-0.091007
23050	0.050872
23100	-0.058783
23150	-0.038841
23200	-0.011674
23250	-0.127362
23300	0.096776
23350	-0.001717
23400	-0.046178
23450	-0.037927
23500	0.134429
23550	-0.095891
23600	-0.036212
23650	0.149440
23700	0.135364
23750	-0.180089
23800	-0.158873
23850	0.153981
23900	0.020913
23950	-0.188516
24000	-0.227868
24050	-0.012525
24100	-0.061265
24150	-0.041572
24200	-0.132336
24250	-0.088708
24300	-0.140847
24350	0.220502
24400	0.045641
24450	-0.021759
24500	-0.030207
24550	0.133679
24600	0.090061
24650	0.140263
24700	0.172377
24750	0.123899
24800	-0.078880
24850	0.168775
24900	-0.179590
24950	0.117788
25000	-0.046256
25050	-0.053256
25100	0.213338
25150	0.018007
25200	0.065255
25250	-0.318613
25300	-0.002374
25350	0.022165
25400	0.053123
25450	0.035609
25500	0.084560
25550	0.104817
25600	-0.132311
25650	-0.002343
25700	-0.020480
25750	-0.008884
25800	-0.141288
25850	-0.084307
25900	0.121423
25950	0.039335
26000	-0.070885
26050	-0.070429
26100	-0.102069
26150	-0.271787
26200	-0.107202
26250	0.144153
26300	0.133891
26350	-0.095121
26400	-0.036850
26450	-0.030288
26500	-0.002278
26550	0.092494
26600	-0.169032
26650	-0.172073
26700	0.019550
26750	0.036510
26800	0.003130
26850	-0.146981
26900	-0.108520
26950	0.138051
27000	-0.017759
27050	-0.040607
27100	-0.005181
27150	0.105771
27200	0.147752
27250	0.073671
27300	0.102581
27350	0.123392
27400	0.271006
27450	-0.115267
27500	-0.129585
27550	0.132140
27600	0.154931
27650	-0.115822
27700	0.017101
27750	-0.098479
27800	0.073807
27850	0.020796
27900	0.042784
27950	0.181674
28000	0.059514
28050	-0.005428
28100	0.144991
28150	0.284138
28200	0.086994
28250	0.157413
28300	0.000213
28350	0.193137
28400	0.073042
28450	-0.156992
28500	-0.000005
28550	0.069897
28600	-0.100725
28650	-0.055177
28700	0.201388
28750	-0.039673
28800	0.098779
28850	0.088511
28900	0.037810
28950	-0.001389
29000	-0.002150
29050	0.021272
29100	0.139461
29150	0.194186
29200	-0.036978
29250	-0.005443
29300	-0.000833
29350	0.074692
29400	0.067668
29450	-0.118449
29500	0.062252
29550	-0.006642
29600	-0.070594
29650	-0.064665
29700	-0.025246
29750	0.125151
29800	-0.088653
29850	0.026813
29900	0.098337
29950	0.186153
30000	0.035257
30050	0.100844
30100	0.286316
30150	-0.173279
30200	0.036604
30250	0.049361
30300	-0.005779
30350	-0.006898
30400	-0.081031
30450	-0.133174
30500	0.155051
30550	0.199157
30600	-0.079701
30650	0.086555
30700	-0.045050
30750	-0.033284
30800	0.042885
30850	-0.002079
30900	-0.076762
30950	-0.032665
31000	-0.016034
31050	0.249274
31100	0.076279
31150	-0.046829
31200	-0.188452
31250	-0.044899
31300	0.097424
31350	-0.061887
31400	-0.043537
31450	-0.068804
31500	-0.261542
31550	0.137733
31600	0.057428
31650	0.054179
31700	-0.096809
31750	0.184671
31800	-0.030531
31850	0.060749
31900	0.128270
31950	-0.000294
32000	-0.083078
32050	0.156803
32100	-0.127695
32150	0.148806
32200	0.137199
32250	-0.070967
32300	0.091989
32350	-0.045808
32400	-0.223748
32450	-0.128610
32500	0.219803
32550	0.112630
32600	0.061777
32650	0.079966
32700	0.010820
32750	-0.025090
32800	0.127997
32850	-0.011102
32900	0.137375
32950	0.016853
33000	0.051026
33050	0.148146
33100	-0.085392
33150	-0.006711
33200	-0.019419
33250	0.094530
33300	0.041746
33350	-0.097691
33400	0.154715
33450	-0.026206
33500	0.134650
33550	0.108984
33600	-0.075518
33650	-0.000074
33700	-0.105552
33750	0.092247
33800	-0.073192
33850	0.185123
33900	-0.046981
33950	0.119759
34000	0.193570
34050	0.237373
34100	0.062019
34150	-0.003601
34200	0.003193
34250	0.048839
34300	0.014776
34350	0.091984
34400	0.017286
34450	-0.012061
34500	-0.027800
34550	0.090179
34600	-0.034428
34650	0.106395
34700	0.054660
34750	0.029603
34800	0.034980
34850	0.036251
34900	-0.037238
34950	0.013856
35000	0.019111
35050	0.180778
35100	-0.060410
35150	-0.020445
35200	-0.120887
35250	0.037630
35300	0.264177
35350	0.048208
35400	0.253939
35450	0.169476
35500	-0.047044
35550	0.136733
35600	0.221518
35650	-0.059999
35700	-0.000396
35750	-0.020751
35800	-0.083531
35850	0.106511
35900	-0.091333
35950	-0.060348
36000	0.099195
36050	-0.001512
36100	-0.030153
36150	0.088422
36200	-0.081891
36250	-0.020518
36300	0.167442
36350	0.041394
36400	0.009241
36450	-0.035633
36500	0.108718
36550	-0.035341
36600	0.043396
36650	-0.023764
36700	-0.014283
36750	-0.033819
36800	0.072084
36850	0.125113
36900	0.068778
36950	0.158388
37000	0.130949
37050	0.191933
37100	0.000965
37150	0.020089
37200	0.146854
37250	0.224123
37300	-0.093259
37350	0.038640
37400	0.126221
37450	0.080709
37500	0.168905
37550	0.032690
37600	-0.168372
37650	-0.060595
37700	0.024969
37750	-0.010144
37800	0.031765
37850	-0.022223
37900	-0.144690
37950	-0.023550
38000	0.014215
38050	-0.034639
38100	-0.067134
38150	0.056142
38200	-0.035089
38250	-0.084266
38300	-0.004182
38350	0.071364
38400	0.238249
38450	-0.234907
38500	0.049461
38550	0.073593
38600	-0.043334
38650	-0.205086
38700	-0.044200
38750	-0.071581
38800	0.094091
38850	-0.029194
38900	-0.019897
38950	0.181126
39000	-0.092336
39050	0.069609
39100	-0.155107
39150	-0.092291
39200	-0.252970
39250	-0.008221
39300	0.145578
39350	0.063610
39400	-0.150649
39450	-0.060157
39500	0.247734
39550	0.014317
39600	0.075263
39650	-0.018413
39700	0.065793
39750	0.131000
39800	0.087854
39850	-0.007680
39900	0.079278
39950	-0.191854
40000	-0.269290
40050	-0.167877
40100	-0.162674
40150	-0.067178
40200	-0.085422
40250	-0.059811
40300	0.023528
40350	-0.036344
40400	-0.155511
40450	0.166045
40500	0.106055
40550	-0.157926
40600	0.023443
40650	-0.087722
40700	0.045274
40750	0.140306
40800	0.102701
40850	-0.045527
40900	0.051751
40950	-0.127528
41000	0.021111
41050	0.203571
41100	0.177454
41150	-0.016356
41200	0.021846
41250	-0.132571
41300	0.105352
41350	0.051263
41400	0.142139
41450	0.258545
41500	-0.012559
41550	0.077415
41600	-0.144061
41650	0.079012
41700	-0.021696
41750	0.038770
41800	0.033393
41850	0.011042
41900	-0.234978
41950	-0.042422
42000	-0.179966
42050	-0.109077
42100	0.186868
42150	-0.023495
42200	0.035354
42250	-0.067233
42300	-0.100721
42350	0.020092
42400	-0.074195
42450	-0.124596
42500	0.089274
42550	-0.024231
42600	-0.049551
42650	0.188658
42700	0.029021
42750	-0.206197
42800	-0.013243
42850	-0.037149
42900	-0.085071
42950	-0.103196
43000	0.134886
43050	0.106670
43100	0.011473
43150	-0.124519
43200	-0.028183
43250	-0.081164
43300	0.042650
43350	-0.098949
43400	0.064697
43450	0.061292
43500	0.072318
43550	-0.062425
43600	0.153349
43650	0.105087
43700	0.154357
43750	0.005576
43800	0.130525
43850	-0.149892
43900	-0.094866
43950	0.076140
44000	-0.055815
44050	0.014605
44100	-0.117808
44150	0.017152
44200	0.114401
44250	0.031302
44300	-0.033799
44350	-0.247978
44400	-0.222418
44450	-0.085061
44500	-0.135974
44550	-0.003604
44600	-0.011148
44650	0.231173
44700	0.029890
44750	0.041927
44800	-0.191819
44850	0.116668
44900	-0.028734
44950	0.019195
45000	-0.048407
45050	0.009559
45100	-0.042985
45150	0.121819
45200	0.161775
45250	-0.105630
45300	-0.094317
45350	-0.079770
45400	-0.045055
45450	0.222069
45500	0.033404
45550	-0.028581
45600	0.029845
45650	-0.113829
45700	-0.257041
45750	-0.047235
45800	0.021061
45850	0.066977
45900	-0.061556
45950	-0.158218
46000	-0.164898
46050	-0.137347
46100	0.127667
46150	-0.063647
46200	0.040986
46250	-0.037868
46300	-0.069838
46350	0.045701
46400	0.059075
46450	0.042444
46500	-0.214119
46550	-0.000714
46600	0.017192
46650	-0.087293
46700	-0.098761
46750	-0.149088
46800	0.090532
46850	-0.069385
46900	0.164812
46950	0.098434
47000	0.048116
47050	0.149032
47100	-0.277092
47150	-0.110123
47200	0.114434
47250	0.067001
47300	-0.028469
47350	0.195232
47400	-0.096529
47450	0.055608
47500	0.002570
47550	-0.101100
47600	-0.016712
47650	-0.051964
47700	-0.080450
47750	0.055940
47800	-0.056735
47850	0.019963
47900	-0.175933
47950	-0.025103
48000	0.019724
48050	-0.009084
48100	0.074127
48150	0.102800
48200	0.278432
48250	-0.029528
48300	-0.010278
48350	0.174106
48400	0.041639
48450	-0.278890
48500	-0.029725
48550	-0.082057
48600	-0.117462
48650	-0.165465
48700	-0.081272
48750	0.065746
48800	-0.061029
48850	-0.023501
48900	-0.150911
48950	-0.166203
49000	0.160000
49050	0.058998
49100	0.046053
49150	-0.159002
49200	0.013894
49250	-0.049941
49300	-0.014965
49350	-0.011671
49400	-0.011693
49450	0.091967
49500	0.060322
49550	0.129175
49600	0.230903
49650	-0.037204
49700	0.091903
49750	-0.050967
49800	-0.283809
49850	-0.104926
49900	0.094919
49950	-0.030176
50000	-0.079785
50050	-0.064727
50100	-0.058352
50150	0.009789
50200	-0.050796
50250	-0.155966
50300	0.000379
50350	-0.011078
50400	0.164090
50450	0.107201
50500	0.049978
50550	0.162831
50600	0.231518
50650	-0.061620
50700	0.088263
50750	0.171611
50800	0.165650
50850	0.108557
50900	0.328098
50950	0.066091
51000	0.032919
51050	0.191972
51100	0.075452
51150	0.302615
51200	0.124604
51250	0.074381
51300	0.061818
51350	0.096575
51400	0.289791
51450	0.085236
51500	-0.120218
51550	0.002402
51600	-0.144295
51650	0.016089
51700	-0.071800
51750	0.030986
51800	0.060738
51850	-0.124742
51900	-0.140185
51950	-0.082130
52000	0.047374
52050	0.092799
52100	0.242942
52150	0.078566
52200	0.089197
52250	0.114242
52300	0.211231
52350	0.101211
52400	-0.034607
52450	-0.069140
52500	0.065189
52550	0.003544
52600	-0.129881
52650	-0.082532
52700	0.139924
52750	-0.048344
52800	0.083373
52850	0.145942
52900	0.009925
52950	0.042997
53000	-0.090597
53050	0.020990
53100	0.016189
53150	-0.026522
53200	0.022882
53250	0.099384
53300	0.153578
53350	0.045402
53400	-0.012840
53450	-0.015231
53500	0.049495
53550	-0.032401
53600	-0.122900
53650	0.072781
53700	0.143071
53750	-0.083379
53800	-0.171141
53850	-0.219351
53900	-0.122976
53950	-0.138686
54000	-0.032133
54050	-0.120007
54100	-0.031192
54150	0.002551
54200	-0.028120
54250	-0.182556
54300	-0.016267
54350	0.014290
54400	-0.108306
54450	0.122676
54500	0.195698
54550	0.097641
54600	-0.142961
54650	-0.142644
54700	0.109442
54750	-0.047647
54800	-0.022672
54850	-0.099452
54900	0.174312
54950	0.004390
55000	-0.039680
55050	0.164664
55100	-0.070313
55150	0.133817
55200	0.184146
55250	-0.046748
55300	-0.075819
55350	0.193683
55400	-0.118216
55450	-0.118586
55500	-0.004579
55550	-0.117884
55600	-0.089484
55650	0.069874
55700	0.004437
55750	-0.010332
55800	-0.014413
55850	-0.028209
55900	-0.025991
55950	-0.056624
56000	0.090439
56050	-0.053132
56100	-0.093872
56150	0.020203
56200	-0.078874
56250	0.213878
56300	0.117595
56350	0.026881
56400	0.110730
56450	0.093492
56500	0.100903
56550	-0.020658
56600	-0.012834
56650	-0.009698
56700	0.072604
56750	0.027663
56800	-0.085898
56850	0.051514
56900	0.000985
56950	0.091095
57000	0.062072
57050	0.159940
57100	0.123555
57150	0.047208
57200	-0.051371
57250	0.234259
57300	0.069025
57350	0.142840
57400	0.012255
57450	0.091376
57500	-0.017221
57550	0.144278
57600	0.079567
57650	0.180679
57700	0.236394
57750	0.104204
57800	-0.034021
57850	0.050343
57900	0.107711
57950	-0.222001
58000	0.004147
58050	-0.004899
58100	0.003768
58150	-0.108253
58200	0.003852
58250	-0.200019
58300	-0.266893
58350	-0.049299
58400	-0.112323
58450	0.166657
58500	0.087265
58550	-0.179201
58600	-0.059095
58650	0.010184
58700	-0.055349
58750	-0.044942
58800	-0.057425
58850	-0.162280
58900	-0.239435
58950	-0.109511
59000	0.071958
59050	-0.206974
59100	0.068200
59150	0.028944
59200	0.204612
59250	-0.005765
59300	-0.137322
59350	-0.081869
59400	0.084128
59450	0.098491
59500	0.087573
59550	-0.047181
59600	-0.197879
59650	-0.105285
59700	-0.043139
59750	-0.166193
59800	0.038232
59850	-0.040340
59900	0.009965
59950	0.077347
60000	0.074984
60050	-0.048028
60100	0.047594
60150	0.170883
60200	0.286673
60250	0.017030
60300	-0.084471
60350	0.012658
60400	0.084280
60450	0.111162
60500	-0.079315
60550	0.161973
60600	0.073469
60650	0.129960
60700	0.008935
60750	0.088812
60800	-0.050631
60850	0.048067
60900	0.007157
60950	-0.077407
61000	0.071346
61050	0.043302
61100	-0.013958
61150	0.093782
61200	0.060637
61250	-0.004762
61300	0.086554
61350	0.084691
61400	0.046410
61450	0.036213
61500	-0.054228
61550	-0.219053
61600	0.037504
61650	0.056401
61700	-0.088541
61750	0.032287
61800	0.241310
61850	0.159077
61900	-0.119710
61950	0.047145
62000	0.022533
62050	0.200519
62100	0.026434
62150	0.060505
62200	0.008033
62250	0.096710
62300	0.253151
62350	-0.134003
62400	-0.019520
62450	-0.087115
62500	-0.017571
62550	0.003741
62600	0.027008
62650	0.087675
62700	-0.011950
62750	0.037958
62800	0.028811
62850	0.089238
62900	0.015365
62950	0.015928
63000	-0.083544
63050	0.047031
63100	-0.086744
63150	-0.160710
63200	0.072809
63250	0.052289
63300	-0.100237
63350	-0.055027
63400	0.075372
63450	-0.030153
63500	-0.061104
63550	-0.010699
63600	-0.173798
63650	0.166066
63700	0.078736
63750	-0.151746
63800	0.023094
63850	0.146567
63900	0.002532
63950	-0.111955
64000	0.053288
64050	0.101972
64100	-0.008726
64150	0.068403
64200	0.111779
64250	-0.094710
64300	0.115035
64350	-0.170265
64400	-0.071078
64450	-0.000842
64500	0.030876
64550	-0.111963
64600	-0.079321
64650	-0.031480
64700	0.133196
64750	0.143525
64800	0.245931
64850	0.050327
64900	-0.014690
64950	0.166600
65000	0.005787
65050	-0.083936
65100	0.040244
65150	-0.000635
65200	-0.004196
65250	-0.102540
65300	-0.123214
65350	0.053527
65400	0.109476
65450	-0.069133
65500	0.223201
65550	-0.020961
65600	-0.007956
65650	0.087216
65700	0.145133
65750	0.086411
65800	-0.329711
65850	-0.028652
65900	0.076828
65950	0.024259
66000	0.022214
66050	-0.030007
66100	-0.078074
66150	-0.081834
66200	-0.023354
66250	0.026308
66300	0.005777
66350	-0.063284
66400	-0.061230
66450	0.147272
66500	0.097926
66550	0.139771
66600	0.061890
66650	0.049432
66700	-0.159494
66750	0.042778
66800	0.095365
66850	0.085516
66900	0.024367
66950	-0.134508
67000	0.037447
67050	-0.048464
67100	-0.036598
67150	-0.175599
67200	-0.180158
67250	-0.109488
67300	-0.220851
67350	0.064447
67400	0.088124
67450	0.020454
67500	0.090029
67550	0.113192
67600	0.166161
67650	0.191021
67700	-0.020729
67750	0.160293
67800	-0.020555
67850	0.091195
67900	-0.175499
67950	0.010367
68000	0.116544
68050	0.027278
68100	-0.136579
68150	-0.040991
68200	-0.152185
68250	-0.111795
68300	0.156010
68350	0.021455
68400	0.061975
68450	0.189495
68500	0.077305
68550	0.048408
68600	-0.195268
68650	0.071397
68700	0.097957
68750	0.073563
68800	-0.113612
68850	-0.232624
68900	0.039971
68950	-0.107335
69000	-0.123638
69050	0.056077
69100	-0.032421
69150	-0.056983
69200	-0.166577
69250	0.072508
69300	0.162476
69350	0.032164
69400	0.048797
69450	-0.040947
69500	-0.266740
69550	-0.006227
69600	0.147157
69650	0.109877
69700	0.133197
69750	0.103906
69800	-0.037346
69850	-0.148744
69900	-0.092277
69950	-0.140804
70000	0.139568
70050	0.128721
70100	-0.269947
70150	-0.195548
70200	-0.002518
70250	-0.002480
70300	-0.174489
70350	-0.009983
70400	0.007241
70450	-0.121209
70500	0.012363
70550	-0.043917
70600	-0.010098
70650	-0.059843
70700	0.188896
70750	-0.041927
70800	-0.015012
70850	0.003114
70900	-0.004786
70950	0.116913
71000	0.089660
71050	-0.109182
71100	-0.085404
71150	-0.058062
71200	0.127491
71250	0.075428
71300	-0.072229
71350	-0.025240
71400	0.063756
71450	0.099440
71500	0.038039
71550	0.026005
71600	0.105377
71650	-0.038213
71700	-0.137078
71750	-0.075698
71800	-0.011210
71850	-0.170430
71900	0.132993
71950	0.003812
72000	-0.030964
72050	-0.165651
72100	0.016345
72150	0.112490
72200	0.296545
72250	-0.082295
72300	-0.022436
72350	0.032814
72400	-0.204696
72450	-0.113006
72500	-0.069653
72550	0.069644
72600	-0.102768
72650	0.061809
72700	0.080217
72750	-0.008207
72800	0.085163
72850	-0.039242
72900	0.073808
72950	0.094586
73000	0.026619
73050	-0.074226
73100	0.121629
73150	0.150197
73200	-0.037417
73250	-0.180392
73300	0.214328
73350	-0.074540
73400	-0.063901
73450	-0.004332
73500	-0.034001
73550	-0.074799
73600	0.023843
73650	0.014223
73700	-0.023121
73750	-0.116024
73800	-0.175311
73850	-0.090129
73900	0.114855
73950	0.115223
74000	-0.135641
74050	0.017929
74100	0.110088
74150	0.069603
74200	-0.080732
74250	-0.058919
74300	-0.119371
74350	0.058174
74400	-0.057252
74450	0.225492
74500	0.160610
74550	0.019074
74600	-0.048520
74650	0.001232
74700	0.012136
74750	0.146266
74800	0.324655
74850	0.108446
74900	-0.009455
74950	-0.104414
75000	-0.030196
75050	0.073511
75100	0.095602
75150	0.062918
75200	0.052063
75250	0.084552
75300	0.090266
75350	0.086971
75400	0.095931
75450	-0.038200
75500	0.073950
75550	0.014402
75600	0.104517
75650	0.053767
75700	0.111076
75750	0.203765
75800	0.012640
75850	0.014580
75900	-0.046398
75950	-0.071476
76000	-0.156953
76050	-0.218315
76100	-0.199397
76150	-0.145514
76200	0.036953
76250	-0.007113
76300	0.117435
76350	-0.016430
76400	-0.082176
76450	0.035321
76500	-0.054180
76550	-0.217562
76600	-0.033267
76650	0.042016
76700	0.066688
76750	-0.120538
76800	-0.008100
76850	-0.130347
76900	0.116677
76950	-0.046129
77000	0.031688
77050	0.102736
77100	0.028413
77150	-0.115871
77200	-0.081028
77250	0.061459
77300	0.045804
77350	-0.036938
77400	0.071309
77450	-0.069350
77500	-0.076274
77550	0.088985
77600	-0.053400
77650	0.137382
77700	0.024746
77750	0.159461
77800	0.104903
77850	-0.037305
77900	0.109656
77950	-0.140880
78000	0.078302
78050	0.068889
78100	0.222872
78150	-0.060519
78200	0.052621
78250	0.021208
78300	-0.122502
78350	-0.093339
78400	-0.003124
78450	0.039433
78500	-0.017421
78550	0.077397
78600	-0.057350
78650	0.068821
78700	0.190514
78750	-0.010186
78800	0.184167
78850	-0.173095
78900	-0.137920
78950	-0.081207
79000	0.151823
79050	0.112592
79100	0.001569
79150	-0.057215
79200	-0.100788
79250	-0.034465
79300	-0.122062
79350	-0.100887
79400	-0.029593
79450	0.108884
79500	0.131827
79550	0.005895
79600	0.011811
79650	0.060477
79700	-0.098827
79750	0.139338
79800	0.014653
79850	0.049852
79900	-0.077335
79950	-0.009022
80000	-0.142804
80050	0.012702
80100	0.059825
80150	0.016581
80200	-0.020087
80250	-0.158002
80300	-0.053353
80350	-0.014942
80400	-0.067566
80450	-0.162862
80500	-0.076682
80550	0.021012
80600	0.085373
80650	-0.066443
80700	-0.165106
80750	-0.079879
80800	-0.038943
80850	-0.090120
80900	-0.022799
80950	0.006980
81000	-0.069462
81050	0.040917
81100	-0.124215
81150	-0.064806
81200	-0.044102
81250	-0.079757
81300	0.048403
81350	-0.112710
81400	-0.082906
81450	-0.125035
81500	-0.133657
81550	0.304114
81600	-0.010055
81650	-0.088493
81700	-0.060128
81750	0.023517
81800	-0.126776
81850	-0.046721
81900	0.129544
81950	0.117594
82000	0.060737
82050	-0.000666
82100	0.004107
82150	0.041455
82200	-0.026738
82250	-0.133304
82300	-0.042125
82350	-0.100722
82400	-0.009218
82450	0.107314
82500	-0.006321
82550	-0.009724
82600	-0.135537
82650	-0.028044
82700	0.029286
82750	-0.053560
82800	-0.030876
82850	-0.132214
82900	-0.013189
82950	0.007589
83000	-0.005927
83050	0.110125
83100	-0.004071
83150	-0.096780
83200	0.022290
83250	0.048986
83300	-0.007608
83350	-0.066607
83400	-0.038008
83450	-0.134925
83500	-0.059860
83550	-0.040818
83600	0.077577
83650	-0.100431
83700	-0.145532
83750	-0.062368
83800	0.185855
83850	-0.116971
83900	-0.038051
83950	-0.221876
84000	-0.123255
84050	-0.039562
84100	0.045986
84150	0.182168
84200	0.020405
84250	0.110789
84300	-0.083359
84350	0.043836
84400	0.012393
84450	0.144968
84500	0.058614
84550	-0.067431
84600	-0.053967
84650	-0.022111
84700	-0.109819
84750	-0.009792
84800	-0.088762
84850	0.013133
84900	0.109496
84950	-0.084156
85000	0.062845
85050	-0.000594
85100	-0.127376
85150	0.026402
85200	0.130676
85250	-0.068797
85300	-0.030051
85350	0.117604
85400	-0.148800
85450	-0.114487
85500	-0.151593
85550	0.052355
85600	0.035419
85650	0.080433
85700	-0.108621
85750	-0.270935
85800	-0.281333
85850	-0.161352
85900	-0.098878
85950	0.194611
86000	0.046644
86050	0.113160
86100	-0.106599
86150	-0.239554
86200	-0.121110
86250	0.075230
86300	0.068764
86350	-0.000710
86400	-0.206822
86450	-0.111188
86500	-0.166205
86550	-0.130355
86600	-0.126899
86650	0.045150
86700	-0.002582
86750	-0.164915
86800	0.244289
86850	-0.212643
86900	-0.144361
86950	0.069807
87000	-0.083980
87050	-0.012462
87100	-0.141902
87150	-0.113783
87200	-0.119987
87250	0.060074
87300	0.039648
87350	0.073122
87400	-0.020393
87450	-0.055539
87500	0.172851
87550	0.011549
87600	0.030666
87650	0.129559
87700	-0.060160
87750	0.007234
87800	0.065513
87850	-0.145152
87900	0.143143
87950	-0.066244
88000	0.037988
88050	-0.046756
88100	0.035245
88150	-0.095604
88200	-0.178144
88250	-0.028975
88300	-0.185874
88350	0.135302
88400	-0.064993
88450	0.023360
88500	-0.087031
88550	-0.051993
88600	-0.000996
88650	-0.178343
88700	0.015780
88750	0.020950
88800	-0.016543
88850	0.060747
88900	-0.009754
88950	-0.121508
89000	0.009741
89050	0.061943
89100	-0.025553
89150	-0.174431
89200	-0.042694
89250	0.019914
89300	-0.026411
89350	-0.054711
89400	0.085197
89450	-0.208563
89500	0.037463
89550	-0.025020
89600	-0.026776
89650	0.125720
89700	0.056278
89750	0.131414
89800	0.094263
89850	-0.006106
89900	0.129740
89950	-0.184564
90000	0.026514
90050	0.098403
90100	-0.147638
90150	0.067160
90200	0.100215
90250	0.007818
90300	-0.043496
90350	-0.219218
90400	0.129303
90450	-0.043732
90500	-0.104848
90550	0.023689
90600	-0.185642
90650	-0.009523
90700	-0.099316
90750	0.029929
90800	0.038757
90850	-0.018449
90900	-0.169530
90950	-0.011793
91000	-0.169297
91050	-0.033043
91100	-0.042967
91150	0.107449
91200	0.369399
91250	0.010226
91300	-0.165001
91350	-0.088541
91400	-0.043778
91450	0.182841
91500	-0.048166
91550	0.055981
91600	-0.193050
91650	0.009789
91700	-0.243927
91750	-0.248323
91800	0.001397
91850	-0.026575
91900	-0.069717
91950	-0.093261
92000	-0.040142
92050	-0.058050
92100	-0.009555
92150	0.066290
92200	-0.008060
92250	-0.017608
92300	0.247210
92350	0.126673
92400	0.063899
92450	0.022937
92500	0.019688
92550	-0.162313
92600	-0.032692
92650	-0.260671
92700	-0.056276
92750	-0.033446
92800	-0.108594
92850	-0.094647
92900	-0.091202
92950	-0.140073
93000	-0.085857
93050	-0.121713
93100	0.108701
93150	-0.005416
93200	-0.018826
93250	-0.185468
93300	0.135096
93350	-0.157216
93400	-0.044392
93450	0.006014
93500	-0.172720
93550	-0.127573
93600	0.049001
93650	-0.041022
93700	-0.062297
93750	0.058921
93800	-0.037095
93850	0.041989
93900	0.101169
93950	0.126643
94000	0.053331
94050	-0.089239
94100	0.087254
94150	0.325839
94200	-0.084232
94250	0.038712
94300	0.081043
94350	0.015602
94400	-0.380469
94450	-0.060865
94500	-0.065821
94550	0.099219
94600	0.104127
94650	-0.062084
94700	-0.158984
94750	-0.013562
94800	0.027296
94850	-0.138874
94900	0.004311
94950	0.035683
95000	0.209444
95050	0.084518
95100	-0.085320
95150	-0.057446
95200	-0.099103
95250	-0.090599
95300	0.126649
95350	-0.025165
95400	0.076811
95450	-0.016560
95500	-0.147877
95550	0.024115
95600	-0.022467
95650	-0.088619
95700	0.051492
95750	0.076759
95800	0.175916
95850	-0.007183
95900	0.008461
95950	0.162727
96000	-0.011196
96050	-0.140063
96100	-0.039372
96150	-0.005315
96200	-0.162022
96250	0.006054
96300	0.049960
96350	-0.100280
96400	-0.035328
96450	-0.113376
96500	0.220866
96550	-0.075855
96600	0.132236
96650	-0.224162
96700	0.021187
96750	-0.035929
96800	-0.027856
96850	-0.121734
96900	-0.130150
96950	0.114631
97000	0.102368
97050	0.064744
97100	0.029454
97150	-0.008713
97200	0.024815
97250	0.068121
97300	-0.083197
97350	0.012191
97400	0.057394
97450	-0.029235
97500	-0.154977
97550	0.101543
97600	0.053611
97650	0.062369
97700	-0.074874
97750	0.063113
97800	-0.071069
97850	0.166745
97900	-0.143138
97950	0.089202
98000	0.188832
98050	-0.032184
98100	0.064324
98150	-0.111979
98200	0.065458
98250	0.002548
98300	-0.168903
98350	-0.011560
98400	0.027684
98450	-0.041060
98500	0.022772
98550	-0.112599
98600	-0.079342
98650	-0.104131
98700	0.047494
98750	-0.113630
98800	0.014257
98850	0.023633
98900	-0.281525
98950	-0.146558
99000	-0.059407
99050	-0.184833
99100	0.021810
99150	0.071056
99200	0.148933
99250	-0.017659
99300	0.096413
99350	-0.019289
99400	-0.135971
99450	0.024578
99500	0.173777
99550	0.055039
99600	-0.013516
99650	-0.117546
99700	-0.188613
99750	-0.098177
99800	-0.009125
99850	-0.006380
99900	0.043298
99950	0.039515
100000	0.035654
100050	-0.124047
100100	-0.128662
100150	-0.064660
100200	0.174568
100250	-0.029722
100300	-0.068085
100350	-0.115065
100400	0.013363
100450	-0.183176
100500	-0.060758
100550	0.155747
100600	0.186552
100650	0.126130
100700	0.174265
100750	-0.062692
100800	-0.162468
100850	-0.198910
100900	-0.060250
100950	0.137333
101000	0.065653
101050	-0.015570
101100	-0.105629
101150	-0.047047
101200	0.092579
101250	0.034862
101300	0.172921
101350	-0.212730
101400	-0.129935
101450	-0.218626
101500	0.005228
101550	-0.012825
101600	-0.141685
101650	-0.107040
101700	-0.058464
101750	-0.030011
101800	-0.129796
101850	0.105940
101900	0.060647
101950	-0.191430
102000	0.034373
102050	0.041520
102100	0.049474
102150	0.043390
102200	-0.148792
102250	0.076818
102300	0.094468
102350	0.201900
102400	0.233143
102450	0.055238
102500	0.084461
102550	0.035911
102600	-0.017809
102650	-0.051290
102700	0.029194
102750	0.181411
102800	-0.029123
102850	-0.088282
102900	0.002898
102950	-0.082220
103000	0.076791
103050	-0.026519
103100	0.083919
103150	0.100334
103200	-0.056283
103250	0.025128
103300	0.021363
103350	-0.237649
103400	-0.032715
103450	-0.122331
103500	-0.132198
103550	-0.003702
103600	-0.102850
103650	-0.202490
103700	-0.079490
103750	-0.073448
103800	0.044363
103850	-0.006403
103900	-0.065353
103950	0.127033
104000	0.078765
104050	0.041647
104100	-0.012871
104150	0.104783
104200	-0.242320
104250	-0.207835
104300	0.061837
104350	0.057148
104400	-0.045231
104450	-0.003588
104500	0.101717
104550	-0.048111
104600	0.087839
104650	0.004235
104700	0.007336
104750	-0.060909
104800	-0.112080
104850	-0.128067
104900	0.209318
104950	-0.073314
105000	0.058534
105050	-0.030017
105100	0.158187
105150	-0.011493
105200	-0.016156
105250	0.081813
105300	0.056183
105350	0.185375
105400	0.071845
105450	-0.067220
105500	0.029939
105550	-0.214131
105600	-0.095229
105650	-0.034914
105700	0.009568
105750	0.155168
105800	0.007358
105850	0.054904
105900	0.010696
105950	-0.016027
106000	0.050456
106050	0.022064
106100	0.028025
106150	0.025676
106200	-0.010215
106250	-0.104325
106300	-0.124762
106350	-0.016682
106400	0.083860
106450	0.075512
106500	-0.216097
106550	-0.009929
106600	-0.042058
106650	-0.182640
106700	0.099515
106750	0.054806
106800	-0.132047
106850	-0.006221
106900	0.322057
106950	0.039909
107000	-0.054927
107050	0.146827
107100	-0.090370
107150	-0.127032
107200	-0.112518
107250	-0.125597
107300	0.017652
107350	-0.041575
107400	-0.111261
107450	0.011370
107500	-0.060039
107550	0.015268
107600	0.062349
107650	-0.084768
107700	0.027160
107750	-0.096366
107800	-0.120820
107850	0.033117
107900	0.095265
107950	0.069668
108000	0.124193
108050	0.083718
108100	-0.002189
108150	0.235975
108200	0.067614
108250	-0.114461
108300	0.014724
108350	0.177228
108400	0.013553
108450	0.129628
108500	0.032564
108550	0.058760
108600	0.016333
108650	0.278223
108700	-0.141054
108750	0.004992
108800	0.029473
108850	0.040755
108900	0.066784
108950	0.045154
109000	0.016669
109050	-0.174376
109100	0.081091
109150	0.089248
109200	0.159522
109250	-0.004481
109300	-0.008347
109350	0.056753
109400	0.111619
109450	-0.139773
109500	-0.034443
109550	0.072151
109600	0.002671
109650	-0.184152
109700	0.056943
109750	0.059259
109800	0.032541
109850	0.010105
109900	-0.031873
109950	-0.021218
110000	0.045124
110050	0.040716
110100	0.033981
110150	-0.156644
110200	-0.052056
110250	0.218107
110300	0.039772
110350	0.002780
110400	-0.212741
110450	-0.174733
110500	-0.022820
110550	0.023227
110600	0.035147
110650	-0.036437
110700	0.058604
110750	-0.177841
110800	0.040819
110850	-0.021144
110900	0.022548
110950	0.007547
111000	-0.232680
111050	0.068038
111100	0.073998
111150	0.065543
111200	-0.053604
111250	0.029385
111300	-0.010561
111350	0.000407
111400	0.150858
111450	0.052756
111500	-0.102372
111550	0.003192
111600	0.196101
111650	-0.013055
111700	-0.144860
111750	-0.154978
111800	0.253347
111850	-0.127219
111900	0.185679
111950	0.081527
112000	0.150601
112050	0.065607
112100	-0.006575
112150	-0.003277
112200	-0.098255
112250	-0.046175
112300	-0.049770
112350	0.195525
112400	-0.113591
112450	0.092516
112500	-0.040221
112550	-0.053096
112600	0.132339
112650	0.106456
112700	0.015237
112750	0.134679
112800	0.080666
112850	-0.075971
112900	-0.181754
112950	-0.079415
113000	0.021307
113050	0.134896
113100	-0.074069
113150	0.095257
113200	0.086493
113250	0.077839
113300	0.002735
113350	0.047880
113400	0.135036
113450	-0.005738
113500	-0.130525
113550	-0.007817
113600	0.136425
113650	-0.187359
113700	0.077556
113750	0.158892
113800	-0.183274
113850	-0.048926
113900	-0.059378
113950	-0.063234
114000	0.144543
114050	0.190078
114100	0.107372
114150	0.098081
114200	-0.122911
114250	-0.183303
114300	0.092527
114350	-0.013257
114400	-0.017364
114450	-0.056835
114500	0.173999
114550	-0.105390
114600	0.079772
114650	0.023701
114700	0.145794
114750	0.003888
114800	0.031891
114850	0.275289
114900	0.170425
114950	0.074079
115000	-0.059184
115050	0.127131
115100	0.037268
115150	-0.044378
115200	0.065046
115250	0.006893
115300	-0.045994
115350	-0.093190
115400	-0.152668
115450	0.116749
115500	-0.062476
115550	0.108798
115600	0.016745
115650	0.201006
115700	-0.055475
115750	-0.087856
115800	-0.120938
115850	0.029115
115900	-0.193383
115950	-0.004608
116000	-0.059904
116050	0.034911
116100	0.000712
116150	0.046825
116200	0.068850
116250	-0.009460
116300	0.095127
116350	0.023020
116400	-0.163893
116450	-0.021602
116500	0.117330
116550	-0.131658
116600	0.022383
116650	-0.104811
116700	0.090139
116750	-0.052312
116800	0.229285
116850	0.112190
116900	0.031627
116950	0.032331
117000	0.074891
117050	0.033536
117100	-0.011495
117150	0.027707
117200	0.078811
117250	-0.024672
117300	0.009723
117350	0.069103
117400	-0.053175
117450	0.130923
117500	0.113602
117550	0.076012
117600	0.084722
117650	-0.028180
117700	-0.063644
117750	-0.003951
117800	0.012687
117850	-0.138289
117900	-0.205640
117950	0.166395
118000	0.042470
118050	0.035296
118100	-0.035346
118150	-0.270959
118200	0.007571
118250	-0.253449
118300	0.017360
118350	0.045882
118400	0.031692
118450	-0.141650
118500	-0.158062
118550	0.002430
118600	0.090531
118650	-0.062537
118700	-0.177399
118750	-0.050441
118800	0.027350
118850	0.136761
118900	0.101286
118950	0.033723
119000	0.036731
119050	-0.080354
119100	-0.099618
119150	-0.001555
119200	0.026843
119250	0.014520
119300	-0.100265
119350	0.003479
119400	0.161418
119450	0.256638
119500	0.069001
119550	-0.092792
119600	0.087173
119650	0.080903
119700	0.049857
119750	0.017754
119800	-0.247174
119850	-0.034654
119900	-0.120383
119950	0.129312
120000	0.035776
120050	-0.137578
120100	0.113588
120150	0.077287
120200	-0.132171
120250	0.037532
120300	0.005616
120350	-0.209534
120400	0.032855
120450	-0.046793
120500	0.048157
120550	-0.093104
120600	0.051594
120650	0.013174
120700	0.288045
120750	0.049628
120800	0.017743
120850	0.026327
120900	0.024199
120950	0.028860
121000	-0.064497
121050	-0.043859
121100	0.167324
121150	0.040384
121200	-0.124759
121250	-0.103804
121300	0.060697
121350	0.243240
121400	0.250954
121450	0.125643
121500	-0.022947
121550	0.130959
121600	0.013975
121650	-0.175525
121700	0.014695
121750	0.135208
121800	-0.011305
121850	0.017725
121900	-0.155156
121950	-0.168329
122000	-0.076427
122050	-0.028058
122100	-0.040484
122150	0.005215
122200	0.116475
122250	0.060416
122300	-0.056394
122350	-0.008459
122400	-0.168058
122450	-0.024573
122500	0.062219
122550	0.061262
122600	-0.043192
122650	0.094551
122700	-0.107892
122750	0.099227
122800	-0.137595
122850	-0.044685
122900	0.037035
122950	0.057803
123000	0.088454
123050	0.162846
123100	0.090623
123150	-0.036604
123200	0.241723
123250	-0.117986
123300	-0.029728
123350	-0.059024
123400	0.045803
123450	0.064838
123500	-0.026152
123550	-0.217861
123600	-0.126612
123650	0.086929
123700	0.011338
123750	-0.058133
123800	0.022956
123850	0.025830
123900	0.124224
123950	0.153538
124000	-0.105933
124050	-0.084090
124100	0.044883
124150	-0.125984
124200	0.030093
124250	-0.005736
124300	-0.055667
124350	-0.090116
124400	0.063830
124450	0.047058
124500	-0.074863
124550	-0.045938
124600	-0.114574
124650	0.056546
124700	0.084504
124750	0.052007
124800	0.020292
124850	-0.126967
124900	-0.106035
124950	-0.003510
125000	0.023919
125050	-0.052295
125100	0.026044
125150	0.001743
125200	0.122511
125250	-0.048253
125300	0.081042
125350	-0.051947
125400	-0.138716
125450	-0.009793
125500	-0.061622
125550	0.104264
125600	-0.082876
125650	0.126513
125700	0.073862
125750	0.078291
125800	0.010930
125850	0.216187
125900	0.198705
125950	0.043964
126000	-0.088800
126050	0.030863
126100	-0.121709
126150	-0.207810
126200	-0.004154
126250	0.119584
126300	0.037525
126350	0.004061
126400	0.014468
126450	-0.014284
126500	-0.101226
126550	0.012564
126600	-0.012864
126650	0.078784
126700	-0.189872
126750	0.267101
126800	-0.006316
126850	-0.044857
126900	-0.018510
126950	0.070406
127000	-0.134240
127050	-0.126806
127100	-0.087851
127150	-0.122200
127200	-0.148250
127250	-0.028080
127300	-0.040979
127350	-0.089143
127400	-0.087553
127450	0.017867
127500	-0.083737
127550	0.007193
127600	-0.103481
127650	-0.140242
127700	-0.175948
127750	-0.015959
127800	-0.109259
127850	0.102718
127900	-0.029031
127950	-0.048484
128000	0.047984
128050	-0.050117
128100	0.000913
128150	-0.026065
128200	-0.083267
128250	0.080738
128300	-0.012338
128350	0.032689
128400	0.071025
128450	0.150179
128500	-0.015091
128550	0.038292
128600	0.118544
128650	-0.051158
128700	-0.007421
128750	-0.077774
128800	0.156967
128850	-0.047703
128900	0.013215
128950	-0.008276
129000	0.001225
129050	0.092247
129100	0.035904
129150	-0.055595
129200	-0.028109
129250	-0.170822
129300	0.055611
129350	0.084306
129400	-0.039801
129450	-0.045125
129500	-0.036256
129550	0.007460
129600	0.055781
129650	0.114479
129700	0.053594
129750	0.036173
129800	-0.198503
129850	0.008881
129900	-0.148654
129950	0.026884
130000	-0.128717
130050	-0.006961
130100	-0.118468
130150	0.190505
130200	-0.149971
130250	0.030279
130300	-0.038013
130350	0.013133
130400	0.104674
130450	-0.094077
130500	0.103830
130550	0.122699
130600	0.061692
130650	-0.129119
130700	0.128786
130750	0.010295
130800	0.051948
130850	-0.232450
130900	-0.098997
130950	0.115330
131000	0.082758
131050	-0.294476
131100	-0.154866
131150	0.063027
131200	0.057532
131250	0.076270
131300	0.034306
131350	-0.045813
131400	0.206355
131450	0.041471
131500	-0.110881
131550	0.001892
131600	-0.296516
131650	-0.115666
131700	0.067854
131750	0.010847
131800	0.038624
131850	0.011707
131900	-0.165669
131950	-0.006094
132000	0.139939
132050	-0.061479
132100	-0.007940
132150	0.110945
132200	0.011380
132250	0.095916
132300	0.040657
132350	-0.117052
132400	0.030613
132450	-0.063359
132500	-0.094037
132550	0.158682
132600	0.037409
132650	-0.234213
132700	-0.136824
132750	-0.129479
132800	0.159009
132850	0.035649
132900	0.111151
132950	0.089186
133000	-0.033481
133050	0.051705
133100	0.126302
133150	-0.042184
133200	0.150065
133250	-0.010151
133300	-0.072001
133350	-0.038300
133400	-0.210010
133450	0.002367
133500	-0.089994
133550	-0.091605
133600	-0.071156
133650	-0.147187
133700	0.157295
133750	0.036809
133800	0.049513
133850	0.009366
133900	0.008971
133950	0.108355
134000	0.128926
134050	0.001337
134100	-0.091678
134150	0.069585
134200	0.012548
134250	-0.129830
134300	-0.285126
134350	-0.048329
134400	-0.188179
134450	-0.039340
134500	-0.253465
134550	0.010577
134600	0.036015
134650	0.008012
134700	0.060386
134750	0.004019
134800	0.020947
134850	0.045393
134900	0.083360
134950	0.108561
135000	-0.027463
135050	0.173394
135100	0.101034
135150	0.097469
135200	-0.102399
135250	-0.019154
135300	-0.011737
135350	-0.002701
135400	0.244210
135450	0.223461
135500	0.085920
135550	-0.020937
135600	-0.076092
135650	0.182384
135700	0.132248
135750	0.177455
135800	0.077255
135850	0.088076
135900	0.001718
135950	0.000745
136000	-0.001026
136050	0.097691
136100	0.051449
136150	-0.083712
136200	0.118364
136250	0.205968
136300	0.039616
136350	-0.036708
136400	0.030938
136450	0.051550
136500	-0.035829
136550	-0.071797
136600	-0.060469
136650	0.122602
136700	0.106269
136750	0.064577
136800	0.168554
136850	0.206443
136900	-0.086252
136950	-0.103212
137000	0.103945
137050	-0.140856
137100	-0.087556
137150	-0.033104
137200	0.095891
137250	-0.086444
137300	-0.139078
137350	0.081980
137400	-0.138373
137450	-0.019087
137500	-0.141813
137550	0.136343
137600	-0.043937
137650	-0.148922
137700	-0.014117
137750	0.009935
137800	-0.031198
137850	0.071040
137900	-0.010291
137950	0.114193
138000	-0.027572
138050	-0.114718
138100	-0.112622
138150	-0.081477
138200	-0.056981
138250	0.012652
138300	-0.026618
138350	0.041155
138400	-0.019392
138450	0.212129
138500	-0.139001
138550	-0.021764
138600	0.183007
138650	-0.150835
138700	0.144473
138750	0.123238
138800	-0.064041
138850	-0.153636
138900	-0.010503
138950	-0.033086
139000	0.178816
139050	0.025802
139100	-0.110165
139150	0.050925
139200	-0.056041
139250	0.126983
139300	-0.004301
139350	0.038570
139400	0.054111
139450	0.262751
139500	0.079621
139550	0.129710
139600	0.176079
139650	-0.000609
139700	0.114603
139750	-0.061496
139800	0.155169
139850	0.013383
139900	-0.006866
139950	0.090688
140000	0.008264
140050	0.039361
140100	0.072204
140150	0.090695
140200	0.079308
140250	-0.003814
140300	0.071326
140350	-0.181935
140400	-0.148476
140450	-0.025606
140500	-0.169597
140550	-0.102619
140600	-0.085894
140650	0.128730
140700	-0.124615
140750	-0.030648
140800	-0.133644
140850	0.096621
140900	0.178231
140950	0.070858
141000	-0.045158
141050	0.028229
141100	-0.072479
141150	0.088430
141200	-0.088601
141250	-0.169256
141300	-0.054361
141350	0.001745
141400	-0.052092
141450	-0.046128
141500	-0.209975
141550	-0.082825
141600	-0.058134
141650	-0.122840
141700	-0.072071
141750	-0.086672
141800	-0.108372
141850	0.173036
141900	0.204406
141950	-0.082544
142000	0.051280
142050	0.063920
142100	0.054150
142150	-0.158304
142200	0.096673
142250	-0.097614
142300	0.190669
142350	0.117064
142400	0.060152
142450	0.070078
142500	-0.019216
142550	0.101957
142600	-0.007041
142650	0.079368
142700	0.098856
142750	-0.000136
142800	-0.068467
142850	0.161337
142900	-0.092991
142950	0.019973
143000	-0.097360
143050	-0.053783
143100	0.036998
143150	0.132216
143200	-0.119633
143250	0.112785
143300	-0.051618
143350	-0.001280
143400	0.151643
143450	0.003270
143500	-0.131805
143550	0.028453
143600	-0.008718
143650	0.010724
143700	-0.123035
143750	0.137837
143800	-0.136910
143850	0.132886
143900	-0.139572
143950	-0.241358
144000	0.032305
144050	-0.005516
144100	0.066658
144150	0.130107
144200	-0.002495
144250	0.009982
144300	-0.036702
144350	0.019196
144400	-0.024310
144450	0.140071
144500	0.155636
144550	0.012555
144600	0.098440
144650	0.024132
144700	-0.042190
144750	-0.048570
144800	-0.035545
144850	0.043919
144900	-0.238982
144950	-0.272180
145000	0.174170
145050	-0.101608
145100	0.074834
145150	0.068859
145200	-0.223368
145250	-0.003855
145300	-0.077222
145350	0.023759
145400	0.041093
145450	-0.065922
145500	-0.042585
145550	0.063655
145600	-0.033268
145650	-0.000911
145700	-0.135669
145750	0.008417
145800	0.047207
145850	-0.113026
145900	0.016812
145950	-0.082888
146000	0.081064
146050	0.087885
146100	-0.006006
146150	0.127989
146200	0.177263
146250	0.164111
146300	-0.026808
146350	-0.113278
146400	0.151360
146450	-0.010362
146500	-0.018644
146550	0.098991
146600	0.223412
146650	0.054546
146700	-0.071799
146750	-0.078636
146800	-0.075016
146850	-0.120998
146900	-0.284369
146950	0.014322
147000	0.278617
147050	0.255904
147100	0.203859
147150	0.169497
147200	0.053047
147250	-0.100892
147300	0.217525
147350	-0.080450
147400	0.042611
147450	-0.015687
147500	-0.128380
147550	-0.052508
147600	-0.005195
147650	-0.040146
147700	-0.113637
147750	-0.046343
147800	0.035476
147850	-0.298302
147900	-0.116383
147950	-0.117637
148000	-0.224538
148050	-0.189851
148100	-0.051421
148150	0.158921
148200	-0.061461
148250	-0.035180
148300	-0.162904
148350	0.089857
148400	0.029400
148450	-0.043024
148500	-0.008347
148550	-0.210346
148600	-0.071780
148650	-0.115933
148700	0.233856
148750	0.076788
148800	0.040592
148850	0.133607
148900	-0.031054
148950	0.028530
149000	0.224928
149050	0.119943
149100	-0.119309
149150	0.341264
149200	0.055874
149250	-0.079390
149300	-0.098449
149350	0.021702
149400	-0.007174
149450	0.048323
149500	0.036004
149550	-0.030865
149600	0.097644
149650	0.030518
149700	0.034837
149750	0.017731
149800	-0.187050
149850	-0.069001
149900	-0.085567
149950	0.068869
150000	-0.050908
150050	-0.098159
150100	0.044445
150150	-0.142932
150200	-0.081802
150250	0.057394
150300	0.064832
150350	-0.050586
150400	0.243675
150450	0.040504
150500	0.034648
150550	-0.017871
150600	-0.071401
150650	0.106019
150700	0.022139
150750	-0.069053
150800	0.113427
150850	0.135642
150900	0.109699
150950	0.082196
151000	0.077131
151050	0.134710
151100	0.131773
151150	-0.041350
151200	0.111011
151250	0.016551
151300	0.029049
151350	-0.020285
151400	-0.074130
151450	-0.207854
151500	-0.062186
151550	0.057481
151600	-0.068115
151650	-0.047672
151700	-0.012528
151750	-0.103278
151800	0.114684
151850	-0.036398
151900	-0.178494
151950	-0.044917
152000	-0.097314
152050	0.066569
152100	0.063277
152150	-0.032987
152200	0.181490
152250	-0.065370
152300	-0.003105
152350	-0.043595
152400	0.006300
152450	-0.054205
152500	0.045608
152550	-0.014877
152600	0.043962
152650	0.103765
152700	0.233168
152750	-0.035968
152800	0.040294
152850	0.108625
152900	0.031923
152950	0.001191
153000	0.055852
153050	0.174920
153100	0.143000
153150	0.015694
153200	-0.032035
153250	-0.158178
153300	-0.034992
153350	0.104573
153400	-0.043955
153450	-0.091037
153500	-0.160426
153550	-0.086106
153600	-0.117354
153650	0.011716
153700	-0.082455
153750	-0.133766
153800	-0.032839
153850	0.066714
153900	0.021689
153950	-0.054927
154000	-0.028487
154050	0.156568
154100	-0.147381
154150	0.136806
154200	0.024518
154250	-0.078380
154300	-0.129375
154350	-0.116024
154400	-0.130601
154450	0.058328
154500	0.061068
154550	-0.165824
154600	0.046585
154650	0.023345
154700	0.007959
154750	0.000471
154800	0.043880
154850	-0.018538
154900	-0.000541
154950	-0.128906
155000	-0.137179
155050	-0.185814
155100	-0.029614
155150	0.102265
155200	0.241902
155250	0.124583
155300	0.056364
155350	0.015279
155400	0.049728
155450	-0.112101
155500	-0.078827
155550	-0.057848
155600	0.122224
155650	0.062026
155700	0.044889
155750	-0.043282
155800	0.112557
155850	-0.012707
155900	-0.049929
155950	-0.218856
156000	-0.192369
156050	-0.132478
156100	0.002443
156150	0.041728
156200	0.094006
156250	-0.055182
156300	-0.026700
156350	-0.045407
156400	0.093696
156450	0.118828
156500	-0.046030
156550	0.000406
156600	0.030936
156650	0.083516
156700	-0.002238
156750	-0.138714
156800	-0.083838
156850	0.028187
156900	0.018445
156950	0.053345
157000	-0.051630
157050	0.099593
157100	-0.181424
157150	-0.017038
157200	-0.109843
157250	-0.085872
157300	0.107278
157350	-0.042543
157400	0.144650
157450	-0.123499
157500	-0.163909
157550	-0.030054
157600	0.070412
157650	0.097328
157700	0.017911
157750	0.040202
157800	0.096158
157850	-0.202399
157900	-0.001306
157950	0.082167
158000	0.106595
158050	0.094142
158100	0.104831
158150	0.162367
158200	0.150165
158250	-0.085028
158300	-0.035301
158350	-0.113369
158400	-0.092728
158450	-0.130415
158500	0.022454
158550	0.170079
158600	-0.131087
158650	0.095107
158700	0.031922
158750	0.106983
158800	-0.003173
158850	-0.121468
158900	-0.034111
158950	-0.094928
159000	0.019338
159050	-0.055256
159100	0.232421
159150	0.039444
159200	0.106704
159250	0.014655
159300	-0.124143
159350	0.128158
159400	-0.169352
159450	-0.209897
159500	-0.035872
159550	-0.151745
159600	-0.185009
159650	-0.020036
159700	0.006079
159750	0.099573
159800	0.093020
159850	0.042360
159900	-0.104753
159950	-0.012259
160000	-0.097346
160050	0.020023
160100	-0.005871
160150	0.040620
160200	0.191685
160250	0.157117
160300	0.021439
160350	-0.159832
160400	-0.173935
160450	0.015368
160500	-0.071226
160550	-0.065865
160600	-0.102822
160650	-0.041039
160700	-0.128052
160750	-0.152333
160800	-0.195275
160850	-0.107541
160900	0.039003
160950	0.187767
161000	-0.050311
161050	-0.110211
161100	-0.213033
161150	-0.075183
161200	0.079945
161250	-0.064236
161300	-0.034468
161350	-0.058434
161400	-0.302640
161450	0.150433
161500	0.056399
161550	-0.223287
161600	0.025121
161650	0.108433
161700	-0.186734
161750	-0.053758
161800	0.009998
161850	-0.094563
161900	0.037343
161950	-0.084870
162000	-0.119056
162050	-0.117430
162100	-0.184670
162150	-0.068923
162200	-0.159843
162250	-0.041520
162300	-0.018782
162350	0.038927
162400	0.046595
162450	0.117389
162500	-0.035054
162550	0.086122
162600	-0.095917
162650	0.105589
162700	0.001473
162750	-0.013001
162800	-0.048450
162850	0.169074
162900	0.089280
162950	-0.065362
163000	0.105600
163050	0.208982
163100	-0.060175
163150	-0.235996
163200	0.022005
163250	0.140389
163300	0.108375
163350	0.020044
163400	0.038881
163450	0.015360
163500	-0.076228
163550	-0.090220
163600	-0.102205
163650	-0.008015
163700	0.143463
163750	0.205614
163800	-0.089756
163850	-0.042543
163900	0.002821
163950	-0.046552
164000	-0.025878
164050	-0.031501
164100	0.255984
164150	-0.041793
164200	0.035826
164250	-0.063743
164300	0.044196
164350	0.025894
164400	-0.183860
164450	-0.065385
164500	-0.145160
164550	0.155178
164600	0.095022
164650	0.120085
164700	0.065778
164750	-0.086954
164800	0.057473
164850	0.187594
164900	-0.083747
164950	-0.099577
165000	-0.045516
165050	-0.111591
165100	-0.024984
165150	-0.012048
165200	0.034743
165250	-0.072945
165300	-0.011153
165350	0.120780
165400	0.124946
165450	-0.146739
165500	-0.113578
165550	0.154733
165600	0.110588
165650	-0.041421
165700	0.123377
165750	0.111552
165800	-0.024099
165850	-0.236343
165900	-0.188751
165950	-0.069906
166000	0.156471
166050	-0.008902
166100	0.063207
166150	-0.042672
166200	-0.102082
166250	-0.010555
166300	-0.048739
166350	-0.138293
166400	-0.047118
166450	-0.210910
166500	0.051733
166550	0.068147
166600	0.044980
166650	-0.213105
166700	0.068100
166750	-0.093442
166800	-0.006734
166850	0.110916
166900	0.049507
166950	0.405658
167000	-0.027566
167050	-0.020669
167100	-0.041761
167150	0.045329
167200	-0.006240
167250	-0.027411
167300	0.110837
167350	-0.297165
167400	-0.134370
167450	-0.091826
167500	-0.086232
167550	0.042234
167600	-0.067042
167650	-0.133382
167700	0.049269
167750	-0.042902
167800	0.032859
167850	-0.033711
167900	0.100557
167950	0.021713
168000	0.043135
168050	0.226739
168100	0.168003
168150	0.109127
168200	-0.022531
168250	-0.003442
168300	-0.021336
168350	-0.124713
168400	-0.095829
168450	-0.074204
168500	0.187841
168550	-0.026407
168600	0.003380
168650	-0.060765
168700	-0.058328
168750	-0.157583
168800	-0.037273
168850	0.062946
168900	0.065424
168950	-0.057627
169000	-0.085843
169050	-0.105480
169100	-0.017968
169150	-0.164705
169200	-0.070524
169250	0.105430
169300	-0.045043
169350	-0.106116
169400	0.144122
169450	-0.000881
169500	0.009227
169550	-0.152329
169600	-0.024452
169650	0.061702
169700	-0.048880
169750	0.098157
169800	-0.106228
169850	-0.202233
169900	-0.159714
169950	-0.125152
170000	-0.063004
170050	-0.052471
170100	-0.096533
170150	0.091049
170200	0.091104
170250	0.273472
170300	-0.140761
170350	0.132674
170400	0.014729
170450	0.020306
170500	-0.103169
170550	-0.176907
170600	-0.030101
170650	-0.101509
170700	0.108534
170750	0.001328
170800	0.118735
170850	-0.068817
170900	-0.001675
170950	-0.062949
171000	0.078968
171050	-0.055649
171100	-0.220393
171150	-0.084644
171200	0.121257
171250	0.097026
171300	-0.045930
171350	0.006847
171400	0.083385
171450	-0.067130
171500	-0.072194
171550	-0.183789
171600	0.081349
171650	0.124122
171700	0.264969
171750	-0.052781
171800	-0.055540
171850	0.158048
171900	0.061570
171950	0.061841
172000	-0.101821
172050	0.114199
172100	0.033118
172150	0.043843
172200	0.026742
172250	0.172304
172300	0.039514
172350	0.100527
172400	-0.023455
172450	0.024925
172500	-0.014967
172550	-0.120071
172600	-0.190735
172650	0.052867
172700	0.008924
172750	0.201877
172800	0.100382
172850	-0.032407
172900	0.007022
172950	0.175370
173000	0.079616
173050	-0.102831
173100	0.125156
173150	-0.056952
173200	0.010861
173250	-0.047752
173300	0.103368
173350	-0.071350
173400	0.034487
173450	-0.080886
173500	0.044359
173550	-0.201311
173600	0.059058
173650	0.032347
173700	-0.021853
173750	0.046674
173800	0.049043
173850	0.338982
173900	0.027908
173950	-0.012061
174000	-0.037202
174050	-0.125070
174100	-0.092499
174150	0.106868
174200	0.069372
174250	0.104028
174300	0.033642
174350	0.200914
174400	0.036443
174450	-0.009542
174500	-0.021742
174550	-0.119366
174600	0.139381
174650	0.016313
174700	0.020048
174750	0.051285
174800	0.026024
174850	-0.228833
174900	0.160438
174950	0.047275
175000	-0.074631
175050	0.046318
175100	-0.135617
175150	-0.000088
175200	-0.181544
175250	-0.113513
175300	-0.011017
175350	0.066294
175400	0.067914
175450	0.304243
175500	-0.114586
175550	0.098350
175600	0.172298
175650	0.228194
175700	0.067693
175750	0.092796
175800	-0.093050
175850	0.061091
175900	-0.048749
175950	-0.075931
176000	-0.046486
176050	-0.103529
176100	-0.166812
176150	0.160203
176200	-0.012511
176250	-0.058225
176300	0.012977
176350	-0.059370
176400	0.124421
176450	0.053864
176500	-0.089953
176550	0.019096
176600	0.234290
176650	0.026131
176700	0.062028
176750	-0.105071
176800	-0.006037
176850	-0.040012
176900	-0.130061
176950	-0.253633
177000	0.105169
177050	-0.061800
177100	0.227280
177150	-0.139988
177200	0.028235
177250	-0.169107
177300	0.056575
177350	0.125481
177400	-0.025665
177450	0.041674
177500	-0.112720
177550	0.012101
177600	-0.103624
177650	-0.059889
177700	0.090099
177750	-0.120916
177800	0.090900
177850	0.031933
177900	0.059497
177950	0.034138
178000	-0.005095
178050	0.082882
178100	0.051667
178150	0.177758
178200	-0.167855
178250	-0.064180
178300	0.009050
178350	-0.117047
178400	0.050677
178450	-0.218870
178500	-0.053250
178550	-0.047891
178600	-0.090930
178650	-0.028235
178700	-0.082533
178750	0.190835
178800	-0.005839
178850	-0.052759
178900	-0.137508
178950	-0.081485
179000	0.038924
179050	-0.118425
179100	-0.059475
179150	0.102499
179200	-0.113360
179250	-0.016720
179300	-0.024905
179350	-0.021926
179400	-0.171006
179450	0.072907
179500	0.090148
179550	0.009401
179600	0.052124
179650	-0.196449
179700	0.147944
179750	0.012138
179800	-0.038583
179850	-0.085651
179900	-0.071676
179950	0.046193
180000	-0.149843
180050	0.053821
180100	0.051560
180150	0.126072
180200	0.147623
180250	0.246564
180300	-0.004025
180350	0.035511
180400	0.097481
180450	0.076752
180500	-0.203957
180550	0.058609
180600	-0.098404
180650	-0.076631
180700	0.083887
180750	0.032289
180800	-0.149054
180850	-0.118859
180900	0.181248
180950	0.021240
181000	0.003044
181050	-0.127216
181100	0.005354
181150	0.006330
181200	-0.028675
181250	-0.196318
181300	-0.084791
181350	-0.004373
181400	-0.275385
181450	-0.022106
181500	-0.004413
181550	-0.071001
181600	-0.221832
181650	-0.263140
181700	0.000443
181750	-0.003718
181800	0.130308
181850	0.072527
181900	-0.113739
181950	-0.231153
182000	-0.019793
182050	-0.012035
182100	-0.058568
182150	-0.177454
182200	-0.065309
182250	0.002348
182300	0.083142
182350	0.101997
182400	0.111102
182450	-0.097816
182500	0.075823
182550	0.007847
182600	-0.028046
182650	0.027844
182700	-0.029853
182750	0.088993
182800	0.207622
182850	-0.034290
182900	0.106274
182950	-0.027377
183000	-0.027119
183050	0.024956
183100	0.071849
183150	-0.046866
183200	-0.099052
183250	0.026284
183300	-0.074650
183350	-0.033820
183400	-0.092472
183450	-0.122645
183500	0.129915
183550	0.100627
183600	0.129990
183650	0.071857
183700	-0.192434
183750	-0.035806
183800	0.061636
183850	0.032284
183900	-0.069884
183950	0.082254
184000	-0.159197
184050	-0.065877
184100	-0.068005
184150	-0.111686
184200	0.030865
184250	0.134176
184300	-0.077089
184350	-0.000728
184400	0.082117
184450	-0.037167
184500	0.100851
184550	0.080545
184600	0.003677
184650	-0.012586
184700	0.104779
184750	-0.005756
184800	0.087890
184850	-0.175249
184900	-0.246621
184950	-0.046408
185000	0.080918
185050	-0.227620
185100	-0.186280
185150	-0.255473
185200	-0.056129
185250	-0.089136
185300	-0.020162
185350	0.072818
185400	0.029316
185450	-0.150901
185500	0.188790
185550	0.104257
185600	0.117631
185650	-0.063421
185700	0.042433
185750	0.030072
185800	0.078501
185850	-0.159495
185900	-0.062068
185950	-0.030011
186000	0.050885
186050	-0.018427
186100	0.068135
186150	0.199897
186200	-0.012956
186250	0.126358
186300	-0.051083
186350	-0.136106
186400	-0.297970
186450	-0.151946
186500	-0.017474
186550	-0.061992
186600	-0.186274
186650	-0.185391
186700	0.081264
186750	0.042610
186800	-0.047802
186850	0.043700
186900	-0.026777
186950	-0.084440
187000	-0.043164
187050	0.073020
187100	-0.103152
187150	0.017735
187200	0.119815
187250	0.013179
187300	0.068298
187350	-0.121809
187400	0.007535
187450	0.131004
187500	0.019534
187550	-0.098881
187600	-0.227899
187650	-0.026142
187700	0.055662
187750	0.090246
187800	0.042914
187850	0.017241
187900	0.076935
187950	-0.060592
188000	0.037000
188050	0.064249
188100	0.274040
188150	-0.038328
188200	-0.030233
188250	-0.043227
188300	0.167849
188350	-0.173015
188400	-0.043432
188450	0.097913
188500	0.167914
188550	-0.035194
188600	0.121488
188650	0.091671
188700	-0.124515
188750	0.049045
188800	0.087726
188850	-0.097612
188900	0.102117
188950	-0.138404
189000	0.018575
189050	-0.004647
189100	-0.021380
189150	-0.050484
189200	0.077241
189250	-0.026726
189300	0.096672
189350	-0.181789
189400	-0.103439
189450	0.015002
189500	-0.048896
189550	-0.060096
189600	-0.086717
189650	0.176906
189700	0.045841
189750	-0.002700
189800	-0.007241
189850	-0.123768
189900	0.013457
189950	-0.113846
190000	-0.134380
190050	0.110070
190100	-0.019227
190150	-0.001032
190200	0.142493
190250	-0.098730
190300	-0.103071
190350	-0.161760
190400	0.108980
190450	0.061963
190500	-0.089827
190550	0.070047
190600	0.097374
190650	-0.000872
190700	0.296582
190750	0.117820
190800	0.066759
190850	0.003911
190900	0.114684
190950	0.020546
191000	0.177299
191050	-0.050301
191100	-0.014569
191150	0.288541
191200	0.093880
191250	-0.190759
191300	-0.147706
191350	0.008713
191400	0.157829
191450	-0.106932
191500	-0.086595
191550	0.105969
191600	0.015097
191650	0.087726
191700	0.101550
191750	0.241324
191800	0.203796
191850	-0.038301
191900	0.081114
191950	-0.036580
192000	0.048077
192050	-0.018708
192100	-0.170618
192150	0.119394
192200	-0.100200
192250	-0.008476
192300	-0.070205
192350	-0.161255
192400	-0.104749
192450	0.194289
192500	-0.069322
192550	-0.124685
192600	-0.181410
192650	-0.030960
192700	-0.234348
192750	0.050799
192800	0.111229
192850	0.004540
192900	0.044315
192950	0.120013
193000	0.072645
193050	0.053545
193100	-0.052686
193150	-0.048657
193200	-0.131894
193250	0.041573
193300	-0.036346
193350	-0.022855
193400	-0.039306
193450	0.075055
193500	0.198108
193550	0.189884
193600	0.000101
193650	0.181617
193700	0.033652
193750	0.077345
193800	-0.028535
193850	0.189081
193900	-0.013422
193950	0.037593
194000	0.014856
194050	-0.044793
194100	0.039658
194150	0.015739
194200	0.236698
194250	0.068975
194300	-0.030598
194350	0.060350
194400	0.019380
194450	-0.097331
194500	-0.064655
194550	0.116541
194600	0.067588
194650	0.066083
194700	-0.091801
194750	-0.068026
194800	-0.238798
194850	-0.091958
194900	-0.172277
194950	0.146020
195000	-0.230829
195050	0.118018
195100	0.138704
195150	-0.109955
195200	0.126903
195250	0.027845
195300	0.036412
195350	0.064825
195400	-0.022262
195450	0.197194
195500	0.010087
195550	0.135417
195600	0.192057
195650	0.097486
195700	0.052092
195750	-0.094310
195800	0.025033
195850	0.014560
195900	-0.032484
195950	0.288401
196000	0.083226
196050	0.082972
196100	-0.060781
196150	-0.149517
196200	0.030305
196250	-0.151272
196300	0.034685
196350	0.175021
196400	-0.022581
196450	0.050481
196500	0.085009
196550	0.111038
196600	0.214095
196650	0.053781
196700	0.073383
196750	0.140388
196800	0.070454
196850	0.148472
196900	0.113848
196950	-0.247447
197000	-0.198015
197050	-0.119331
197100	-0.081841
197150	0.012824
197200	0.015242
197250	0.126562
197300	-0.090327
197350	0.136151
197400	-0.023837
197450	-0.036405
197500	-0.116414
197550	0.062155
197600	0.006775
197650	-0.070517
197700	-0.030708
197750	-0.004805
197800	-0.189401
197850	0.041407
197900	0.091228
197950	-0.071144
198000	0.018693
198050	-0.007241
198100	0.037309
198150	0.152216
198200	-0.056876
198250	0.099339
198300	0.142742
198350	-0.155085
198400	0.077323
198450	-0.039851
198500	0.017167
198550	-0.057728
198600	0.053348
198650	-0.059971
198700	0.036201
198750	-0.031727
198800	-0.009336
198850	-0.062804
198900	0.015589
198950	-0.085218
199000	-0.027587
199050	0.058249
199100	-0.024981
199150	-0.069100
199200	0.038117
199250	0.056461
199300	-0.058118
199350	0.165677
199400	-0.138627
199450	0.004925
199500	0.082026
199550	-0.126708
199600	-0.015542
199650	0.022658
199700	-0.085455
199750	0.172322
199800	-0.035076
199850	0.042541
199900	-0.163643
199950	-0.155153
