0	36.877191
50	2.245719
100	0.400076
150	0.356505
200	0.136778
250	0.227713
300	0.326295
350	0.037233
400	0.117930
450	0.019031
500	0.223223
550	0.280815
600	0.138205
650	0.161889
700	0.251175
750	-0.032821
800	0.186493
850	0.042792
900	-0.002543
950	0.203656
1000	0.155837
1050	-0.002195
1100	0.022343
1150	0.350564
1200	-0.156818
1250	-0.014120
1300	0.022983
1350	-0.047805
1400	0.014564
1450	0.045408
1500	0.041166
1550	-0.010095
1600	-0.051259
1650	-0.082010
1700	-0.039065
1750	-0.144639
1800	-0.101290
1850	-0.022025
1900	-0.010812
1950	0.001758
2000	-0.058204
2050	0.102542
2100	0.115282
2150	0.003889
2200	-0.063894
2250	0.144154
2300	-0.054609
2350	-0.135340
2400	0.270307
2450	-0.138612
2500	-0.125300
2550	0.287983
2600	0.049030
2650	-0.032867
2700	0.048384
2750	-0.027019
2800	0.058140
2850	-0.051535
2900	0.089061
2950	-0.102868
3000	-0.046018
3050	-0.126533
3100	0.092602
3150	-0.341928
3200	0.082905
3250	-0.074205
3300	-0.037891
3350	-0.065879
3400	0.227324
3450	0.117806
3500	0.034147
3550	-0.057591
3600	0.030244
3650	-0.117501
3700	0.200751
3750	-0.150201
3800	-0.027835
3850	0.082079
3900	0.163223
3950	0.012785
4000	-0.112088
4050	0.025976
4100	0.062472
4150	-0.054869
4200	-0.131179
4250	-0.066832
4300	0.124513
4350	0.260839
4400	-0.038466
4450	-0.052571
4500	0.197548
4550	0.080583
4600	0.004836
4650	0.080454
4700	-0.005743
4750	0.028786
4800	-0.104883
4850	-0.099548
4900	-0.024131
4950	0.061168
5000	0.070088
5050	0.188495
5100	-0.048742
5150	0.113979
5200	-0.036521
5250	0.001328
5300	0.244417
5350	-0.030887
5400	0.004903
5450	0.119096
5500	0.112073
5550	0.033633
5600	0.046045
5650	-0.175757
5700	0.018432
5750	0.059450
5800	-0.122562
5850	0.041883
5900	0.170459
5950	-0.235727
6000	-0.146275
6050	-0.032647
6100	-0.050300
6150	-0.088039
6200	-0.043669
6250	-0.014671
6300	0.119132
6350	-0.092249
6400	0.014446
6450	0.045838
6500	-0.162300
6550	0.021773
6600	0.112194
6650	-0.031350
6700	0.120610
6750	-0.066329
6800	-0.127481
6850	-0.070807
6900	0.020643
6950	-0.092510
7000	-0.017497
7050	0.085625
7100	0.115318
7150	-0.111199
7200	0.043710
7250	-0.166997
7300	0.173757
7350	0.065781
7400	0.057661
7450	-0.071451
7500	0.024074
7550	0.031383
7600	-0.108658
7650	-0.127327
7700	-0.065501
7750	-0.079079
7800	-0.132237
7850	-0.068608
7900	0.029218
7950	-0.007239
8000	0.144848
8050	0.047219
8100	0.043761
8150	0.083565
8200	-0.125219
8250	-0.036876
8300	0.145381
8350	0.158963
8400	-0.149594
8450	0.186596
8500	0.118331
8550	0.027618
8600	0.005547
8650	0.131421
8700	0.026076
8750	0.141503
8800	0.144323
8850	-0.045954
8900	0.078163
8950	-0.108440
9000	-0.057822
9050	-0.105515
9100	0.005456
9150	-0.092229
9200	-0.124680
9250	-0.012926
9300	-0.034854
9350	-0.090321
9400	-0.064223
9450	0.213969
9500	0.286391
9550	-0.115896
9600	0.128284
9650	0.074522
9700	0.026798
9750	-0.019883
9800	0.066116
9850	0.001198
9900	0.028926
9950	-0.035253
10000	0.077948
10050	0.006447
10100	0.025030
10150	-0.081618
10200	-0.135117
10250	-0.004609
10300	0.020997
10350	0.093018
10400	0.198394
10450	-0.164774
10500	-0.050818
10550	-0.107368
10600	0.109066
10650	0.146205
10700	0.102426
10750	0.143617
10800	-0.000991
10850	0.235700
10900	-0.054958
10950	0.156071
11000	0.002187
11050	0.060995
11100	0.123584
11150	-0.021720
11200	-0.094631
11250	-0.041596
11300	-0.130535
11350	-0.124009
11400	-0.137922
11450	-0.047006
11500	-0.033056
11550	0.009170
11600	-0.079139
11650	0.072509
11700	0.094494
11750	-0.072466
11800	0.127424
11850	0.009723
11900	-0.036023
11950	0.018879
12000	0.066441
12050	0.192746
12100	0.012646
12150	0.106098
12200	0.092197
12250	0.160282
12300	0.021247
12350	-0.023431
12400	-0.114717
12450	-0.043469
12500	-0.041042
12550	0.045551
12600	-0.148504
12650	-0.044078
12700	-0.023374
12750	0.065283
12800	-0.157317
12850	0.100930
12900	0.072602
12950	0.063881
13000	0.112736
13050	0.032344
13100	-0.183561
13150	-0.141887
13200	-0.039295
13250	0.019386
13300	0.102577
13350	-0.083912
13400	-0.077266
13450	-0.100189
13500	-0.073491
13550	-0.052283
13600	0.081473
13650	0.123391
13700	-0.183458
13750	0.208298
13800	-0.053524
13850	0.022762
13900	-0.124267
13950	-0.166427
14000	0.066040
14050	0.057565
14100	-0.064778
14150	0.054876
14200	-0.053429
14250	0.026997
14300	-0.001392
14350	0.031629
14400	-0.049327
14450	0.019234
14500	0.039720
14550	0.153374
14600	0.070802
14650	0.085706
14700	0.038728
14750	-0.095088
14800	0.041415
14850	-0.094628
14900	-0.115131
14950	-0.073806
15000	-0.146477
15050	0.108091
15100	-0.014289
15150	-0.129393
15200	-0.116379
15250	0.090262
15300	-0.015568
15350	0.012447
15400	0.038449
15450	0.029866
15500	0.055795
15550	0.153309
15600	-0.016295
15650	0.133055
15700	0.060326
15750	-0.017812
15800	0.020839
15850	0.073152
15900	-0.017750
15950	-0.069621
16000	-0.131493
16050	-0.127870
16100	-0.000110
16150	-0.013837
16200	0.041284
16250	-0.047278
16300	0.080840
16350	0.065582
16400	-0.141352
16450	0.039659
16500	-0.008627
16550	-0.041994
16600	-0.057959
16650	0.116004
16700	0.115096
16750	0.266450
16800	-0.073100
16850	0.086143
16900	0.002329
16950	-0.113872
17000	-0.005322
17050	0.038699
17100	0.258135
17150	-0.145388
17200	-0.092844
17250	0.078795
17300	0.062818
17350	-0.052629
17400	0.075352
17450	-0.109831
17500	-0.206355
17550	-0.145323
17600	0.005827
17650	-0.013754
17700	-0.050281
17750	-0.054362
17800	-0.058200
17850	-0.064803
17900	-0.068996
17950	-0.062239
18000	-0.085952
18050	0.027586
18100	-0.110437
18150	0.028600
18200	-0.032117
18250	0.099836
18300	-0.005153
18350	0.168148
18400	0.198498
18450	-0.054837
18500	-0.137140
18550	-0.070976
18600	-0.089839
18650	-0.044336
18700	-0.004765
18750	-0.040806
18800	-0.101857
18850	-0.099106
18900	0.230432
18950	0.073422
19000	0.018314
19050	0.284209
19100	0.264311
19150	-0.029541
19200	0.224664
19250	0.102852
19300	0.031472
19350	0.102522
19400	-0.010368
19450	0.045485
19500	-0.156373
19550	-0.033332
19600	0.010212
19650	0.012438
19700	-0.035384
19750	0.176178
19800	0.028960
19850	0.058602
19900	0.093752
19950	-0.074979
20000	-0.067757
20050	-0.102468
20100	0.071917
20150	-0.090569
20200	0.068819
20250	0.043555
20300	0.038779
20350	0.179435
20400	-0.104524
20450	0.009738
20500	-0.283765
20550	-0.211420
20600	-0.037638
20650	-0.089088
20700	-0.076069
20750	0.000208
20800	0.060357
20850	0.072017
20900	-0.114672
20950	-0.071613
21000	0.089493
21050	-0.126992
21100	-0.002788
21150	-0.272607
21200	-0.078255
21250	-0.200379
21300	-0.012355
21350	0.046383
21400	-0.111700
21450	0.211277
21500	0.043699
21550	-0.241258
21600	0.043050
21650	-0.000157
21700	-0.125156
21750	0.026156
21800	-0.087755
21850	0.071815
21900	-0.043530
21950	0.068841
22000	-0.113134
22050	-0.077776
22100	0.068315
22150	0.168701
22200	0.076241
22250	-0.136882
22300	-0.085417
22350	-0.055468
22400	0.086522
22450	0.178006
22500	-0.042231
22550	-0.039103
22600	0.061504
22650	0.220003
22700	0.169394
22750	0.005999
22800	0.089246
22850	-0.067142
22900	-0.045656
22950	-0.023204
23000	0.082641
23050	0.020722
23100	-0.170227
23150	0.131939
23200	0.004010
23250	0.134332
23300	-0.088948
23350	-0.049720
23400	0.034471
23450	0.003099
23500	-0.346578
23550	-0.051263
23600	0.174916
23650	0.021772
23700	-0.006768
23750	0.100933
23800	-0.090660
23850	0.106502
23900	-0.242265
23950	-0.044482
24000	-0.050802
24050	0.028939
24100	-0.069055
24150	0.045915
24200	-0.057882
24250	0.012303
24300	0.118150
24350	-0.056042
24400	0.087470
24450	-0.072710
24500	0.036918
24550	-0.123618
24600	-0.068903
24650	-0.012206
24700	0.042097
24750	-0.146974
24800	-0.067610
24850	-0.306636
24900	-0.162593
24950	-0.091696
25000	-0.070035
25050	0.133465
25100	-0.056465
25150	0.083576
25200	-0.058759
25250	0.096239
25300	0.047875
25350	-0.058608
25400	0.064101
25450	0.019275
25500	0.078384
25550	0.026313
25600	-0.129774
25650	0.091165
25700	-0.053649
25750	-0.030362
25800	-0.197170
25850	0.018465
25900	0.084600
25950	0.013185
26000	0.204341
26050	0.069383
26100	-0.084787
26150	-0.074306
26200	-0.097927
26250	0.188489
26300	0.091042
26350	-0.060955
26400	-0.133945
26450	-0.081068
26500	0.024667
26550	0.188075
26600	-0.008332
26650	-0.118390
26700	-0.152144
26750	0.060378
26800	0.051881
26850	-0.274218
26900	0.032566
26950	-0.134393
27000	0.041696
27050	-0.112403
27100	-0.042139
27150	0.122400
27200	0.065168
27250	0.016710
27300	-0.031279
27350	0.019345
27400	-0.190634
27450	-0.087513
27500	-0.064700
27550	-0.028613
27600	-0.063134
27650	-0.079873
27700	0.014215
27750	-0.223493
27800	-0.057390
27850	0.105207
27900	-0.014943
27950	0.059621
28000	0.002397
28050	0.042884
28100	0.060841
28150	-0.082456
28200	0.223629
28250	0.188586
28300	-0.039712
28350	0.082786
28400	-0.223462
28450	-0.178750
28500	-0.182564
28550	-0.105122
28600	-0.090497
28650	0.022105
28700	0.278006
28750	0.151770
28800	0.131496
28850	-0.118964
28900	0.105097
28950	0.096462
29000	0.060839
29050	-0.049681
29100	-0.147972
29150	-0.017565
29200	-0.146626
29250	-0.304132
29300	-0.140171
29350	-0.078082
29400	-0.018821
29450	0.059922
29500	-0.014818
29550	0.223560
29600	-0.055746
29650	-0.172505
29700	-0.161248
29750	0.070507
29800	0.057387
29850	-0.169688
29900	-0.080708
29950	-0.098945
30000	-0.133012
30050	-0.141113
30100	0.026194
30150	-0.043081
30200	0.012162
30250	0.135503
30300	-0.171832
30350	0.061374
30400	0.035966
30450	0.059156
30500	0.023569
30550	-0.047229
30600	0.035679
30650	0.008497
30700	0.018833
30750	-0.106554
30800	-0.011311
30850	-0.049199
30900	0.006219
30950	-0.026468
31000	0.110954
31050	-0.012442
31100	-0.070829
31150	-0.056573
31200	-0.047320
31250	-0.022831
31300	0.071499
31350	-0.000406
31400	0.010677
31450	0.001956
31500	-0.099838
31550	0.011835
31600	-0.058113
31650	-0.064415
31700	-0.055995
31750	0.146812
31800	-0.000383
31850	-0.094545
31900	-0.045470
31950	-0.037280
32000	0.133460
32050	0.133993
32100	-0.148121
32150	0.046968
32200	-0.155210
32250	-0.188417
32300	0.145784
32350	0.007458
32400	-0.157700
32450	-0.019391
32500	-0.104913
32550	0.163102
32600	0.191367
32650	0.132116
32700	0.054069
32750	0.219164
32800	-0.085262
32850	-0.102285
32900	0.075508
32950	0.081445
33000	0.184828
33050	-0.000132
33100	0.030526
33150	-0.041139
33200	0.027434
33250	0.070475
33300	-0.024572
33350	-0.073563
33400	0.032536
33450	0.137217
33500	-0.071202
33550	0.217991
33600	-0.010966
33650	-0.024536
33700	-0.103577
33750	0.004088
33800	-0.068959
33850	0.056806
33900	0.024482
33950	0.146409
34000	-0.036176
34050	0.221759
34100	0.030104
34150	0.173153
34200	0.041466
34250	0.060552
34300	-0.112525
34350	-0.061361
34400	0.029252
34450	-0.009672
34500	-0.181242
34550	0.092903
34600	0.142150
34650	0.149715
34700	0.226912
34750	-0.102084
34800	-0.182211
34850	-0.091114
34900	0.024467
34950	-0.147375
35000	0.025086
35050	-0.125191
35100	-0.063989
35150	0.044827
35200	-0.028832
35250	0.108755
35300	0.012506
35350	-0.189483
35400	-0.013330
35450	0.043968
35500	-0.054886
35550	-0.043949
35600	-0.043767
35650	0.243286
35700	0.083615
35750	0.080820
35800	-0.174194
35850	0.100990
35900	0.130306
35950	0.012831
36000	-0.099254
36050	-0.159233
36100	0.134345
36150	0.064843
36200	0.133126
36250	0.142881
36300	0.085618
36350	0.100003
36400	-0.047239
36450	0.133031
36500	-0.035823
36550	-0.076409
36600	-0.063686
36650	-0.038965
36700	-0.072593
36750	-0.001228
36800	-0.108767
36850	0.075955
36900	0.025973
36950	-0.062717
37000	0.042607
37050	-0.291458
37100	-0.218760
37150	-0.034549
37200	-0.026083
37250	-0.152794
37300	0.018956
37350	-0.114318
37400	-0.014726
37450	-0.031541
37500	0.048503
37550	-0.033702
37600	0.110978
37650	-0.058665
37700	-0.206486
37750	-0.149483
37800	0.105852
37850	0.100649
37900	-0.016030
37950	0.016832
38000	-0.163537
38050	-0.058095
38100	0.024428
38150	-0.183965
38200	0.106184
38250	0.014731
38300	-0.054819
38350	0.115484
38400	0.132678
38450	-0.130618
38500	-0.082531
38550	-0.093378
38600	-0.242892
38650	-0.045872
38700	0.070087
38750	0.007414
38800	-0.210308
38850	-0.006853
38900	0.125535
38950	-0.015671
39000	-0.134672
39050	-0.024252
39100	-0.172472
39150	-0.032233
39200	-0.025362
39250	0.069836
39300	0.011475
39350	0.073076
39400	0.108555
39450	0.242937
39500	-0.232915
39550	-0.078460
39600	0.103371
39650	0.036417
39700	0.014731
39750	0.080923
39800	-0.049549
39850	0.075544
39900	-0.089235
39950	-0.070956
40000	0.023543
40050	-0.098042
40100	-0.132093
40150	0.007011
40200	-0.102120
40250	-0.188555
40300	-0.047976
40350	0.035903
40400	-0.002093
40450	0.203658
40500	0.142844
40550	0.203451
40600	0.081622
40650	-0.089118
40700	0.032541
40750	-0.101668
40800	-0.078817
40850	0.022248
40900	-0.016867
40950	-0.009752
41000	-0.056286
41050	-0.114770
41100	0.151700
41150	-0.018395
41200	0.222308
41250	0.171719
41300	0.089462
41350	-0.031089
41400	-0.004491
41450	0.000701
41500	0.055057
41550	-0.059431
41600	0.133299
41650	-0.117751
41700	0.098622
41750	0.067410
41800	-0.113492
41850	0.173278
41900	0.136786
41950	0.052928
42000	0.014989
42050	0.090825
42100	0.112271
42150	0.075771
42200	0.028562
42250	-0.167679
42300	0.038684
42350	-0.043564
42400	0.040738
42450	0.017121
42500	-0.122987
42550	0.034843
42600	-0.032801
42650	-0.330691
42700	-0.073089
42750	-0.081034
42800	-0.098978
42850	0.045492
42900	0.027886
42950	0.014463
43000	0.017858
43050	0.128984
43100	0.050379
43150	-0.066153
43200	0.029441
43250	-0.090285
43300	-0.236075
43350	0.065614
43400	0.026138
43450	-0.089772
43500	0.026904
43550	0.053647
43600	0.053726
43650	0.035076
43700	-0.240606
43750	0.026427
43800	-0.069274
43850	-0.122620
43900	-0.120135
43950	0.081794
44000	0.067510
44050	0.082944
44100	0.015214
44150	-0.125120
44200	0.145333
44250	0.206496
44300	-0.007749
44350	0.078198
44400	0.071668
44450	0.152798
44500	-0.089532
44550	-0.057931
44600	-0.010239
44650	0.159377
44700	-0.125127
44750	0.078731
44800	0.028349
44850	-0.038629
44900	-0.159827
44950	0.012045
45000	-0.076124
45050	0.057237
45100	0.106362
45150	0.076261
45200	0.104429
45250	-0.101451
45300	-0.030569
45350	0.103009
45400	-0.025447
45450	-0.077643
45500	-0.041230
45550	-0.178225
45600	0.079759
45650	0.008329
45700	0.062146
45750	0.007072
45800	-0.111253
45850	0.156758
45900	0.118364
45950	-0.001406
46000	0.166596
46050	-0.026516
46100	-0.040200
46150	-0.005675
46200	-0.196594
46250	-0.030802
46300	-0.251363
46350	-0.030372
46400	0.049671
46450	0.104481
46500	0.009367
46550	-0.423780
46600	-0.046669
46650	-0.089687
46700	-0.064972
46750	-0.120752
46800	-0.069224
46850	0.219325
46900	0.019795
46950	0.009680
47000	0.025355
47050	0.043176
47100	0.069514
47150	-0.174504
47200	-0.299176
47250	0.070557
47300	0.063963
47350	0.085774
47400	0.031772
47450	-0.054774
47500	-0.049713
47550	-0.036810
47600	0.162612
47650	-0.016380
47700	0.029968
47750	-0.138867
47800	-0.035866
47850	-0.160268
47900	-0.015221
47950	-0.198209
48000	-0.039325
48050	-0.113559
48100	-0.153677
48150	-0.030713
48200	-0.113568
48250	-0.013441
48300	-0.205278
48350	-0.234939
48400	-0.090561
48450	-0.066405
48500	-0.104457
48550	-0.029944
48600	-0.141950
48650	0.078515
48700	0.047044
48750	0.013315
48800	0.089881
48850	-0.000632
48900	-0.006683
48950	0.000826
49000	-0.028029
49050	0.031803
49100	-0.130080
49150	-0.188866
49200	-0.229989
49250	0.000974
49300	-0.003753
49350	0.006784
49400	0.060553
49450	0.097000
49500	-0.140759
49550	0.082151
49600	-0.196136
49650	0.148464
49700	0.013706
49750	-0.119657
49800	-0.052672
49850	0.024778
49900	-0.098898
49950	-0.009709
50000	-0.130977
50050	0.008542
50100	0.033324
50150	-0.053455
50200	-0.036100
50250	0.059575
50300	0.045534
50350	0.016635
50400	0.038571
50450	-0.171940
50500	0.040449
50550	-0.080714
50600	-0.086503
50650	-0.168104
50700	-0.015050
50750	-0.163563
50800	0.094494
50850	0.091958
50900	-0.112780
50950	0.189155
51000	0.043796
51050	-0.008770
51100	-0.024088
51150	-0.148127
51200	0.074679
51250	-0.058586
51300	-0.197760
51350	-0.017157
51400	0.124066
51450	-0.250314
51500	-0.108150
51550	-0.097658
51600	0.250447
51650	-0.018322
51700	-0.159486
51750	-0.092758
51800	0.027121
51850	-0.191719
51900	0.180225
51950	0.006700
52000	-0.040800
52050	-0.034446
52100	0.071142
52150	0.071007
52200	-0.035871
52250	0.040493
52300	-0.062416
52350	0.170629
52400	0.282030
52450	0.095070
52500	0.044605
52550	0.036093
52600	-0.078921
52650	0.072575
52700	-0.086130
52750	-0.081131
52800	0.040641
52850	-0.100975
52900	0.136110
52950	0.147901
53000	0.031400
53050	-0.042247
53100	0.145189
53150	-0.171591
53200	0.074406
53250	-0.132311
53300	0.019745
53350	-0.049352
53400	-0.017562
53450	-0.228305
53500	0.088325
53550	-0.138036
53600	0.022024
53650	0.075087
53700	0.044947
53750	-0.113773
53800	0.104799
53850	0.001009
53900	0.136786
53950	0.162125
54000	-0.176597
54050	0.085286
54100	-0.163569
54150	-0.002019
54200	0.208002
54250	0.058559
54300	-0.038872
54350	-0.147510
54400	-0.009804
54450	0.071223
54500	-0.137278
54550	0.087066
54600	0.110181
54650	0.052304
54700	0.119611
54750	0.112585
54800	-0.111425
54850	0.075484
54900	0.064528
54950	0.226686
55000	-0.023417
55050	0.197279
55100	0.185221
55150	-0.024290
55200	0.026233
55250	0.207332
55300	-0.052904
55350	0.174252
55400	0.010300
55450	0.133710
55500	-0.137512
55550	0.012535
55600	0.072365
55650	-0.082345
55700	0.155805
55750	-0.033752
55800	0.115056
55850	-0.048150
55900	0.178041
55950	0.077885
56000	-0.033086
56050	0.002032
56100	-0.111974
56150	0.068279
56200	0.004910
56250	-0.006120
56300	0.259962
56350	0.139280
56400	0.033697
56450	-0.034264
56500	0.095246
56550	0.217533
56600	0.110072
56650	0.134718
56700	0.165496
56750	0.098061
56800	-0.053791
56850	-0.165347
56900	-0.147320
56950	-0.025236
57000	-0.086694
57050	-0.038204
57100	-0.064041
57150	-0.054003
57200	0.129253
57250	0.056054
57300	0.215779
57350	0.047913
57400	-0.014430
57450	0.042702
57500	-0.044644
57550	-0.184525
57600	0.153242
57650	-0.005798
57700	-0.014920
57750	-0.151813
57800	0.087715
57850	-0.196782
57900	0.207859
57950	-0.093210
58000	0.054985
58050	-0.016811
58100	0.025679
58150	-0.059308
58200	0.092349
58250	0.078992
58300	0.079373
58350	0.085875
58400	0.045458
58450	-0.128335
58500	0.106359
58550	0.025893
58600	-0.203790
58650	-0.192765
58700	0.029583
58750	0.071566
58800	0.098619
58850	-0.012371
58900	0.177752
58950	0.029571
59000	-0.002599
59050	0.093083
59100	-0.076347
59150	-0.078260
59200	-0.150040
59250	-0.113267
59300	0.077398
59350	0.024561
59400	-0.165696
59450	-0.071862
59500	0.064229
59550	0.068907
59600	0.108905
59650	-0.068686
59700	0.122823
59750	0.030419
59800	-0.095923
59850	0.105172
59900	-0.044769
59950	0.046866
60000	0.058257
60050	0.128135
60100	-0.139143
60150	-0.102401
60200	0.042071
60250	-0.158117
60300	-0.085140
60350	0.034501
60400	-0.099439
60450	-0.010988
60500	-0.029826
60550	0.158120
60600	0.115927
60650	0.042137
60700	-0.028841
60750	0.020061
60800	0.072279
60850	0.331260
60900	0.083751
60950	-0.115736
61000	-0.131345
61050	-0.003560
61100	0.049253
61150	0.086607
61200	0.113079
61250	0.023744
61300	0.009235
61350	0.068786
61400	-0.005533
61450	-0.013706
61500	-0.051954
61550	-0.098064
61600	-0.011053
61650	-0.088078
61700	0.133147
61750	0.131177
61800	0.234354
61850	-0.058331
61900	0.130490
61950	0.003082
62000	-0.050051
62050	-0.087106
62100	0.011840
62150	-0.003115
62200	-0.012403
62250	-0.065931
62300	0.054360
62350	0.018860
62400	-0.026570
62450	0.027129
62500	-0.005471
62550	0.089796
62600	-0.110387
62650	-0.016423
62700	0.150009
62750	0.022325
62800	-0.041020
62850	-0.022725
62900	0.100381
62950	0.029304
63000	-0.044035
63050	-0.111388
63100	-0.132388
63150	0.015055
63200	-0.030883
63250	-0.000849
63300	0.025290
63350	-0.171886
63400	-0.106265
63450	-0.001030
63500	-0.086398
63550	-0.008485
63600	-0.007804
63650	-0.033971
63700	0.059994
63750	-0.080995
63800	-0.155812
63850	-0.079460
63900	-0.021191
63950	-0.092216
64000	-0.028340
64050	-0.174224
64100	-0.003693
64150	-0.141191
64200	-0.052419
64250	0.137377
64300	-0.020234
64350	-0.213360
64400	-0.002046
64450	-0.118520
64500	-0.050088
64550	-0.131881
64600	-0.149329
64650	0.049671
64700	-0.118028
64750	-0.044241
64800	-0.065907
64850	-0.075417
64900	0.130056
64950	0.324518
65000	0.259807
65050	-0.053985
65100	0.095334
65150	-0.077445
65200	-0.129398
65250	0.068419
65300	0.165162
65350	0.032434
65400	0.148664
65450	-0.245923
65500	-0.150389
65550	0.030633
65600	0.021621
65650	0.089040
65700	-0.215713
65750	-0.164853
65800	0.123434
65850	0.201115
65900	0.120751
65950	-0.039167
66000	-0.087609
66050	0.032123
66100	0.082212
66150	0.067709
66200	-0.122984
66250	0.060638
66300	-0.269757
66350	-0.008692
66400	0.120066
66450	0.016943
66500	-0.047910
66550	-0.214369
66600	-0.007269
66650	0.110848
66700	-0.111625
66750	0.000256
66800	-0.181086
66850	-0.025254
66900	-0.056395
66950	0.252818
67000	-0.016445
67050	-0.052722
67100	0.088780
67150	0.244312
67200	-0.028157
67250	-0.048203
67300	-0.075418
67350	-0.029982
67400	0.003492
67450	-0.046700
67500	0.045295
67550	0.071874
67600	0.101138
67650	-0.165109
67700	0.205443
67750	0.057987
67800	-0.077971
67850	-0.091568
67900	-0.147668
67950	0.118899
68000	0.088562
68050	-0.034215
68100	0.015479
68150	-0.086197
68200	-0.133040
68250	0.028719
68300	-0.045999
68350	-0.038844
68400	0.092992
68450	0.033466
68500	-0.031458
68550	-0.021552
68600	-0.038998
68650	-0.011202
68700	-0.084967
68750	-0.128506
68800	0.079553
68850	-0.232868
68900	-0.030112
68950	-0.014202
69000	-0.150329
69050	0.030236
69100	0.037030
69150	0.057956
69200	-0.057618
69250	-0.045971
69300	0.057732
69350	0.035447
69400	0.278465
69450	0.144989
69500	0.006145
69550	-0.188405
69600	-0.090029
69650	-0.038203
69700	-0.136061
69750	-0.006661
69800	0.117611
69850	-0.024079
69900	0.270561
69950	0.008260
70000	-0.169408
70050	0.133070
70100	0.223752
70150	0.104190
70200	-0.001348
70250	-0.040975
70300	0.114199
70350	-0.072476
70400	0.023868
70450	-0.001386
70500	0.013144
70550	0.007447
70600	0.084912
70650	-0.103631
70700	0.033716
70750	-0.029594
70800	-0.056732
70850	0.070067
70900	0.014213
70950	0.073786
71000	-0.038594
71050	0.149427
71100	0.148221
71150	-0.104457
71200	0.020689
71250	-0.192555
71300	-0.024290
71350	0.092359
71400	0.097115
71450	0.029475
71500	-0.119892
71550	0.020467
71600	0.112905
71650	0.079541
71700	0.174011
71750	-0.121530
71800	-0.122834
71850	0.031387
71900	-0.036705
71950	-0.143404
72000	0.126060
72050	0.040896
72100	-0.048118
72150	0.072966
72200	0.116230
72250	-0.052247
72300	0.185974
72350	-0.017513
72400	-0.044450
72450	-0.032599
72500	0.011464
72550	-0.049860
72600	0.082384
72650	0.067529
72700	-0.037531
72750	0.156256
72800	-0.084461
72850	-0.039498
72900	0.025037
72950	-0.155501
73000	0.030208
73050	-0.003251
73100	-0.104877
73150	-0.125700
73200	-0.131010
73250	-0.110584
73300	0.130414
73350	-0.037636
73400	0.179883
73450	0.065991
73500	0.058605
73550	0.053696
73600	-0.121470
73650	-0.068843
73700	-0.053314
73750	0.047754
73800	0.153137
73850	0.034487
73900	-0.134223
73950	0.161231
74000	-0.105605
74050	0.112030
74100	-0.110305
74150	0.052012
74200	-0.313502
74250	-0.101487
74300	0.112837
74350	0.167594
74400	0.052942
74450	0.014263
74500	-0.029071
74550	-0.027415
74600	-0.045466
74650	-0.146704
74700	0.119148
74750	0.225973
74800	0.166504
74850	-0.020500
74900	-0.083496
74950	-0.103435
75000	0.074729
75050	0.071722
75100	0.066722
75150	-0.027696
75200	-0.010010
75250	0.002491
75300	-0.001969
75350	0.152177
75400	0.073122
75450	-0.021036
75500	0.048827
75550	-0.198164
75600	-0.003240
75650	0.063492
75700	-0.063596
75750	-0.140580
75800	-0.079621
75850	-0.042861
75900	0.133793
75950	-0.049673
76000	-0.149126
76050	-0.094755
76100	-0.069818
76150	-0.041454
76200	0.031333
76250	0.094626
76300	-0.255852
76350	-0.078642
76400	0.016288
76450	-0.019242
76500	-0.037916
76550	0.169741
76600	-0.121463
76650	0.055741
76700	-0.065583
76750	0.086250
76800	0.140002
76850	0.188343
76900	-0.164819
76950	-0.021076
77000	-0.185506
77050	-0.075476
77100	-0.156195
77150	-0.015079
77200	0.009968
77250	-0.128990
77300	-0.125535
77350	0.155475
77400	-0.152844
77450	-0.078734
77500	-0.177897
77550	0.145022
77600	0.163857
77650	0.161890
77700	0.052363
77750	-0.078601
77800	0.010642
77850	-0.041096
77900	0.153226
77950	-0.216077
78000	0.099871
78050	0.117456
78100	0.161497
78150	-0.015322
78200	-0.017661
78250	-0.199940
78300	-0.107490
78350	-0.008391
78400	-0.015912
78450	-0.110207
78500	0.211192
78550	-0.015658
78600	0.305926
78650	0.183777
78700	-0.044752
78750	-0.122361
78800	0.151162
78850	-0.079093
78900	-0.012384
78950	-0.034304
79000	0.029332
79050	-0.001428
79100	0.013144
79150	-0.011509
79200	-0.078374
79250	0.088461
79300	-0.008195
79350	0.047140
79400	0.030745
79450	-0.020620
79500	-0.079797
79550	-0.055523
79600	-0.154218
79650	-0.021623
79700	0.066978
79750	-0.037407
79800	0.060825
79850	0.002182
79900	0.030732
79950	-0.013042
80000	-0.116903
80050	-0.102101
80100	-0.128269
80150	-0.016985
80200	0.039417
80250	0.147669
80300	0.022147
80350	0.200885
80400	0.016287
80450	-0.041745
80500	0.082973
80550	-0.064695
80600	0.109096
80650	-0.157646
80700	-0.130928
80750	-0.102715
80800	-0.052395
80850	0.024375
80900	0.061971
80950	0.105056
81000	0.025055
81050	-0.229478
81100	0.026292
81150	-0.103643
81200	0.009710
81250	0.043736
81300	-0.078401
81350	0.052745
81400	-0.162771
81450	0.209740
81500	-0.260333
81550	-0.106686
81600	-0.058895
81650	0.066575
81700	-0.028560
81750	0.139637
81800	-0.149477
81850	0.063435
81900	0.044955
81950	-0.104589
82000	0.205800
82050	0.043017
82100	-0.051147
82150	0.284099
82200	-0.020337
82250	-0.140780
82300	0.076576
82350	0.067715
82400	0.069248
82450	0.028998
82500	-0.026855
82550	-0.118135
82600	-0.191632
82650	-0.089620
82700	-0.183016
82750	-0.259834
82800	-0.136976
82850	0.027689
82900	-0.107668
82950	0.106034
83000	-0.019586
83050	0.084147
83100	0.049516
83150	-0.030424
83200	-0.057638
83250	0.054531
83300	-0.088980
83350	-0.098669
83400	-0.094660
83450	0.016232
83500	0.013716
83550	-0.110783
83600	-0.146798
83650	0.035845
83700	0.016776
83750	-0.046705
83800	0.066486
83850	0.044282
83900	-0.100039
83950	0.070523
84000	-0.106543
84050	0.045028
84100	0.069784
84150	-0.098884
84200	0.183133
84250	0.029924
84300	0.042048
84350	0.178135
84400	-0.016375
84450	-0.099217
84500	0.115818
84550	-0.000679
84600	0.111312
84650	-0.023833
84700	0.297904
84750	0.169118
84800	0.245619
84850	0.177509
84900	-0.070986
84950	0.051036
85000	0.031969
85050	-0.061286
85100	-0.047469
85150	-0.190731
85200	0.037679
85250	0.098787
85300	0.134589
85350	-0.037644
85400	0.049657
85450	-0.030101
85500	0.005066
85550	0.005193
85600	-0.023935
85650	-0.005791
85700	0.126888
85750	-0.088320
85800	0.001627
85850	-0.014059
85900	-0.261059
85950	-0.075956
86000	-0.003861
86050	0.025303
86100	0.001837
86150	-0.170137
86200	-0.114668
86250	-0.044681
86300	-0.062212
86350	0.007831
86400	0.101412
86450	-0.028610
86500	-0.227099
86550	-0.081008
86600	-0.028708
86650	0.045671
86700	0.001466
86750	0.020072
86800	-0.089933
86850	0.290954
86900	0.145001
86950	-0.103893
87000	0.010972
87050	0.289915
87100	0.139969
87150	-0.041175
87200	0.045743
87250	-0.012107
87300	0.131187
87350	0.057594
87400	-0.000211
87450	0.132090
87500	0.124198
87550	-0.008434
87600	-0.125049
87650	0.239972
87700	-0.121533
87750	-0.012012
87800	0.058477
87850	0.138099
87900	-0.147287
87950	-0.087389
88000	0.036971
88050	0.136986
88100	0.168817
88150	-0.151245
88200	-0.077503
88250	-0.055302
88300	0.267050
88350	0.192171
88400	-0.010352
88450	0.173380
88500	0.024571
88550	-0.006590
88600	0.217736
88650	0.121165
88700	0.084947
88750	-0.146846
88800	0.144334
88850	-0.011407
88900	0.054545
88950	-0.106189
89000	0.209927
89050	-0.004847
89100	0.135258
89150	0.034361
89200	-0.060756
89250	0.196033
89300	-0.005449
89350	0.007443
89400	0.016980
89450	0.017069
89500	0.035165
89550	0.009815
89600	-0.082002
89650	0.101604
89700	-0.005670
89750	-0.106973
89800	0.008819
89850	-0.006981
89900	-0.028786
89950	0.076328
90000	-0.070771
90050	0.113709
90100	-0.085488
90150	0.225041
90200	0.119364
90250	0.032953
90300	-0.060520
90350	-0.016247
90400	-0.021242
90450	0.075498
90500	-0.055615
90550	0.056986
90600	-0.094027
90650	0.108757
90700	0.041077
90750	-0.071012
90800	-0.077770
90850	0.029947
90900	0.217917
90950	-0.069950
91000	-0.045596
91050	-0.001171
91100	-0.039406
91150	-0.031865
91200	0.071921
91250	0.024847
91300	0.171695
91350	0.088035
91400	0.118417
91450	-0.031182
91500	0.117061
91550	0.091374
91600	-0.024338
91650	-0.012091
91700	-0.010226
91750	0.117171
91800	0.086260
91850	0.043225
91900	0.077312
91950	0.070226
92000	0.063483
92050	0.028812
92100	0.011964
92150	0.113773
92200	0.088884
92250	-0.013816
92300	0.029775
92350	-0.138512
92400	0.120716
92450	-0.094294
92500	0.076069
92550	-0.057357
92600	-0.169401
92650	-0.106784
92700	-0.018444
92750	-0.073538
92800	0.080222
92850	0.082685
92900	-0.093025
92950	-0.009190
93000	-0.097938
93050	-0.156266
93100	-0.116959
93150	0.013683
93200	0.024735
93250	-0.137648
93300	0.113164
93350	-0.105069
93400	-0.074378
93450	-0.109903
93500	0.005004
93550	0.039141
93600	-0.122713
93650	-0.051604
93700	-0.142949
93750	-0.146942
93800	0.163678
93850	-0.091918
93900	0.102759
93950	-0.040615
94000	0.051834
94050	-0.006608
94100	0.067653
94150	-0.035842
94200	-0.041899
94250	-0.005038
94300	0.137826
94350	-0.043694
94400	0.112880
94450	-0.058675
94500	-0.012953
94550	-0.260376
94600	0.061646
94650	-0.022175
94700	-0.006849
94750	-0.046557
94800	-0.003914
94850	-0.070101
94900	0.162965
94950	0.200179
95000	-0.169171
95050	-0.153346
95100	0.051256
95150	0.004243
95200	0.122469
95250	0.109607
95300	-0.033225
95350	-0.043566
95400	0.001713
95450	0.122258
95500	-0.087814
95550	-0.216596
95600	-0.053946
95650	-0.295473
95700	-0.046974
95750	-0.013262
95800	0.051110
95850	-0.107398
95900	0.206318
95950	0.072023
96000	-0.113696
96050	0.021435
96100	0.234474
96150	-0.187622
96200	0.117252
96250	0.013295
96300	-0.035038
96350	0.155488
96400	0.211563
96450	-0.149897
96500	-0.076575
96550	-0.099753
96600	-0.134278
96650	-0.206903
96700	0.040581
96750	-0.124772
96800	-0.050242
96850	0.004858
96900	-0.026899
96950	0.107908
97000	0.161931
97050	-0.069201
97100	0.064469
97150	0.128820
97200	-0.038557
97250	0.033965
97300	0.027767
97350	0.100565
97400	0.055336
97450	-0.145091
97500	0.023563
97550	-0.118524
97600	-0.096104
97650	0.015582
97700	0.037286
97750	0.143110
97800	-0.059831
97850	0.104775
97900	-0.059735
97950	-0.052897
98000	-0.035398
98050	0.053992
98100	-0.019393
98150	-0.091885
98200	-0.158111
98250	-0.157055
98300	-0.160888
98350	-0.020431
98400	0.093789
98450	0.078629
98500	-0.085032
98550	-0.046466
98600	0.068683
98650	-0.102185
98700	0.009212
98750	-0.023652
98800	-0.046072
98850	-0.076788
98900	-0.054730
98950	-0.010044
99000	-0.154366
99050	-0.010260
99100	-0.026190
99150	-0.093653
99200	-0.019651
99250	0.234102
99300	0.080956
99350	0.023207
99400	0.034449
99450	0.073762
99500	0.374032
99550	-0.205559
99600	-0.115950
99650	-0.165262
99700	0.067802
99750	0.028622
99800	0.132857
99850	-0.043414
99900	-0.124201
99950	-0.117128
100000	0.162185
100050	0.090035
100100	0.030802
100150	-0.028152
100200	-0.204869
100250	-0.134236
100300	-0.091108
100350	-0.113304
100400	0.073408
100450	0.075429
100500	0.057893
100550	-0.109873
100600	-0.158231
100650	-0.125701
100700	-0.070383
100750	-0.120451
100800	0.119592
100850	-0.024157
100900	-0.053883
100950	-0.126432
101000	-0.137091
101050	0.081883
101100	0.028230
101150	-0.036201
101200	-0.210998
101250	-0.265802
101300	-0.317143
101350	0.029946
101400	-0.287789
101450	0.055058
101500	-0.002872
101550	-0.049080
101600	0.060451
101650	0.100621
101700	-0.066465
101750	-0.129648
101800	-0.038414
101850	0.046717
101900	-0.029042
101950	-0.004375
102000	-0.292959
102050	-0.006246
102100	-0.055113
102150	0.067155
102200	-0.182661
102250	0.054707
102300	-0.067197
102350	0.128808
102400	0.154656
102450	0.117853
102500	0.272200
102550	-0.105483
102600	-0.037953
102650	0.003880
102700	0.069615
102750	0.000615
102800	-0.145084
102850	-0.064866
102900	-0.045927
102950	-0.086735
103000	0.062201
103050	0.125218
103100	-0.046835
103150	-0.038537
103200	-0.038202
103250	-0.090743
103300	-0.154626
103350	-0.041496
103400	-0.027694
103450	0.056114
103500	-0.093805
103550	-0.066887
103600	0.191067
103650	0.024484
103700	0.062992
103750	-0.018416
103800	-0.025302
103850	-0.003831
103900	-0.019639
103950	-0.137703
104000	-0.001538
104050	0.005940
104100	-0.087579
104150	0.146964
104200	-0.128586
104250	0.015525
104300	0.074629
104350	-0.141903
104400	-0.147666
104450	-0.049352
104500	-0.008235
104550	-0.105535
104600	0.094264
104650	-0.102899
104700	-0.038795
104750	-0.147739
104800	-0.091578
104850	-0.206672
104900	0.024513
104950	-0.126640
105000	-0.023661
105050	-0.196030
105100	-0.036560
105150	0.043512
105200	-0.016898
105250	-0.116016
105300	0.032076
105350	0.050650
105400	0.045542
105450	-0.080126
105500	-0.022803
105550	0.132492
105600	0.280593
105650	-0.108785
105700	0.060388
105750	-0.071320
105800	0.004921
105850	-0.078666
105900	-0.059985
105950	-0.021964
106000	-0.023088
106050	-0.035843
106100	0.017580
106150	0.153561
106200	-0.021937
106250	-0.048554
106300	-0.185964
106350	-0.020799
106400	0.078284
106450	-0.116385
106500	-0.044570
106550	-0.011264
106600	0.081818
106650	-0.115481
106700	-0.020535
106750	0.021418
106800	0.025838
106850	0.022259
106900	0.129557
106950	-0.029863
107000	0.071859
107050	-0.247766
107100	-0.180928
107150	0.010775
107200	0.196205
107250	-0.033787
107300	-0.089850
107350	0.062557
107400	0.126216
107450	-0.007896
107500	0.029549
107550	0.162728
107600	0.146693
107650	0.287076
107700	0.104354
107750	-0.190370
107800	-0.191740
107850	-0.082685
107900	-0.139920
107950	-0.128548
108000	-0.015481
108050	-0.068255
108100	-0.025851
108150	-0.141694
108200	-0.154100
108250	-0.109795
108300	-0.033503
108350	0.187742
108400	-0.072621
108450	0.066986
108500	0.031066
108550	0.050638
108600	-0.048705
108650	-0.151210
108700	-0.010903
108750	-0.079459
108800	-0.023880
108850	0.016383
108900	-0.089068
108950	0.027114
109000	0.110573
109050	0.151968
109100	0.001402
109150	0.013916
109200	-0.064675
109250	-0.079049
109300	0.018022
109350	0.057218
109400	-0.037799
109450	-0.124289
109500	0.118187
109550	0.051965
109600	0.115462
109650	0.063296
109700	0.019444
109750	0.032795
109800	-0.062226
109850	0.097741
109900	0.082033
109950	0.135726
110000	-0.086269
110050	-0.096300
110100	0.183316
110150	-0.005492
110200	0.196125
110250	0.011214
110300	0.077049
110350	0.095073
110400	0.235627
110450	-0.073450
110500	0.174012
110550	0.174389
110600	0.176916
110650	0.022628
110700	-0.045523
110750	0.097902
110800	-0.008223
110850	0.056839
110900	-0.009301
110950	-0.016434
111000	-0.020471
111050	0.008288
111100	0.128747
111150	0.171636
111200	-0.020226
111250	0.002660
111300	-0.190283
111350	-0.038454
111400	-0.147310
111450	0.122937
111500	0.112464
111550	0.185271
111600	-0.034322
111650	-0.051281
111700	0.105133
111750	-0.013702
111800	-0.101310
111850	0.000668
111900	-0.016087
111950	0.071398
112000	0.058353
112050	0.042411
112100	-0.077199
112150	-0.091641
112200	-0.150881
112250	-0.055261
112300	0.012768
112350	-0.055754
112400	0.005122
112450	0.139580
112500	-0.017000
112550	-0.284745
112600	-0.131297
112650	-0.045516
112700	0.107618
112750	0.148303
112800	-0.088424
112850	0.098543
112900	-0.022462
112950	-0.101694
113000	-0.067760
113050	-0.012243
113100	-0.114840
113150	-0.043110
113200	-0.125879
113250	0.105030
113300	0.046204
113350	-0.030123
113400	0.068926
113450	-0.101855
113500	0.031132
113550	0.041006
113600	0.094511
113650	-0.034594
113700	0.165829
113750	-0.019513
113800	0.088903
113850	-0.052700
113900	0.041927
113950	-0.009771
114000	0.142148
114050	-0.057376
114100	-0.046547
114150	-0.160692
114200	0.105637
114250	-0.013319
114300	0.045290
114350	-0.035253
114400	0.085320
114450	-0.042145
114500	0.018476
114550	-0.056965
114600	-0.010445
114650	-0.071194
114700	-0.064909
114750	0.127675
114800	0.052595
114850	-0.040210
114900	-0.197578
114950	-0.151905
115000	-0.156412
115050	0.054310
115100	0.004604
115150	-0.040719
115200	-0.191207
115250	-0.069066
115300	-0.224653
115350	-0.147635
115400	0.009711
115450	-0.050675
115500	-0.019773
115550	0.051992
115600	0.107390
115650	0.179182
115700	0.024851
115750	0.260643
115800	0.045008
115850	-0.050325
115900	0.210541
115950	-0.125024
116000	0.003760
116050	-0.128584
116100	0.007396
116150	0.028073
116200	-0.063970
116250	0.068632
116300	-0.271144
116350	0.166722
116400	-0.144105
116450	-0.060345
116500	-0.120155
116550	-0.061143
116600	-0.045872
116650	0.007508
116700	-0.076069
116750	0.008815
116800	0.048861
116850	-0.056971
116900	0.018221
116950	-0.087160
117000	-0.094350
117050	-0.040693
117100	-0.080655
117150	0.138757
117200	-0.031725
117250	-0.007858
117300	0.001292
117350	0.166769
117400	0.030018
117450	0.029314
117500	-0.228724
117550	-0.127918
117600	-0.008118
117650	-0.104166
117700	-0.023769
117750	-0.005972
117800	-0.006574
117850	0.120388
117900	-0.060523
117950	0.072212
118000	-0.056789
118050	-0.083419
118100	0.052711
118150	0.054632
118200	-0.065450
118250	-0.072685
118300	-0.087893
118350	0.068279
118400	-0.075396
118450	-0.075701
118500	0.003774
118550	0.124121
118600	-0.184400
118650	0.170894
118700	0.111449
118750	0.010391
118800	-0.053661
118850	-0.026873
118900	0.000990
118950	0.063481
119000	-0.089496
119050	0.106549
119100	-0.006193
119150	-0.095249
119200	0.040183
119250	-0.144547
119300	-0.072024
119350	-0.048771
119400	0.222123
119450	0.046956
119500	-0.153537
119550	0.028853
119600	-0.117900
119650	0.005004
119700	0.180314
119750	0.016630
119800	-0.078875
119850	-0.166207
119900	0.121441
119950	-0.060642
120000	-0.163406
120050	-0.203551
120100	0.195212
120150	0.023806
120200	-0.228689
120250	0.054480
120300	-0.078960
120350	0.114947
120400	-0.056986
120450	-0.113455
120500	0.015050
120550	0.002116
120600	-0.069428
120650	0.009734
120700	0.102357
120750	0.095962
120800	0.046912
120850	-0.005868
120900	0.008158
120950	0.021624
121000	0.073551
121050	-0.069919
121100	-0.230281
121150	0.086552
121200	0.169045
121250	0.054262
121300	0.028535
121350	0.129876
121400	0.164407
121450	0.074223
121500	0.099460
121550	0.104180
121600	0.026026
121650	0.034352
121700	0.038617
121750	0.173466
121800	0.049262
121850	0.014479
121900	0.027871
121950	-0.099995
122000	0.079784
122050	-0.069879
122100	0.008687
122150	0.127449
122200	-0.062365
122250	-0.071036
122300	0.200536
122350	-0.066940
122400	0.172600
122450	0.281515
122500	0.117974
122550	0.056014
122600	0.167552
122650	-0.030947
122700	0.086977
122750	0.108655
122800	0.036553
122850	0.039370
122900	0.029714
122950	0.017101
123000	0.096393
123050	-0.055247
123100	-0.017088
123150	0.109532
123200	-0.015993
123250	-0.115554
123300	-0.064437
123350	-0.117529
123400	-0.138059
123450	0.055909
123500	-0.108051
123550	0.056548
123600	-0.123172
123650	-0.010134
123700	0.409187
123750	0.170112
123800	0.281398
123850	-0.184227
123900	0.097857
123950	-0.080694
124000	0.107924
124050	0.038924
124100	-0.015966
124150	-0.220414
124200	-0.130137
124250	0.046335
124300	-0.147170
124350	-0.143229
124400	-0.097713
124450	-0.083208
124500	0.028093
124550	0.075569
124600	-0.036727
124650	-0.054492
124700	-0.003086
124750	-0.086231
124800	-0.033844
124850	0.032401
124900	0.000049
124950	0.101892
125000	-0.004512
125050	-0.269821
125100	0.191829
125150	0.052015
125200	-0.077345
125250	0.094208
125300	-0.076905
125350	-0.114718
125400	0.017349
125450	0.181898
125500	0.041219
125550	0.098330
125600	-0.146025
125650	-0.131457
125700	0.094345
125750	-0.118359
125800	0.035012
125850	-0.072742
125900	0.043375
125950	0.063444
126000	-0.013432
126050	0.157490
126100	0.034574
126150	-0.102221
126200	0.155007
126250	0.179170
126300	-0.003975
126350	0.068459
126400	0.112952
126450	-0.023708
126500	-0.096633
126550	-0.042287
126600	0.155235
126650	0.082731
126700	-0.080804
126750	-0.170554
126800	-0.149123
126850	0.111906
126900	0.122354
126950	0.108735
127000	-0.018311
127050	-0.017470
127100	-0.093598
127150	-0.218490
127200	-0.074028
127250	0.060598
127300	0.055526
127350	0.062506
127400	-0.266909
127450	-0.055732
127500	-0.159308
127550	-0.178610
127600	-0.167676
127650	0.132689
127700	0.072850
127750	-0.178297
127800	0.017279
127850	-0.039065
127900	-0.369241
127950	-0.044615
128000	0.011772
128050	-0.056506
128100	-0.061043
128150	-0.106169
128200	-0.145599
128250	0.092942
128300	-0.067137
128350	-0.064474
128400	0.061082
128450	0.034862
128500	-0.103813
128550	-0.158725
128600	0.035639
128650	0.064964
128700	-0.070243
128750	0.056405
128800	-0.027587
128850	0.006560
128900	0.030704
128950	0.084491
129000	0.204916
129050	0.008495
129100	-0.017638
129150	-0.036310
129200	-0.053394
129250	0.012588
129300	0.001073
129350	-0.224442
129400	0.121280
129450	0.251674
129500	0.113848
129550	0.084007
129600	-0.016582
129650	0.100527
129700	-0.144473
129750	0.048540
129800	0.001668
129850	-0.193202
129900	-0.099926
129950	0.038147
130000	-0.028814
130050	-0.041727
130100	0.084366
130150	-0.124835
130200	-0.107178
130250	0.007334
130300	-0.044452
130350	-0.103770
130400	-0.066541
130450	0.099653
130500	0.144515
130550	0.053971
130600	0.029010
130650	-0.000378
130700	0.035311
130750	-0.019211
130800	-0.028319
130850	0.096097
130900	0.074455
130950	-0.040367
131000	0.150212
131050	-0.070921
131100	0.040075
131150	-0.100713
131200	-0.040404
131250	0.063310
131300	0.207799
131350	0.005715
131400	0.237533
131450	-0.177892
131500	-0.181643
131550	-0.165272
131600	0.046994
131650	-0.044449
131700	0.004161
131750	-0.071878
131800	-0.016156
131850	-0.009614
131900	0.003237
131950	0.049874
132000	0.071774
132050	-0.008814
132100	0.035335
132150	0.011443
132200	-0.013457
132250	0.003756
132300	0.107664
132350	0.232864
132400	0.068461
132450	-0.185232
132500	-0.033190
132550	0.023356
132600	0.007592
132650	-0.110906
132700	-0.078764
132750	0.074455
132800	-0.055204
132850	-0.147105
132900	-0.115323
132950	-0.071502
133000	-0.002693
133050	-0.069126
133100	0.138715
133150	0.015121
133200	0.081895
133250	0.044474
133300	-0.011497
133350	-0.034152
133400	-0.003682
133450	-0.018902
133500	0.134383
133550	0.099271
133600	-0.103155
133650	-0.015698
133700	-0.098397
133750	0.177003
133800	0.019597
133850	-0.295814
133900	-0.267373
133950	-0.007913
134000	-0.055557
134050	0.062551
134100	-0.154550
134150	-0.022021
134200	0.029160
134250	-0.017506
134300	-0.110746
134350	0.279942
134400	0.160385
134450	-0.085737
134500	-0.149761
134550	-0.181309
134600	0.100982
134650	-0.120269
134700	0.099220
134750	0.021225
134800	0.275291
134850	0.089066
134900	-0.148116
134950	0.212491
135000	-0.075547
135050	-0.198374
135100	-0.103830
135150	-0.040174
135200	0.047746
135250	-0.069256
135300	-0.008487
135350	-0.100194
135400	-0.036390
135450	-0.138036
135500	-0.076899
135550	0.051710
135600	0.077042
135650	0.041604
135700	0.190836
135750	0.067796
135800	-0.023675
135850	0.002230
135900	-0.088271
135950	-0.012931
136000	0.152958
136050	-0.021601
136100	-0.156830
136150	0.012470
136200	-0.050171
136250	0.092928
136300	-0.025916
136350	-0.016099
136400	-0.185822
136450	-0.117467
136500	-0.043118
136550	-0.043267
136600	-0.121538
136650	-0.032931
136700	0.077894
136750	-0.175121
136800	0.001996
136850	-0.148097
136900	0.019003
136950	0.027334
137000	-0.096754
137050	0.105790
137100	-0.180488
137150	-0.100867
137200	-0.056095
137250	0.039826
137300	0.140934
137350	0.021363
137400	-0.157797
137450	0.052097
137500	0.074938
137550	-0.083311
137600	-0.012779
137650	0.139424
137700	0.134010
137750	-0.031544
137800	-0.012584
137850	-0.210932
137900	0.217278
137950	0.051211
138000	0.172168
138050	0.162077
138100	0.045063
138150	-0.185017
138200	-0.026562
138250	-0.038927
138300	-0.008992
138350	-0.055283
138400	0.299529
138450	0.041722
138500	-0.020886
138550	0.121140
138600	0.013075
138650	0.084808
138700	0.024827
138750	-0.048378
138800	0.008931
138850	-0.096184
138900	0.067641
138950	0.094716
139000	-0.012931
139050	-0.061364
139100	-0.219339
139150	-0.063028
139200	0.086176
139250	0.116009
139300	0.001701
139350	0.100989
139400	-0.000846
139450	-0.100639
139500	-0.004803
139550	0.057653
139600	0.048725
139650	-0.094120
139700	-0.061935
139750	0.109665
139800	0.184254
139850	-0.086332
139900	-0.094310
139950	-0.129100
140000	-0.115109
140050	0.080209
140100	-0.173427
140150	0.102753
140200	-0.089234
140250	0.052497
140300	-0.005969
140350	0.114979
140400	0.167970
140450	0.129560
140500	0.087096
140550	-0.105928
140600	-0.123955
140650	0.040734
140700	-0.110145
140750	0.031499
140800	0.085009
140850	0.029593
140900	-0.041628
140950	0.066256
141000	0.012834
141050	0.007618
141100	0.130584
141150	-0.077007
141200	0.072946
141250	-0.110148
141300	-0.084248
141350	0.002940
141400	-0.052335
141450	0.058351
141500	0.078943
141550	0.002399
141600	0.021230
141650	0.087814
141700	0.030820
141750	-0.089977
141800	-0.193009
141850	0.143644
141900	0.049780
141950	-0.042324
142000	-0.153583
142050	0.108401
142100	-0.062926
142150	-0.139291
142200	0.116937
142250	-0.008334
142300	-0.007011
142350	-0.092156
142400	0.180321
142450	-0.026789
142500	0.088835
142550	-0.142606
142600	-0.038801
142650	-0.271093
142700	-0.114666
142750	0.109391
142800	0.068460
142850	0.126306
142900	0.044464
142950	0.214435
143000	-0.186075
143050	0.204939
143100	0.079176
143150	0.122720
143200	-0.079844
143250	-0.195255
143300	-0.124163
143350	-0.100611
143400	-0.099242
143450	-0.080505
143500	0.241361
143550	0.123455
143600	0.085702
143650	0.091551
143700	0.037602
143750	0.223181
143800	0.126514
143850	0.112515
143900	0.028370
143950	0.151166
144000	-0.065339
144050	0.084569
144100	-0.067446
144150	0.010140
144200	0.029973
144250	-0.069826
144300	-0.027528
144350	0.163424
144400	-0.202251
144450	-0.032670
144500	-0.082880
144550	-0.103715
144600	-0.047406
144650	-0.067291
144700	0.106916
144750	-0.101067
144800	-0.089829
144850	0.051079
144900	0.010430
144950	0.048816
145000	-0.014764
145050	0.011389
145100	-0.104698
145150	0.196774
145200	-0.001895
145250	-0.158716
145300	-0.021634
145350	-0.183468
145400	0.005594
145450	-0.061855
145500	-0.099892
145550	-0.067455
145600	-0.058517
145650	-0.087555
145700	-0.138295
145750	-0.072096
145800	0.024181
145850	0.100792
145900	-0.135951
145950	0.097746
146000	-0.215407
146050	-0.111889
146100	0.089148
146150	0.232218
146200	0.180406
146250	0.002987
146300	-0.196542
146350	0.115059
146400	0.063228
146450	-0.112178
146500	-0.176625
146550	0.187632
146600	0.173478
146650	0.001633
146700	0.046661
146750	0.059423
146800	0.030116
146850	-0.011608
146900	0.266432
146950	0.089184
147000	0.182086
147050	-0.049471
147100	-0.031377
147150	-0.155804
147200	-0.104130
147250	-0.094872
147300	0.083059
147350	0.066171
147400	0.038246
147450	0.084677
147500	-0.146606
147550	0.025591
147600	0.212849
147650	0.030700
147700	0.141601
147750	0.051220
147800	-0.097111
147850	-0.042824
147900	-0.075328
147950	0.007025
148000	0.094258
148050	0.015370
148100	0.040276
148150	0.101760
148200	-0.225986
148250	0.055680
148300	0.136970
148350	0.080990
148400	0.070701
148450	-0.047446
148500	0.028501
148550	0.279903
148600	0.104323
148650	0.194841
148700	-0.092165
148750	0.055607
148800	0.015693
148850	0.063772
148900	0.117421
148950	-0.000828
149000	0.115446
149050	0.110913
149100	-0.006791
149150	-0.134079
149200	-0.109866
149250	0.117225
149300	0.023754
149350	-0.099732
149400	-0.100333
149450	0.012420
149500	-0.051969
149550	-0.115951
149600	-0.016048
149650	0.346052
149700	-0.100067
149750	0.098158
149800	-0.140173
149850	-0.095802
149900	-0.176585
149950	-0.087556
150000	-0.000068
150050	-0.178603
150100	-0.109558
150150	-0.047340
150200	0.185978
150250	0.133227
150300	-0.079706
150350	-0.214412
150400	0.058170
150450	0.032261
150500	0.075124
150550	-0.091205
150600	-0.073432
150650	-0.075811
150700	0.162819
150750	-0.134089
150800	-0.020228
150850	-0.138987
150900	-0.105412
150950	-0.318477
151000	0.323793
151050	-0.096754
151100	0.134322
151150	0.166796
151200	0.164256
151250	0.010445
151300	-0.089547
151350	0.158904
151400	0.139837
151450	0.105885
151500	0.119251
151550	0.051320
151600	-0.111039
151650	0.024813
151700	-0.147752
151750	-0.201329
151800	-0.060380
151850	-0.134820
151900	0.037608
151950	0.164127
152000	0.066739
152050	0.273325
152100	0.004549
152150	-0.071824
152200	0.129121
152250	-0.008331
152300	0.031732
152350	0.040229
152400	0.074230
152450	0.036381
152500	0.074078
152550	-0.079814
152600	-0.214135
152650	0.098810
152700	0.218702
152750	-0.095399
152800	-0.059551
152850	-0.108383
152900	-0.032556
152950	-0.060216
153000	-0.098095
153050	0.056301
153100	0.072414
153150	0.121034
153200	0.022009
153250	0.026315
153300	0.064091
153350	0.241512
153400	-0.212676
153450	-0.095730
153500	0.034646
153550	-0.098866
153600	0.065564
153650	-0.100312
153700	-0.136994
153750	-0.183310
153800	0.227730
153850	0.128933
153900	0.023949
153950	-0.015258
154000	0.086597
154050	-0.144320
154100	-0.086814
154150	0.036320
154200	0.184951
154250	0.059546
154300	-0.120469
154350	-0.216294
154400	0.182196
154450	0.074571
154500	0.187061
154550	0.240296
154600	0.123972
154650	-0.026243
154700	-0.115491
154750	0.077951
154800	0.063551
154850	0.230672
154900	0.103081
154950	-0.058389
155000	0.026707
155050	0.198475
155100	0.095509
155150	0.087593
155200	-0.088890
155250	0.253373
155300	-0.022711
155350	0.059760
155400	0.205823
155450	0.089638
155500	-0.026351
155550	-0.000835
155600	-0.096353
155650	-0.118044
155700	0.081191
155750	-0.121296
155800	-0.013188
155850	-0.078552
155900	-0.147507
155950	0.046552
156000	-0.061481
156050	-0.075692
156100	-0.172952
156150	-0.223262
156200	0.096943
156250	0.170915
156300	0.037435
156350	0.089979
156400	-0.036086
156450	0.021667
156500	0.177113
156550	0.182226
156600	-0.059868
156650	-0.058124
156700	-0.034831
156750	0.124661
156800	-0.118974
156850	-0.057758
156900	-0.157948
156950	0.099542
157000	0.013026
157050	0.127492
157100	-0.017884
157150	0.011853
157200	0.188226
157250	0.033236
157300	0.106786
157350	0.008530
157400	0.158459
157450	-0.026566
157500	-0.026300
157550	0.002352
157600	0.116190
157650	0.011282
157700	0.049701
157750	0.178331
157800	0.079699
157850	0.112453
157900	-0.196857
157950	-0.104449
158000	-0.008680
158050	-0.221754
158100	-0.104790
158150	0.120288
158200	-0.015928
158250	-0.088451
158300	-0.030866
158350	-0.216153
158400	0.101160
158450	0.037833
158500	-0.037065
158550	-0.016370
158600	0.119473
158650	0.297142
158700	0.177196
158750	0.061035
158800	0.171094
158850	-0.206090
158900	0.075156
158950	0.085827
159000	0.143412
159050	0.026461
159100	0.106759
159150	0.128818
159200	0.128511
159250	-0.094130
159300	0.017922
159350	-0.267929
159400	-0.018801
159450	-0.076073
159500	-0.003348
159550	0.096591
159600	-0.001045
159650	0.021638
159700	0.244885
159750	0.285580
159800	0.084044
159850	-0.043270
159900	-0.030873
159950	0.191224
160000	0.077071
160050	0.031795
160100	0.104283
160150	-0.167742
160200	-0.176819
160250	-0.019579
160300	-0.020864
160350	-0.020764
160400	-0.071948
160450	-0.084470
160500	0.110183
160550	0.060347
160600	0.055654
160650	0.162199
160700	0.266778
160750	-0.050453
160800	0.139445
160850	0.068090
160900	0.067349
160950	0.073909
161000	0.023466
161050	0.036705
161100	0.018883
161150	0.092515
161200	-0.022818
161250	0.361355
161300	0.036291
161350	0.109379
161400	0.005548
161450	0.052246
161500	0.094580
161550	-0.080326
161600	-0.087659
161650	0.070294
161700	-0.078446
161750	0.309822
161800	-0.107595
161850	0.074993
161900	0.068376
161950	0.332151
162000	0.249601
162050	0.191662
162100	0.076150
162150	-0.132154
162200	0.101059
162250	0.264687
162300	-0.130557
162350	-0.049098
162400	-0.076609
162450	-0.154216
162500	-0.074687
162550	-0.138764
162600	-0.056722
162650	-0.009539
162700	-0.102684
162750	-0.166529
162800	-0.116086
162850	-0.081939
162900	0.134012
162950	0.105874
163000	-0.001996
163050	-0.229141
163100	-0.002180
163150	0.055528
163200	-0.077988
163250	0.082777
163300	0.124126
163350	0.026601
163400	-0.036590
163450	0.021667
163500	0.149827
163550	-0.104157
163600	0.060675
163650	-0.001559
163700	-0.111398
163750	-0.026040
163800	-0.048272
163850	0.131104
163900	0.121408
163950	-0.043439
164000	0.128979
164050	0.031428
164100	0.101141
164150	-0.049355
164200	0.000314
164250	0.033121
164300	-0.071792
164350	-0.043955
164400	-0.061028
164450	0.004092
164500	0.082004
164550	-0.160940
164600	0.021997
164650	-0.115346
164700	-0.027398
164750	0.097457
164800	-0.012470
164850	0.088709
164900	-0.005519
164950	-0.019090
165000	-0.086347
165050	-0.111349
165100	0.056567
165150	-0.159138
165200	0.111886
165250	-0.058234
165300	0.027334
165350	0.002926
165400	0.078336
165450	0.118846
165500	-0.170925
165550	-0.081256
165600	-0.146957
165650	-0.147575
165700	0.076255
165750	0.143995
165800	0.014864
165850	-0.038680
165900	-0.166908
165950	0.046851
166000	-0.056649
166050	0.100270
166100	-0.130351
166150	0.026240
166200	0.132007
166250	-0.105884
166300	-0.120188
166350	-0.040272
166400	-0.080062
166450	-0.027852
166500	0.009326
166550	0.227116
166600	0.074711
166650	0.157448
166700	0.228182
166750	0.051106
166800	0.076014
166850	0.001327
166900	-0.057192
166950	-0.061187
167000	-0.012559
167050	-0.088856
167100	-0.305365
167150	-0.019101
167200	-0.045041
167250	-0.048938
167300	0.063956
167350	0.098263
167400	0.153848
167450	0.221424
167500	0.125381
167550	0.031993
167600	-0.250496
167650	0.173274
167700	-0.090038
167750	-0.026213
167800	0.028169
167850	0.087157
167900	0.113869
167950	0.002638
168000	-0.021995
168050	-0.012397
168100	-0.100717
168150	0.021224
168200	0.325400
168250	0.097198
168300	0.153950
168350	0.120023
168400	-0.117715
168450	-0.007600
168500	-0.097014
168550	-0.204686
168600	-0.162857
168650	-0.119062
168700	0.025600
168750	0.036912
168800	0.045664
168850	0.067560
168900	-0.101005
168950	-0.003126
169000	-0.113154
169050	0.187034
169100	0.082260
169150	-0.060957
169200	0.152226
169250	0.028446
169300	-0.257315
169350	-0.044740
169400	0.032291
169450	0.043901
169500	0.159383
169550	-0.001020
169600	0.001377
169650	-0.087743
169700	0.017829
169750	0.015927
169800	0.258054
169850	0.052421
169900	-0.038469
169950	0.199509
170000	-0.066162
170050	0.081429
170100	0.075589
170150	0.272931
170200	0.084708
170250	-0.018505
170300	0.054712
170350	0.108107
170400	-0.117840
170450	-0.191046
170500	-0.114781
170550	-0.190807
170600	-0.047060
170650	0.001058
170700	-0.013213
170750	-0.032218
170800	0.048353
170850	0.134175
170900	0.028029
170950	-0.008331
171000	-0.007866
171050	0.231053
171100	0.267288
171150	0.167142
171200	-0.010451
171250	0.036162
171300	0.050751
171350	-0.020761
171400	0.099425
171450	0.089691
171500	-0.136033
171550	0.145596
171600	0.160997
171650	0.001206
171700	0.022803
171750	-0.022192
171800	0.004274
171850	0.237693
171900	-0.001740
171950	0.037071
172000	0.045774
172050	-0.033344
172100	-0.005514
172150	0.026017
172200	-0.056884
172250	0.064736
172300	0.110765
172350	0.025172
172400	-0.072296
172450	0.067053
172500	-0.023642
172550	-0.089781
172600	0.156053
172650	-0.031240
172700	-0.168310
172750	-0.086052
172800	0.040243
172850	0.042916
172900	0.042840
172950	-0.203130
173000	-0.069376
173050	-0.069766
173100	-0.112010
173150	-0.166876
173200	-0.139019
173250	-0.160093
173300	-0.195609
173350	-0.202887
173400	0.081643
173450	-0.151116
173500	0.185495
173550	-0.100449
173600	-0.159620
173650	0.022940
173700	-0.088995
173750	-0.146126
173800	0.019946
173850	-0.181641
173900	0.028392
173950	0.260426
174000	-0.069025
174050	0.196723
174100	0.278760
174150	0.115109
174200	-0.170607
174250	0.145085
174300	-0.000383
174350	-0.032473
174400	-0.004373
174450	0.034655
174500	0.026176
174550	-0.256569
174600	0.160571
174650	-0.120765
174700	-0.029857
174750	-0.059514
174800	0.030692
174850	0.010499
174900	0.085932
174950	0.105243
175000	-0.142365
175050	-0.103738
175100	0.137585
175150	0.040081
175200	-0.129715
175250	0.107779
175300	-0.107831
175350	0.011735
175400	0.042029
175450	-0.116517
175500	-0.056739
175550	0.013512
175600	0.174062
175650	0.081531
175700	-0.004942
175750	0.075991
175800	0.035273
175850	-0.160825
175900	0.013013
175950	-0.264634
176000	-0.086397
176050	0.025059
176100	0.268116
176150	0.377314
176200	-0.026387
176250	0.044756
176300	-0.074723
176350	-0.087132
176400	0.183744
176450	0.024346
176500	0.005152
176550	0.101566
176600	-0.090223
176650	-0.070321
176700	0.096236
176750	0.018296
176800	0.046429
176850	0.018548
176900	0.078707
176950	0.088248
177000	0.021219
177050	0.058347
177100	0.051203
177150	0.013514
177200	-0.094143
177250	-0.184380
177300	-0.159836
177350	0.153501
177400	0.089412
177450	0.176953
177500	0.068596
177550	-0.096930
177600	-0.086106
177650	-0.018237
177700	0.048289
177750	-0.036015
177800	-0.037039
177850	0.154800
177900	-0.023620
177950	0.095755
178000	0.006752
178050	-0.116043
178100	-0.080148
178150	-0.014474
178200	0.007988
178250	0.101742
178300	-0.106837
178350	0.087508
178400	-0.073475
178450	-0.045444
178500	0.093134
178550	-0.038027
178600	0.169040
178650	0.109272
178700	-0.100832
178750	-0.092062
178800	0.014370
178850	-0.001839
178900	0.055293
178950	-0.063802
179000	0.033904
179050	-0.112132
179100	-0.045976
179150	-0.073281
179200	-0.135078
179250	0.017911
179300	0.094633
179350	0.143872
179400	0.036366
179450	0.064478
179500	-0.070601
179550	-0.157422
179600	-0.000397
179650	0.007378
179700	-0.091689
179750	-0.020740
179800	0.013711
179850	-0.099749
179900	-0.044125
179950	0.003951
180000	0.111518
180050	-0.015728
180100	0.039366
180150	-0.042394
180200	0.084870
180250	0.186281
180300	-0.085524
180350	0.079375
180400	-0.073824
180450	0.089953
180500	-0.165806
180550	-0.019617
180600	0.002196
180650	-0.110444
180700	-0.155908
180750	-0.088018
180800	0.224465
180850	-0.028568
180900	0.182624
180950	0.022211
181000	0.042989
181050	0.041519
181100	0.006540
181150	-0.056930
181200	-0.052436
181250	0.190105
181300	0.025646
181350	0.035292
181400	0.014187
181450	0.138288
181500	0.142552
181550	0.054548
181600	-0.033837
181650	0.057216
181700	-0.008359
181750	-0.146568
181800	-0.163812
181850	-0.075240
181900	-0.136052
181950	0.007355
182000	-0.147406
182050	-0.267781
182100	-0.051994
182150	-0.116057
182200	0.164358
182250	0.050546
182300	-0.131547
182350	-0.033011
182400	0.052067
182450	0.024202
182500	-0.046061
182550	-0.025146
182600	0.031795
182650	-0.046242
182700	0.234832
182750	0.144310
182800	0.190561
182850	-0.150389
182900	-0.042122
182950	0.041375
183000	-0.086880
183050	-0.125187
183100	-0.028972
183150	0.170204
183200	0.072697
183250	-0.171709
183300	-0.068626
183350	-0.096574
183400	0.019578
183450	-0.197102
183500	0.039812
183550	-0.073542
183600	0.014252
183650	-0.091675
183700	0.064072
183750	0.003783
183800	0.045119
183850	-0.029696
183900	-0.100367
183950	-0.037061
184000	0.023648
184050	-0.090583
184100	-0.065471
184150	-0.086675
184200	-0.075108
184250	-0.056932
184300	0.065930
184350	0.103337
184400	0.014291
184450	0.013724
184500	-0.061591
184550	-0.003077
184600	-0.072264
184650	-0.234814
184700	-0.130361
184750	-0.054809
184800	-0.054447
184850	0.128989
184900	0.100893
184950	-0.077802
185000	0.040841
185050	-0.182582
185100	-0.269132
185150	-0.194775
185200	-0.075363
185250	0.136754
185300	-0.041223
185350	0.001721
185400	-0.034838
185450	-0.074489
185500	-0.008521
185550	0.028690
185600	0.002890
185650	0.081602
185700	0.138142
185750	0.034271
185800	0.238899
185850	-0.181934
185900	-0.045118
185950	-0.183435
186000	0.076827
186050	-0.035333
186100	0.009545
186150	0.161461
186200	-0.080545
186250	-0.026544
186300	-0.086337
186350	-0.188855
186400	-0.109606
186450	0.058529
186500	0.027335
186550	0.094607
186600	0.014955
186650	-0.061343
186700	-0.109396
186750	-0.022172
186800	-0.016059
186850	-0.130223
186900	0.032109
186950	-0.117314
187000	0.037100
187050	0.019831
187100	0.128876
187150	0.115822
187200	0.155357
187250	0.049195
187300	-0.080720
187350	-0.126940
187400	-0.018421
187450	-0.123841
187500	-0.119298
187550	-0.114447
187600	-0.065544
187650	0.075529
187700	-0.061511
187750	-0.107201
187800	0.037682
187850	0.066618
187900	0.053127
187950	0.122180
188000	0.219647
188050	0.288914
188100	-0.055391
188150	0.025846
188200	-0.041606
188250	-0.073893
188300	-0.136567
188350	0.014050
188400	-0.028884
188450	0.063473
188500	-0.047100
188550	0.043330
188600	0.035486
188650	-0.105093
188700	-0.182710
188750	-0.126616
188800	-0.117589
188850	-0.131508
188900	0.097402
188950	0.030967
189000	0.062637
189050	-0.035989
189100	-0.094294
189150	-0.160076
189200	-0.095207
189250	0.027739
189300	-0.010509
189350	-0.024137
189400	-0.026818
189450	0.067243
189500	-0.024502
189550	-0.032122
189600	-0.028043
189650	0.063726
189700	0.031826
189750	-0.172414
189800	-0.031878
189850	-0.027070
189900	0.024742
189950	-0.066878
190000	0.010230
190050	0.032523
190100	-0.125606
190150	-0.029742
190200	0.038649
190250	-0.219762
190300	-0.031151
190350	-0.051281
190400	-0.024893
190450	0.041793
190500	0.013560
190550	-0.184412
190600	0.056456
190650	-0.067263
190700	-0.035682
190750	-0.131570
190800	0.128787
190850	-0.112398
190900	-0.059147
190950	0.021493
191000	0.009223
191050	0.097041
191100	0.047480
191150	0.014639
191200	0.025408
191250	-0.109098
191300	-0.025889
191350	-0.046975
191400	0.132109
191450	-0.022975
191500	-0.031624
191550	0.127097
191600	0.056835
191650	-0.008385
191700	-0.075117
191750	0.072856
191800	-0.252704
191850	-0.057895
191900	-0.017486
191950	0.077780
192000	-0.130675
192050	-0.067863
192100	-0.099042
192150	0.066821
192200	-0.031128
192250	-0.055379
192300	-0.028642
192350	-0.191346
192400	-0.267276
192450	0.047367
192500	-0.123572
192550	0.177189
192600	0.044572
192650	0.047641
192700	0.068384
192750	0.013742
192800	-0.057217
192850	-0.009249
192900	-0.050119
192950	-0.052532
193000	-0.068428
193050	-0.125968
193100	0.048822
193150	0.145714
193200	0.330951
193250	0.108953
193300	0.116652
193350	0.136285
193400	0.037039
193450	-0.015601
193500	0.112071
193550	-0.140168
193600	-0.024476
193650	-0.052411
193700	0.100842
193750	0.130019
193800	0.084293
193850	0.053505
193900	0.158895
193950	-0.099520
194000	0.074908
194050	0.098325
194100	-0.008051
194150	0.079018
194200	-0.047293
194250	-0.016495
194300	-0.063247
194350	0.084253
194400	-0.064439
194450	0.216131
194500	-0.057590
194550	0.018540
194600	0.001847
194650	0.188967
194700	-0.014456
194750	-0.042454
194800	-0.028268
194850	-0.052935
194900	0.077890
194950	0.055074
195000	0.274528
195050	0.036095
195100	-0.128705
195150	-0.243938
195200	-0.110347
195250	0.055731
195300	0.114203
195350	0.091480
195400	0.077361
195450	-0.044258
195500	0.047761
195550	0.162875
195600	0.037308
195650	-0.085782
195700	0.076811
195750	-0.005532
195800	-0.166110
195850	-0.121529
195900	-0.126508
195950	0.018671
196000	0.130427
196050	0.176949
196100	0.166771
196150	0.016628
196200	0.050078
196250	0.228464
196300	0.144985
196350	0.023934
196400	0.049714
196450	0.017001
196500	0.039328
196550	0.047541
196600	-0.053303
196650	-0.160849
196700	-0.034334
196750	-0.294169
196800	-0.125860
196850	0.050628
196900	-0.056805
196950	0.075575
197000	0.104408
197050	0.051486
197100	-0.072459
197150	-0.015554
197200	-0.082224
197250	0.143165
197300	-0.106115
197350	-0.168379
197400	0.043206
197450	-0.048622
197500	0.154588
197550	0.105091
197600	0.067061
197650	-0.154825
197700	-0.059594
197750	0.023010
197800	-0.216600
197850	0.077472
197900	0.051271
197950	-0.275151
198000	-0.109684
198050	-0.157967
198100	-0.036989
198150	-0.076192
198200	0.044225
198250	0.024663
198300	-0.216238
198350	-0.109992
198400	-0.015047
198450	0.151370
198500	-0.027000
198550	0.220348
198600	-0.177515
198650	0.086696
198700	0.024839
198750	0.047445
198800	-0.033951
198850	0.143318
198900	0.036720
198950	0.052504
199000	-0.021715
199050	0.051457
199100	-0.013147
199150	0.049970
199200	0.145257
199250	-0.080364
199300	-0.156891
199350	0.206252
199400	-0.139305
199450	-0.030493
199500	-0.183351
199550	-0.006178
199600	-0.019591
199650	-0.029904
199700	0.059541
199750	-0.021379
199800	-0.001941
199850	0.221090
199900	0.218635
199950	0.084885
