0	36.629739
50	2.073199
100	0.439304
150	0.417980
200	0.362047
250	0.106711
300	0.209561
350	0.009577
400	0.126548
450	-0.008648
500	0.129634
550	0.095042
600	0.017269
650	0.048060
700	0.177381
750	0.071544
800	0.116124
850	0.020106
900	-0.046042
950	-0.035028
1000	-0.075748
1050	0.100499
1100	0.092434
1150	0.057474
1200	0.095192
1250	-0.057714
1300	-0.012107
1350	0.126746
1400	-0.014527
1450	0.077221
1500	-0.010576
1550	0.049088
1600	0.270312
1650	0.120694
1700	0.154793
1750	0.126271
1800	0.257437
1850	0.146004
1900	0.153256
1950	0.197786
2000	0.170609
2050	-0.048946
2100	-0.070296
2150	-0.063378
2200	0.036295
2250	0.258252
2300	-0.034041
2350	0.029419
2400	-0.007478
2450	0.002563
2500	0.034556
2550	0.190608
2600	0.047179
2650	0.096194
2700	0.013513
2750	0.123073
2800	0.037261
2850	0.098022
2900	0.178768
2950	-0.136547
3000	0.233253
3050	0.365724
3100	0.272911
3150	-0.129172
3200	-0.175454
3250	-0.084923
3300	-0.019602
3350	0.110136
3400	-0.086969
3450	0.129676
3500	0.098579
3550	-0.015078
3600	-0.131739
3650	0.027770
3700	-0.081597
3750	-0.017721
3800	0.039120
3850	-0.077763
3900	0.134851
3950	0.153503
4000	-0.036983
4050	-0.052513
4100	0.016354
4150	-0.000456
4200	-0.112945
4250	-0.075797
4300	-0.058927
4350	-0.053838
4400	-0.038340
4450	0.057329
4500	-0.019753
4550	-0.082627
4600	-0.005932
4650	-0.142566
4700	-0.071199
4750	0.022315
4800	-0.049560
4850	0.064952
4900	0.164835
4950	-0.079685
5000	-0.299564
5050	-0.090677
5100	0.053757
5150	-0.007224
5200	0.021469
5250	-0.088075
5300	-0.025779
5350	-0.100679
5400	0.070515
5450	-0.004000
5500	-0.071880
5550	0.094438
5600	0.074185
5650	-0.208773
5700	0.103855
5750	0.086121
5800	0.004991
5850	0.267751
5900	0.178085
5950	0.035291
6000	0.025618
6050	0.064744
6100	0.099571
6150	0.085900
6200	0.146129
6250	0.067093
6300	-0.003371
6350	-0.026080
6400	0.062401
6450	0.106701
6500	-0.108529
6550	0.025437
6600	-0.228641
6650	-0.052077
6700	0.016593
6750	0.043091
6800	0.016897
6850	0.121661
6900	0.087668
6950	0.067707
7000	-0.129834
7050	0.065726
7100	0.013738
7150	0.022223
7200	-0.044447
7250	0.183572
7300	-0.064743
7350	0.074522
7400	0.100066
7450	0.093008
7500	0.113699
7550	-0.002785
7600	-0.019913
7650	0.099207
7700	0.083282
7750	0.018842
7800	-0.140572
7850	0.016076
7900	0.008840
7950	0.003582
8000	-0.024942
8050	-0.085898
8100	0.030901
8150	-0.033923
8200	0.098491
8250	-0.093839
8300	0.186500
8350	0.139764
8400	-0.065741
8450	-0.094813
8500	-0.122863
8550	0.010488
8600	0.145647
8650	0.125116
8700	0.096235
8750	0.099750
8800	-0.043542
8850	-0.051306
8900	0.072840
8950	0.225280
9000	0.047098
9050	0.164456
9100	0.057456
9150	0.149067
9200	0.018473
9250	-0.109710
9300	-0.211690
9350	0.023346
9400	0.221974
9450	0.283971
9500	-0.045224
9550	0.081391
9600	0.065634
9650	0.100096
9700	-0.031066
9750	0.031881
9800	0.075170
9850	-0.083458
9900	-0.024494
9950	0.144606
10000	0.028925
10050	0.011277
10100	0.093153
10150	0.113418
10200	0.122070
10250	0.170279
10300	-0.019512
10350	-0.136979
10400	-0.183623
10450	0.002788
10500	0.117495
10550	0.002160
10600	0.236796
10650	0.068393
10700	0.120262
10750	0.034744
10800	-0.051461
10850	0.075669
10900	0.111384
10950	0.055895
11000	0.066399
11050	-0.187194
11100	-0.021577
11150	-0.070729
11200	-0.052581
11250	0.086948
11300	-0.036710
11350	-0.027665
11400	0.042891
11450	0.057938
11500	-0.110256
11550	-0.053582
11600	0.036855
11650	-0.167588
11700	-0.028831
11750	-0.079393
11800	-0.050160
11850	0.048169
11900	0.183030
11950	0.027338
12000	0.071153
12050	-0.115476
12100	-0.129418
12150	0.158984
12200	-0.017277
12250	0.080692
12300	-0.016629
12350	-0.093971
12400	0.083942
12450	-0.033531
12500	-0.075957
12550	0.034744
12600	0.053117
12650	0.066890
12700	0.050310
12750	0.074626
12800	-0.019129
12850	0.114394
12900	-0.068592
12950	-0.164342
13000	-0.104694
13050	-0.116483
13100	0.077120
13150	0.134847
13200	0.090979
13250	-0.210193
13300	-0.115923
13350	0.061536
13400	-0.097418
13450	-0.049100
13500	0.033567
13550	-0.021957
13600	0.028992
13650	-0.168828
13700	-0.140571
13750	-0.048469
13800	0.120193
13850	0.229066
13900	-0.163141
13950	-0.036636
14000	0.151884
14050	-0.077099
14100	-0.149551
14150	0.071903
14200	0.104622
14250	0.109801
14300	-0.010956
14350	0.066577
14400	0.043226
14450	-0.050888
14500	0.062875
14550	-0.073303
14600	0.059809
14650	0.060756
14700	0.131775
14750	-0.045211
14800	-0.048770
14850	0.009991
14900	0.065665
14950	0.208392
15000	0.024991
15050	0.195908
15100	0.121470
15150	0.169735
15200	0.159947
15250	0.024707
15300	-0.042530
15350	0.000560
15400	0.177362
15450	0.166767
15500	-0.194441
15550	0.027051
15600	-0.060097
15650	-0.028186
15700	-0.051918
15750	-0.015805
15800	0.200216
15850	-0.116725
15900	-0.065070
15950	-0.114971
16000	0.023236
16050	-0.014029
16100	-0.056186
16150	-0.097513
16200	0.022132
16250	-0.041404
16300	-0.044001
16350	0.101772
16400	0.057571
16450	0.080494
16500	0.027106
16550	-0.004379
16600	-0.127028
16650	0.075016
16700	0.028481
16750	0.144124
16800	0.090814
16850	0.107937
16900	0.289070
16950	0.002723
17000	-0.080567
17050	0.044475
17100	0.104977
17150	0.053143
17200	0.067196
17250	0.047230
17300	-0.138238
17350	-0.127552
17400	-0.156413
17450	-0.176049
17500	-0.235454
17550	0.054162
17600	0.033464
17650	0.292123
17700	-0.118037
17750	-0.025727
17800	0.024386
17850	0.153033
17900	-0.247013
17950	0.149237
18000	-0.071618
18050	-0.011693
18100	0.056527
18150	0.006516
18200	0.020251
18250	0.177599
18300	-0.038527
18350	0.084817
18400	0.087005
18450	-0.071001
18500	0.040432
18550	0.008874
18600	-0.054012
18650	-0.034853
18700	-0.008491
18750	0.037241
18800	0.104946
18850	0.035160
18900	-0.006451
18950	-0.094332
19000	-0.014663
19050	-0.147836
19100	0.028668
19150	-0.027929
19200	-0.181423
19250	-0.149686
19300	0.206908
19350	0.186266
19400	0.159917
19450	0.063236
19500	-0.091548
19550	0.009415
19600	-0.121017
19650	0.159669
19700	0.013807
19750	0.114458
19800	0.067859
19850	-0.008308
19900	0.079210
19950	-0.100738
20000	0.319810
20050	-0.222770
20100	0.029203
20150	0.133837
20200	-0.003360
20250	0.066989
20300	0.102502
20350	-0.182541
20400	0.088171
20450	0.054768
20500	0.147607
20550	0.178405
20600	0.042025
20650	-0.002976
20700	0.131109
20750	0.039297
20800	0.019766
20850	0.034778
20900	0.052521
20950	-0.052949
21000	0.014737
21050	0.068145
21100	0.367474
21150	0.060786
21200	0.012954
21250	-0.094959
21300	-0.036698
21350	-0.072217
21400	0.122026
21450	0.081513
21500	-0.022801
21550	0.040672
21600	-0.090516
21650	0.084069
21700	0.108533
21750	-0.166963
21800	-0.135412
21850	0.017839
21900	0.002173
21950	-0.019075
22000	0.086151
22050	0.148280
22100	0.153403
22150	0.082068
22200	-0.013555
22250	0.160631
22300	-0.027340
22350	0.106290
22400	0.040162
22450	-0.114209
22500	0.122273
22550	-0.026532
22600	0.073706
22650	-0.033582
22700	-0.015386
22750	0.166900
22800	-0.095840
22850	-0.049525
22900	-0.067410
22950	-0.345836
23000	-0.010432
23050	0.086279
23100	-0.023402
23150	-0.075619
23200	-0.076285
23250	-0.026527
23300	-0.035617
23350	-0.053990
23400	0.068383
23450	0.106311
23500	-0.027460
23550	0.053835
23600	0.014348
23650	0.161515
23700	0.007751
23750	-0.030913
23800	0.078645
23850	-0.098159
23900	-0.251511
23950	0.089639
24000	0.026421
24050	-0.001369
24100	-0.021923
24150	0.083276
24200	-0.108867
24250	0.074075
24300	-0.056913
24350	0.047098
24400	0.058450
24450	0.284521
24500	0.041324
24550	0.038160
24600	0.124492
24650	0.043628
24700	0.200537
24750	0.164684
24800	0.006292
24850	-0.024427
24900	0.172304
24950	0.035634
25000	0.219238
25050	0.036244
25100	0.212859
25150	0.114496
25200	0.107775
25250	0.085044
25300	0.015932
25350	-0.021130
25400	-0.098686
25450	0.000344
25500	0.051209
25550	0.006392
25600	0.084717
25650	-0.074415
25700	-0.106200
25750	0.132270
25800	0.066024
25850	0.117752
25900	-0.303865
25950	0.182986
26000	0.049322
26050	-0.073775
26100	0.159862
26150	0.205077
26200	-0.044968
26250	0.132762
26300	-0.039118
26350	-0.140229
26400	-0.130913
26450	0.129791
26500	-0.094771
26550	0.070329
26600	0.038485
26650	-0.083610
26700	0.079952
26750	-0.113095
26800	0.049231
26850	-0.017931
26900	-0.003676
26950	-0.091593
27000	0.090281
27050	0.107137
27100	-0.012414
27150	0.221883
27200	-0.251118
27250	-0.072172
27300	0.007488
27350	-0.037156
27400	0.194921
27450	-0.219208
27500	-0.096005
27550	0.076189
27600	-0.001692
27650	0.069388
27700	0.071864
27750	0.111076
27800	-0.031388
27850	-0.204120
27900	-0.131647
27950	0.094985
28000	-0.015279
28050	0.047508
28100	0.277365
28150	0.034875
28200	-0.085569
28250	-0.034536
28300	0.049353
28350	-0.083385
28400	-0.102617
28450	-0.081704
28500	-0.080752
28550	0.000391
28600	0.119806
28650	-0.208949
28700	0.002851
28750	0.089954
28800	0.107189
28850	0.013547
28900	-0.011177
28950	0.130472
29000	-0.013530
29050	-0.107584
29100	0.152518
29150	0.118040
29200	0.162125
29250	0.075788
29300	-0.004181
29350	0.192145
29400	0.047619
29450	-0.111070
29500	-0.107822
29550	0.098136
29600	-0.043846
29650	0.017597
29700	-0.008714
29750	-0.054072
29800	-0.014323
29850	0.010184
29900	0.160240
29950	0.069671
30000	0.119365
30050	0.024271
30100	-0.139062
30150	0.044168
30200	-0.065805
30250	-0.108019
30300	0.098567
30350	0.029860
30400	0.058679
30450	-0.025039
30500	0.059211
30550	-0.083659
30600	0.018862
30650	0.173664
30700	0.274807
30750	-0.067532
30800	0.012949
30850	-0.088633
30900	-0.184436
30950	-0.077996
31000	-0.021392
31050	0.191298
31100	-0.030130
31150	0.096768
31200	-0.056263
31250	0.076811
31300	0.149106
31350	0.157226
31400	-0.254564
31450	-0.154948
31500	-0.003251
31550	0.051046
31600	-0.020690
31650	-0.045927
31700	0.045662
31750	-0.014886
31800	0.095900
31850	0.147287
31900	-0.080389
31950	-0.257647
32000	0.167769
32050	0.062703
32100	0.044962
32150	0.093281
32200	0.017565
32250	0.039320
32300	-0.008368
32350	-0.025069
32400	-0.195117
32450	0.063961
32500	0.120771
32550	0.009577
32600	0.036820
32650	-0.066094
32700	0.091787
32750	-0.053519
32800	0.037076
32850	0.004631
32900	0.078223
32950	-0.234201
33000	0.022124
33050	0.057028
33100	0.032060
33150	-0.094754
33200	-0.052597
33250	0.177095
33300	0.015090
33350	-0.058698
33400	0.034634
33450	-0.009621
33500	-0.066242
33550	0.203956
33600	0.011489
33650	-0.118377
33700	0.141655
33750	-0.132717
33800	0.121764
33850	0.138822
33900	-0.076805
33950	-0.055928
34000	0.118915
34050	0.008783
34100	0.040589
34150	0.184704
34200	0.059198
34250	0.248796
34300	0.044273
34350	-0.006328
34400	-0.123817
34450	0.017319
34500	-0.018927
34550	-0.102144
34600	0.123794
34650	0.049552
34700	-0.105996
34750	0.077075
34800	0.033810
34850	-0.089015
34900	-0.136972
34950	-0.088863
35000	0.018163
35050	0.070524
35100	0.060487
35150	0.048464
35200	-0.114653
35250	-0.066549
35300	-0.046302
35350	0.008585
35400	0.109318
35450	0.059302
35500	0.020466
35550	-0.021615
35600	-0.066331
35650	-0.004439
35700	-0.087917
35750	0.046728
35800	0.049132
35850	0.017731
35900	0.153289
35950	0.202881
36000	-0.140140
36050	-0.210986
36100	-0.052032
36150	0.006255
36200	0.122853
36250	0.211633
36300	-0.053878
36350	0.103140
36400	0.248321
36450	0.071050
36500	0.051916
36550	-0.012141
36600	-0.100067
36650	0.004746
36700	-0.058468
36750	0.083493
36800	0.008754
36850	-0.097289
36900	0.109870
36950	-0.094660
37000	-0.026232
37050	0.086883
37100	-0.057788
37150	0.091612
37200	-0.096924
37250	-0.052201
37300	-0.148392
37350	-0.092456
37400	0.119065
37450	0.116442
37500	0.049008
37550	-0.055273
37600	-0.067544
37650	-0.102764
37700	-0.003566
37750	-0.032137
37800	0.085842
37850	0.019891
37900	0.070411
37950	0.084587
38000	0.187942
38050	-0.062653
38100	-0.012126
38150	-0.021842
38200	0.020367
38250	0.085668
38300	0.082815
38350	0.025347
38400	-0.238010
38450	-0.033752
38500	0.037863
38550	0.094017
38600	0.017003
38650	0.028082
38700	-0.017236
38750	0.041434
38800	-0.007338
38850	-0.054126
38900	-0.075313
38950	0.027524
39000	-0.045196
39050	-0.013421
39100	0.049332
39150	-0.070840
39200	0.111889
39250	0.042018
39300	0.153218
39350	0.106261
39400	0.043546
39450	-0.012867
39500	0.052797
39550	0.173188
39600	-0.069810
39650	0.067342
39700	0.081535
39750	-0.079407
39800	-0.099573
39850	-0.150125
39900	-0.067961
39950	-0.152861
40000	-0.094033
40050	-0.050831
40100	0.003863
40150	-0.076207
40200	0.178263
40250	0.148192
40300	0.069178
40350	-0.032064
40400	0.026478
40450	0.183056
40500	0.085481
40550	-0.098237
40600	0.033384
40650	-0.100017
40700	-0.166548
40750	0.029848
40800	-0.165705
40850	0.028764
40900	-0.047977
40950	-0.112352
41000	-0.037413
41050	0.139363
41100	0.066165
41150	0.051151
41200	0.029889
41250	0.007753
41300	0.087672
41350	-0.097829
41400	-0.118505
41450	0.084742
41500	-0.127999
41550	-0.125405
41600	-0.085726
41650	-0.030179
41700	0.112427
41750	0.017872
41800	-0.048954
41850	0.033914
41900	0.053768
41950	0.084476
42000	0.120643
42050	-0.066093
42100	-0.049955
42150	-0.066693
42200	0.101108
42250	-0.015768
42300	0.131827
42350	0.013553
42400	-0.139098
42450	-0.040713
42500	0.090077
42550	0.020363
42600	0.036850
42650	0.012144
42700	-0.106276
42750	-0.035886
42800	-0.032176
42850	0.100687
42900	-0.190421
42950	0.129283
43000	-0.099881
43050	0.049844
43100	0.101159
43150	-0.017858
43200	-0.008433
43250	0.105662
43300	0.054571
43350	0.055792
43400	0.068368
43450	-0.073514
43500	0.063899
43550	0.063845
43600	-0.015181
43650	-0.140891
43700	-0.241866
43750	-0.096409
43800	-0.092720
43850	-0.100487
43900	0.187067
43950	-0.213965
44000	-0.135145
44050	-0.084658
44100	0.029936
44150	-0.032207
44200	0.000269
44250	0.043818
44300	-0.132610
44350	0.056777
44400	0.166544
44450	0.093107
44500	0.026686
44550	0.099895
44600	0.064319
44650	0.035951
44700	-0.081315
44750	-0.069205
44800	-0.094897
44850	0.058108
44900	-0.121047
44950	-0.166465
45000	-0.130663
45050	0.093536
45100	-0.044151
45150	-0.052780
45200	-0.111889
45250	0.003525
45300	-0.038472
45350	0.099796
45400	-0.064764
45450	-0.179605
45500	-0.050831
45550	-0.019878
45600	-0.038452
45650	-0.003680
45700	-0.085248
45750	0.051072
45800	-0.046386
45850	-0.001677
45900	-0.046291
45950	-0.007044
46000	-0.072793
46050	-0.029091
46100	-0.028020
46150	0.134732
46200	-0.115965
46250	0.013757
46300	-0.081539
46350	0.029717
46400	0.007811
46450	0.080895
46500	-0.046482
46550	-0.180749
46600	0.022818
46650	-0.112384
46700	0.000134
46750	-0.043545
46800	-0.229511
46850	-0.036263
46900	-0.056571
46950	-0.066609
47000	-0.066463
47050	0.001636
47100	-0.050639
47150	0.068718
47200	-0.189311
47250	-0.026251
47300	-0.010426
47350	-0.090522
47400	-0.010748
47450	0.046367
47500	0.068631
47550	0.109420
47600	-0.095534
47650	-0.016964
47700	0.016678
47750	0.108145
47800	-0.054737
47850	0.000638
47900	-0.040570
47950	-0.001125
48000	0.016925
48050	0.177450
48100	-0.105126
48150	-0.170449
48200	-0.168968
48250	0.172330
48300	-0.280086
48350	-0.098917
48400	0.077755
48450	-0.026881
48500	0.019874
48550	-0.022990
48600	0.083580
48650	-0.108810
48700	-0.055846
48750	0.011650
48800	-0.046440
48850	0.102399
48900	-0.011302
48950	-0.038833
49000	0.020151
49050	0.093785
49100	-0.226810
49150	-0.000288
49200	-0.172184
49250	0.028374
49300	-0.030331
49350	-0.075921
49400	-0.194217
49450	-0.106330
49500	0.048681
49550	0.159879
49600	-0.167826
49650	-0.055937
49700	0.111747
49750	0.017089
49800	0.063309
49850	-0.134731
49900	-0.033001
49950	-0.099203
50000	0.145322
50050	0.234055
50100	-0.085788
50150	0.057515
50200	-0.140747
50250	-0.098152
50300	-0.031651
50350	0.033341
50400	-0.076833
50450	0.109829
50500	0.167565
50550	-0.089038
50600	0.048690
50650	0.001768
50700	0.006605
50750	0.006373
50800	-0.061967
50850	-0.068609
50900	0.058389
50950	0.103279
51000	0.120722
51050	0.151059
51100	0.037085
51150	-0.051369
51200	0.034592
51250	0.002837
51300	0.012039
51350	0.062468
51400	-0.073459
51450	-0.130567
51500	0.057024
51550	-0.079830
51600	0.033878
51650	-0.067227
51700	-0.164792
51750	-0.122931
51800	0.045386
51850	0.065681
51900	-0.010708
51950	-0.184010
52000	-0.011713
52050	-0.087867
52100	0.017903
52150	-0.030339
52200	-0.107149
52250	0.114002
52300	-0.011284
52350	-0.043060
52400	0.012993
52450	-0.036563
52500	0.075642
52550	0.090170
52600	0.129294
52650	-0.117774
52700	-0.026190
52750	0.037697
52800	-0.170468
52850	-0.072925
52900	0.065403
52950	-0.096903
53000	0.023755
53050	-0.036086
53100	0.177138
53150	-0.017397
53200	0.138056
53250	-0.029639
53300	0.027566
53350	0.038339
53400	-0.156173
53450	0.173980
53500	0.024541
53550	-0.184566
53600	0.012222
53650	-0.073958
53700	0.042394
53750	-0.222175
53800	-0.183478
53850	0.077920
53900	-0.117299
53950	-0.128437
54000	0.063729
54050	-0.012669
54100	-0.029894
54150	0.144255
54200	0.005532
54250	0.230507
54300	0.141708
54350	-0.051998
54400	0.220177
54450	0.149679
54500	-0.137859
54550	-0.276157
54600	0.124527
54650	-0.104134
54700	-0.143459
54750	0.045784
54800	0.201910
54850	-0.122076
54900	0.161191
54950	0.032450
55000	-0.105268
55050	0.007707
55100	0.142480
55150	0.014868
55200	0.091291
55250	0.079175
55300	0.000159
55350	0.126463
55400	0.129155
55450	0.023736
55500	-0.048834
55550	-0.073105
55600	-0.133637
55650	0.017267
55700	-0.000305
55750	0.023494
55800	-0.031185
55850	0.062399
55900	0.054226
55950	0.032553
56000	-0.025057
56050	0.143145
56100	-0.003639
56150	0.032665
56200	0.180846
56250	-0.133447
56300	-0.011384
56350	0.150462
56400	0.083125
56450	0.022127
56500	-0.091449
56550	0.125304
56600	0.134488
56650	0.142283
56700	0.053194
56750	0.071752
56800	0.035233
56850	-0.128215
56900	0.104448
56950	0.000426
57000	0.032431
57050	0.079374
57100	0.040885
57150	0.051607
57200	-0.005757
57250	0.148636
57300	-0.229558
57350	0.115658
57400	-0.071515
57450	-0.098393
57500	0.103776
57550	0.001633
57600	0.028232
57650	-0.061750
57700	-0.257965
57750	-0.025700
57800	0.111978
57850	0.178254
57900	0.004426
57950	0.202715
58000	0.139836
58050	-0.026249
58100	-0.014361
58150	0.072491
58200	-0.035599
58250	0.298869
58300	-0.143259
58350	0.110849
58400	0.194153
58450	-0.037894
58500	0.045437
58550	-0.102546
58600	0.073975
58650	0.145063
58700	0.022645
58750	0.118861
58800	0.059485
58850	-0.105984
58900	-0.139827
58950	-0.063078
59000	-0.038198
59050	-0.064426
59100	0.040104
59150	-0.002420
59200	-0.110618
59250	-0.146195
59300	-0.068269
59350	0.056691
59400	0.074643
59450	-0.060689
59500	0.027166
59550	-0.163340
59600	0.077916
59650	-0.079504
59700	-0.116279
59750	-0.319873
59800	0.214691
59850	0.103554
59900	0.013769
59950	-0.039369
60000	0.017187
60050	-0.225623
60100	0.228413
60150	-0.024470
60200	-0.136731
60250	-0.197027
60300	-0.065988
60350	0.084055
60400	0.062674
60450	0.150900
60500	0.137361
60550	-0.060674
60600	-0.044976
60650	-0.069134
60700	0.055161
60750	-0.262690
60800	-0.053694
60850	0.052172
60900	-0.138498
60950	0.088222
61000	-0.001182
61050	-0.025866
61100	-0.053610
61150	-0.172625
61200	0.189183
61250	-0.013248
61300	0.193052
61350	-0.092456
61400	0.004898
61450	-0.111848
61500	-0.032331
61550	-0.012287
61600	0.051232
61650	-0.121144
61700	0.116652
61750	0.188704
61800	-0.073995
61850	-0.158815
61900	-0.166359
61950	-0.148957
62000	-0.123200
62050	-0.181282
62100	-0.179481
62150	-0.080664
62200	-0.120502
62250	0.000054
62300	-0.000730
62350	-0.003674
62400	-0.067572
62450	-0.147094
62500	0.136388
62550	0.059107
62600	-0.153432
62650	-0.151767
62700	-0.042777
62750	-0.146634
62800	0.020049
62850	0.137579
62900	0.091124
62950	-0.024949
63000	-0.093448
63050	-0.026206
63100	-0.052616
63150	0.053380
63200	0.146606
63250	0.060035
63300	0.087504
63350	0.085309
63400	0.022191
63450	-0.054500
63500	-0.222495
63550	-0.109784
63600	0.068074
63650	0.010655
63700	-0.089614
63750	0.006775
63800	-0.070622
63850	-0.230376
63900	-0.153291
63950	0.005798
64000	0.276971
64050	0.301830
64100	0.174883
64150	0.140291
64200	0.093579
64250	-0.105749
64300	0.154611
64350	0.033227
64400	0.033998
64450	0.045800
64500	-0.052201
64550	0.057922
64600	-0.042914
64650	-0.032465
64700	0.088998
64750	0.046159
64800	-0.145215
64850	0.108426
64900	-0.091845
64950	-0.121909
65000	0.087822
65050	0.105707
65100	0.161574
65150	0.052387
65200	0.196034
65250	-0.056805
65300	0.236291
65350	0.085822
65400	0.066463
65450	0.006473
65500	0.071122
65550	-0.075900
65600	-0.059525
65650	0.093944
65700	-0.057566
65750	0.013472
65800	-0.149625
65850	0.033233
65900	0.021285
65950	-0.104724
66000	0.019724
66050	-0.111079
66100	0.048448
66150	0.181271
66200	0.086197
66250	0.027276
66300	0.119352
66350	0.068133
66400	-0.011724
66450	-0.103994
66500	-0.051355
66550	0.031718
66600	0.010159
66650	-0.038741
66700	0.090102
66750	0.065721
66800	0.002392
66850	-0.042882
66900	-0.033825
66950	0.008035
67000	0.034545
67050	0.021771
67100	0.064407
67150	-0.075898
67200	-0.114462
67250	0.013928
67300	0.039243
67350	0.024993
67400	0.034887
67450	-0.093061
67500	0.084497
67550	-0.051974
67600	0.205407
67650	0.109862
67700	0.099391
67750	-0.067357
67800	-0.087590
67850	0.059256
67900	-0.175955
67950	0.023269
68000	0.062761
68050	0.043959
68100	0.239461
68150	0.031452
68200	-0.027610
68250	0.050146
68300	-0.157457
68350	-0.050832
68400	0.172657
68450	0.036360
68500	-0.213091
68550	-0.149759
68600	-0.030390
68650	-0.098169
68700	-0.089794
68750	-0.032299
68800	-0.104626
68850	0.037768
68900	-0.030197
68950	0.009773
69000	0.020292
69050	-0.140430
69100	-0.018282
69150	0.072124
69200	-0.074519
69250	-0.122670
69300	0.016400
69350	-0.000603
69400	-0.100495
69450	0.054034
69500	-0.110620
69550	-0.135421
69600	0.048945
69650	-0.106975
69700	-0.152034
69750	-0.077524
69800	0.015387
69850	0.003293
69900	0.009624
69950	0.042046
70000	-0.032995
70050	0.136079
70100	-0.022087
70150	0.090702
70200	0.047828
70250	-0.160617
70300	-0.125085
70350	0.108729
70400	-0.036217
70450	0.013088
70500	-0.061245
70550	-0.194337
70600	0.020543
70650	0.027809
70700	0.119724
70750	-0.079149
70800	-0.165815
70850	-0.103303
70900	-0.074974
70950	0.084804
71000	-0.210011
71050	-0.082791
71100	-0.054374
71150	-0.088112
71200	-0.015234
71250	0.122716
71300	-0.067698
71350	-0.067858
71400	0.012559
71450	-0.046873
71500	0.100315
71550	-0.200436
71600	-0.176009
71650	-0.015220
71700	-0.001359
71750	-0.248627
71800	-0.157180
71850	0.046783
71900	0.043587
71950	-0.085737
72000	-0.082102
72050	-0.187686
72100	-0.112781
72150	-0.121606
72200	0.105506
72250	-0.022232
72300	-0.134950
72350	0.105524
72400	-0.060403
72450	0.036003
72500	0.034419
72550	-0.076498
72600	0.037842
72650	0.103007
72700	0.011968
72750	-0.044663
72800	0.024499
72850	-0.130897
72900	-0.004944
72950	-0.089435
73000	0.066014
73050	0.063060
73100	0.031379
73150	0.121729
73200	0.153199
73250	0.119709
73300	0.034680
73350	-0.049533
73400	0.015242
73450	0.123526
73500	-0.006979
73550	-0.016024
73600	0.108758
73650	0.154542
73700	-0.008396
73750	0.042297
73800	0.059584
73850	-0.008155
73900	0.023090
73950	-0.163279
74000	0.064608
74050	0.019832
74100	-0.083719
74150	0.001391
74200	-0.057142
74250	0.315934
74300	-0.144931
74350	-0.105817
74400	-0.222519
74450	0.054556
74500	0.077381
74550	0.147595
74600	0.111227
74650	0.089382
74700	0.070121
74750	0.017639
74800	-0.054691
74850	-0.141703
74900	0.093160
74950	-0.130309
75000	0.021466
75050	-0.213024
75100	0.016262
75150	-0.080666
75200	-0.040926
75250	-0.086116
75300	0.107535
75350	0.027709
75400	-0.196482
75450	0.080955
75500	0.088567
75550	0.070382
75600	0.012301
75650	-0.026452
75700	-0.085592
75750	-0.043404
75800	-0.000907
75850	0.027073
75900	0.006986
75950	0.040087
76000	0.241282
76050	0.225275
76100	0.054229
76150	0.083768
76200	0.165510
76250	0.091869
76300	0.007329
76350	0.033042
76400	0.086797
76450	0.088185
76500	0.030991
76550	0.046266
76600	0.092211
76650	-0.008157
76700	0.146096
76750	-0.076371
76800	-0.091728
76850	0.072897
76900	0.078245
76950	0.071803
77000	-0.018668
77050	-0.234270
77100	0.107245
77150	0.246286
77200	-0.060437
77250	0.033495
77300	0.083550
77350	-0.343300
77400	0.135703
77450	0.174850
77500	0.143114
77550	0.085125
77600	0.112943
77650	0.013267
77700	0.007147
77750	0.081669
77800	0.053486
77850	0.104617
77900	0.074495
77950	0.146321
78000	0.016538
78050	0.017728
78100	-0.177713
78150	0.030911
78200	0.051723
78250	0.122129
78300	-0.008411
78350	-0.039193
78400	-0.076996
78450	-0.029421
78500	0.122152
78550	0.015464
78600	0.225479
78650	0.036008
78700	-0.095612
78750	-0.011070
78800	-0.081639
78850	0.058781
78900	0.063994
78950	-0.127750
79000	0.019664
79050	0.066014
79100	-0.105771
79150	0.047947
79200	0.139971
79250	0.066591
79300	-0.090470
79350	-0.155095
79400	0.162141
79450	0.272540
79500	0.034574
79550	-0.072934
79600	0.172089
79650	0.059231
79700	0.013071
79750	0.035345
79800	0.027176
79850	0.011492
79900	-0.215884
79950	-0.054827
80000	-0.297495
80050	0.019344
80100	0.077375
80150	-0.013973
80200	-0.154929
80250	-0.016221
80300	-0.163442
80350	0.056304
80400	0.215142
80450	0.062544
80500	-0.055183
80550	0.076733
80600	0.007796
80650	-0.034593
80700	0.052991
80750	-0.001635
80800	0.025062
80850	-0.152819
80900	-0.002601
80950	0.079132
81000	-0.134839
81050	0.000931
81100	-0.127523
81150	-0.164781
81200	0.103904
81250	0.095010
81300	-0.115229
81350	0.012604
81400	0.034717
81450	0.026475
81500	-0.030408
81550	0.182386
81600	-0.188152
81650	-0.175004
81700	-0.035621
81750	0.030924
81800	-0.006201
81850	-0.085985
81900	0.097494
81950	0.032014
82000	-0.058473
82050	0.070459
82100	-0.109295
82150	0.074768
82200	0.030695
82250	-0.006918
82300	-0.063842
82350	-0.227648
82400	0.010415
82450	-0.022652
82500	0.029147
82550	0.120503
82600	-0.089275
82650	-0.122085
82700	0.014647
82750	0.043084
82800	-0.059679
82850	0.154337
82900	0.127699
82950	0.046536
83000	-0.007965
83050	0.023360
83100	-0.148566
83150	-0.152189
83200	0.031458
83250	-0.139437
83300	-0.089624
83350	0.023626
83400	-0.078915
83450	0.004798
83500	0.007195
83550	0.098243
83600	0.023504
83650	-0.086748
83700	0.074112
83750	-0.079743
83800	0.207145
83850	0.153632
83900	-0.085479
83950	0.017793
84000	0.061362
84050	-0.004682
84100	0.046245
84150	0.119143
84200	-0.098406
84250	-0.077238
84300	-0.052917
84350	-0.137874
84400	0.052982
84450	-0.012343
84500	0.117341
84550	-0.053431
84600	-0.044073
84650	-0.140524
84700	-0.007471
84750	-0.059551
84800	0.000880
84850	-0.097707
84900	0.021138
84950	-0.004586
85000	-0.126719
85050	-0.100278
85100	-0.094937
85150	-0.046774
85200	0.096673
85250	0.115515
85300	-0.113220
85350	0.044871
85400	-0.186403
85450	-0.160272
85500	-0.095275
85550	-0.043735
85600	-0.093960
85650	-0.081269
85700	-0.066475
85750	-0.083054
85800	-0.149148
85850	-0.064493
85900	-0.060261
85950	-0.140874
86000	-0.018894
86050	-0.008223
86100	0.119957
86150	0.004449
86200	-0.067262
86250	-0.022166
86300	0.234219
86350	0.085530
86400	-0.010514
86450	0.109836
86500	0.154913
86550	-0.069668
86600	0.262986
86650	-0.029695
86700	-0.219097
86750	-0.251163
86800	0.028433
86850	-0.022602
86900	0.070799
86950	0.075090
87000	-0.038324
87050	-0.065366
87100	0.139565
87150	-0.169210
87200	-0.031146
87250	0.104004
87300	0.096516
87350	0.052922
87400	0.021620
87450	0.038488
87500	0.147341
87550	-0.195292
87600	-0.036848
87650	-0.199449
87700	0.070130
87750	0.126939
87800	-0.133796
87850	-0.191829
87900	-0.027108
87950	-0.062040
88000	-0.042937
88050	-0.067345
88100	0.106086
88150	0.104704
88200	-0.187441
88250	0.065513
88300	0.031373
88350	0.118284
88400	-0.058942
88450	-0.053049
88500	0.128464
88550	-0.179702
88600	0.027223
88650	0.097204
88700	-0.072666
88750	-0.019387
88800	-0.069422
88850	-0.012961
88900	-0.049414
88950	-0.049155
89000	0.092525
89050	-0.103037
89100	0.082992
89150	0.006562
89200	0.145670
89250	0.055694
89300	0.001580
89350	-0.164201
89400	-0.016766
89450	0.047341
89500	-0.088457
89550	-0.038772
89600	-0.123403
89650	-0.189164
89700	-0.105469
89750	-0.146038
89800	-0.138283
89850	-0.158639
89900	-0.033729
89950	0.104576
90000	0.176477
90050	0.075079
90100	0.093796
90150	-0.122714
90200	0.049955
90250	-0.168298
90300	-0.148111
90350	-0.003336
90400	-0.106482
90450	-0.048188
90500	0.193647
90550	0.169198
90600	0.001237
90650	0.030466
90700	0.026205
90750	0.017515
90800	-0.010235
90850	-0.065725
90900	-0.150534
90950	-0.067293
91000	-0.115860
91050	-0.157981
91100	-0.068089
91150	-0.010344
91200	-0.006003
91250	-0.004110
91300	0.094619
91350	-0.059470
91400	-0.013065
91450	0.017902
91500	-0.244777
91550	-0.061503
91600	0.031428
91650	-0.095239
91700	0.270709
91750	0.137135
91800	0.026316
91850	-0.111594
91900	-0.128183
91950	-0.175558
92000	0.000933
92050	-0.138869
92100	-0.019598
92150	0.138793
92200	0.074711
92250	0.099160
92300	-0.115835
92350	-0.071834
92400	0.024940
92450	-0.100401
92500	-0.131903
92550	-0.112373
92600	-0.117198
92650	0.057126
92700	-0.013031
92750	0.024420
92800	0.052300
92850	0.090141
92900	0.249670
92950	0.087658
93000	-0.007890
93050	0.079638
93100	0.011355
93150	-0.013896
93200	-0.187927
93250	-0.074179
93300	0.072658
93350	-0.030745
93400	-0.094887
93450	-0.065671
93500	0.074921
93550	0.205564
93600	0.087128
93650	0.048891
93700	0.201630
93750	-0.127107
93800	0.073563
93850	0.068845
93900	-0.096773
93950	-0.094677
94000	0.056214
94050	0.006682
94100	-0.083916
94150	0.060944
94200	-0.056264
94250	-0.106422
94300	-0.145295
94350	0.123175
94400	-0.123657
94450	0.162986
94500	-0.030989
94550	-0.068442
94600	-0.056267
94650	-0.170828
94700	0.047527
94750	-0.010730
94800	0.065285
94850	-0.041597
94900	-0.172642
94950	0.031298
95000	0.082349
95050	0.158477
95100	-0.058257
95150	-0.190608
95200	-0.096832
95250	-0.011243
95300	-0.023964
95350	0.146723
95400	0.041363
95450	0.063108
95500	-0.011754
95550	0.010348
95600	0.079068
95650	0.053965
95700	-0.202674
95750	-0.054625
95800	0.011409
95850	0.012605
95900	0.161533
95950	0.097977
96000	-0.055473
96050	-0.140524
96100	-0.091969
96150	0.078126
96200	-0.076562
96250	-0.056788
96300	0.204790
96350	0.128872
96400	0.266321
96450	-0.024859
96500	-0.071029
96550	-0.006940
96600	0.120491
96650	-0.135911
96700	0.066982
96750	-0.083338
96800	0.053493
96850	-0.169412
96900	0.034295
96950	0.067766
97000	-0.161131
97050	0.014346
97100	0.067561
97150	-0.192830
97200	-0.017509
97250	-0.154281
97300	-0.233114
97350	0.094985
97400	-0.063418
97450	0.041020
97500	-0.103920
97550	-0.038017
97600	0.051670
97650	-0.230197
97700	0.190393
97750	0.028639
97800	0.011026
97850	-0.116880
97900	0.073876
97950	0.090245
98000	-0.113219
98050	0.064400
98100	0.015519
98150	0.037066
98200	-0.062297
98250	0.067969
98300	0.164849
98350	-0.170970
98400	0.080576
98450	-0.031310
98500	0.061142
98550	-0.031545
98600	-0.065502
98650	-0.004929
98700	0.113979
98750	-0.074241
98800	-0.167487
98850	0.032944
98900	-0.002329
98950	-0.187461
99000	0.027119
99050	0.045372
99100	0.043592
99150	0.006375
99200	-0.069917
99250	0.017660
99300	0.041047
99350	-0.072603
99400	-0.253896
99450	-0.057286
99500	0.143417
99550	-0.027428
99600	0.086317
99650	-0.165802
99700	-0.029000
99750	-0.046453
99800	-0.114692
99850	0.011151
99900	-0.065673
99950	-0.138536
100000	-0.110383
100050	-0.058963
100100	0.048854
100150	-0.037063
100200	0.066624
100250	0.057162
100300	0.026108
100350	0.058986
100400	0.074386
100450	-0.079620
100500	-0.089024
100550	-0.066878
100600	0.053008
100650	0.042318
100700	0.192054
100750	0.313139
100800	0.009598
100850	0.053998
100900	0.027326
100950	0.131545
101000	-0.113907
101050	0.224012
101100	0.030049
101150	0.094482
101200	-0.019051
101250	0.036911
101300	0.000757
101350	0.022345
101400	-0.024788
101450	-0.018127
101500	0.136998
101550	0.130189
101600	-0.002261
101650	0.198045
101700	0.164141
101750	-0.079482
101800	0.001280
101850	0.093712
101900	-0.026854
101950	-0.078772
102000	-0.105882
102050	0.060045
102100	0.084670
102150	0.110936
102200	-0.205448
102250	0.017924
102300	-0.108126
102350	-0.003557
102400	-0.051896
102450	-0.092614
102500	0.036268
102550	-0.178956
102600	-0.077816
102650	0.122741
102700	0.244857
102750	-0.044679
102800	0.078130
102850	-0.010163
102900	-0.003335
102950	-0.023555
103000	0.083456
103050	0.067273
103100	0.093246
103150	0.102467
103200	0.087465
103250	-0.041467
103300	-0.053704
103350	-0.102441
103400	0.167520
103450	-0.011983
103500	0.041890
103550	-0.058084
103600	-0.002802
103650	-0.110454
103700	-0.127828
103750	0.214537
103800	0.199152
103850	-0.052911
103900	-0.072791
103950	0.087780
104000	-0.088317
104050	0.139411
104100	0.026337
104150	0.004146
104200	0.055744
104250	-0.099103
104300	-0.219560
104350	-0.032023
104400	-0.066248
104450	0.003636
104500	0.104428
104550	-0.098183
104600	0.044545
104650	0.086544
104700	0.063319
104750	-0.003788
104800	0.052322
104850	0.074181
104900	-0.026100
104950	0.012830
105000	-0.115743
105050	0.037313
105100	-0.395367
105150	-0.044431
105200	0.048250
105250	-0.179821
105300	-0.003642
105350	0.000288
105400	0.063579
105450	0.000328
105500	0.025610
105550	0.032245
105600	-0.002735
105650	0.017552
105700	-0.027474
105750	-0.001729
105800	-0.176215
105850	0.089834
105900	0.155981
105950	0.217959
106000	-0.040994
106050	0.076740
106100	-0.026746
106150	0.035524
106200	0.169735
106250	0.176116
106300	0.210842
106350	0.090976
106400	-0.100507
106450	-0.019857
106500	-0.195092
106550	0.069276
106600	-0.045237
106650	-0.132988
106700	0.033669
106750	0.215894
106800	0.167088
106850	0.144416
106900	0.018094
106950	0.042615
107000	0.131999
107050	0.066210
107100	-0.042356
107150	0.121707
107200	0.126848
107250	-0.278549
107300	-0.097233
107350	0.144840
107400	0.125695
107450	-0.072849
107500	0.082613
107550	-0.100758
107600	-0.030742
107650	-0.156004
107700	-0.083877
107750	-0.118547
107800	-0.140469
107850	-0.108789
107900	-0.131859
107950	0.055596
108000	-0.225509
108050	0.001909
108100	0.091406
108150	-0.086363
108200	0.078675
108250	-0.057865
108300	0.154129
108350	0.068795
108400	-0.016693
108450	-0.038772
108500	-0.092646
108550	0.158678
108600	0.141852
108650	0.170687
108700	0.071760
108750	-0.063827
108800	0.087716
108850	-0.003585
108900	0.035476
108950	0.008392
109000	-0.021678
109050	0.077126
109100	-0.116207
109150	0.065175
109200	-0.037088
109250	-0.074903
109300	-0.150330
109350	0.163723
109400	0.105702
109450	-0.051536
109500	0.093325
109550	0.048394
109600	0.104245
109650	0.052137
109700	-0.139638
109750	-0.176515
109800	0.381913
109850	0.182790
109900	-0.174260
109950	0.070381
110000	-0.035930
110050	0.097270
110100	0.091956
110150	-0.201851
110200	-0.046983
110250	-0.181485
110300	-0.136774
110350	0.137739
110400	0.072937
110450	0.054924
110500	-0.158683
110550	-0.058900
110600	0.052792
110650	-0.053226
110700	-0.014090
110750	-0.002194
110800	-0.070360
110850	-0.080959
110900	0.045395
110950	-0.101751
111000	-0.084381
111050	0.008227
111100	0.037825
111150	0.132135
111200	0.118684
111250	-0.003172
111300	-0.176648
111350	-0.049347
111400	-0.037302
111450	-0.360999
111500	-0.124846
111550	-0.217098
111600	-0.154241
111650	0.006303
111700	0.257167
111750	0.104062
111800	0.068263
111850	-0.024988
111900	-0.061248
111950	-0.070542
112000	-0.141854
112050	-0.020026
112100	0.106280
112150	0.041161
112200	0.083566
112250	0.038639
112300	-0.153075
112350	-0.160597
112400	-0.100180
112450	-0.051474
112500	-0.060036
112550	0.161558
112600	0.130604
112650	-0.019201
112700	0.067212
112750	0.233493
112800	0.000157
112850	0.057000
112900	0.121522
112950	0.110617
113000	0.098330
113050	0.137954
113100	-0.217534
113150	-0.158172
113200	-0.031945
113250	-0.066049
113300	0.057492
113350	0.064241
113400	-0.018635
113450	-0.086910
113500	-0.117377
113550	-0.053210
113600	-0.053085
113650	-0.107988
113700	0.019319
113750	-0.136400
113800	0.032582
113850	-0.077794
113900	-0.063037
113950	0.080061
114000	0.017112
114050	0.042777
114100	-0.132593
114150	-0.148743
114200	0.151920
114250	-0.233339
114300	-0.045068
114350	-0.001480
114400	-0.039015
114450	-0.204059
114500	0.037666
114550	0.122113
114600	-0.206999
114650	-0.014963
114700	0.240100
114750	0.016966
114800	-0.119773
114850	-0.145681
114900	-0.116293
114950	-0.080039
115000	0.070952
115050	-0.029175
115100	-0.133611
115150	0.050104
115200	0.083991
115250	-0.317359
115300	-0.015554
115350	-0.085202
115400	0.001744
115450	0.049694
115500	-0.090344
115550	0.179835
115600	-0.183823
115650	0.035210
115700	0.062647
115750	0.070536
115800	0.124670
115850	-0.019294
115900	0.091812
115950	0.194524
116000	-0.037786
116050	0.077594
116100	0.079602
116150	-0.113665
116200	-0.053628
116250	-0.029419
116300	0.013693
116350	-0.174039
116400	0.212957
116450	0.075412
116500	-0.006501
116550	0.104682
116600	0.061450
116650	0.136144
116700	-0.103782
116750	0.175813
116800	0.021459
116850	0.068302
116900	-0.060473
116950	-0.017628
117000	-0.024453
117050	-0.237733
117100	0.128560
117150	-0.056184
117200	0.024931
117250	-0.158487
117300	-0.059943
117350	-0.183961
117400	0.091725
117450	-0.093632
117500	-0.137020
117550	0.122822
117600	0.023101
117650	-0.112974
117700	-0.049434
117750	-0.063536
117800	-0.019533
117850	-0.176603
117900	-0.063958
117950	0.096684
118000	-0.047240
118050	0.100823
118100	-0.098395
118150	-0.089207
118200	-0.141353
118250	0.026226
118300	0.010530
118350	0.092878
118400	-0.110203
118450	-0.057460
118500	-0.015097
118550	-0.099628
118600	0.143919
118650	0.157579
118700	0.022114
118750	-0.017539
118800	-0.054710
118850	0.142578
118900	0.202115
118950	0.231847
119000	0.169241
119050	0.110845
119100	-0.063869
119150	0.174223
119200	0.030534
119250	-0.287055
119300	-0.075034
119350	-0.007756
119400	-0.075128
119450	-0.053189
119500	-0.246078
119550	0.071693
119600	0.008410
119650	-0.128805
119700	-0.045781
119750	0.041731
119800	-0.018113
119850	0.044306
119900	-0.013433
119950	-0.048344
120000	0.071952
120050	-0.130711
120100	0.131212
120150	-0.142828
120200	-0.147611
120250	0.022751
120300	0.086466
120350	-0.088247
120400	0.037662
120450	-0.147148
120500	-0.007974
120550	-0.130626
120600	0.231190
120650	0.029706
120700	-0.027390
120750	0.010602
120800	-0.049737
120850	0.111765
120900	0.156555
120950	-0.027811
121000	0.002673
121050	-0.142942
121100	-0.167817
121150	-0.013095
121200	0.077797
121250	0.051820
121300	0.007980
121350	-0.030155
121400	0.038241
121450	0.227198
121500	-0.082096
121550	-0.081304
121600	0.004823
121650	0.032638
121700	0.078275
121750	-0.137815
121800	-0.170538
121850	-0.177633
121900	-0.220710
121950	0.018902
122000	-0.034492
122050	-0.129080
122100	-0.052009
122150	-0.034383
122200	-0.060189
122250	-0.155743
122300	-0.126056
122350	-0.035051
122400	0.165539
122450	0.049102
122500	0.036797
122550	-0.048700
122600	0.015423
122650	-0.114107
122700	-0.094923
122750	0.171230
122800	0.104359
122850	0.158092
122900	0.121536
122950	-0.028107
123000	0.167991
123050	0.040100
123100	0.017979
123150	0.040069
123200	0.063796
123250	-0.047907
123300	-0.029356
123350	-0.048682
123400	-0.014688
123450	-0.053807
123500	-0.006680
123550	0.114147
123600	0.012091
123650	-0.073373
123700	-0.112959
123750	-0.105181
123800	-0.054614
123850	-0.150800
123900	-0.086387
123950	-0.123209
124000	-0.000204
124050	-0.070451
124100	-0.010247
124150	0.189318
124200	-0.021616
124250	-0.026936
124300	-0.092062
124350	-0.062157
124400	0.120218
124450	0.001487
124500	0.027125
124550	-0.053607
124600	0.106147
124650	0.021804
124700	0.010728
124750	0.324799
124800	0.002203
124850	0.133207
124900	-0.013360
124950	0.047945
125000	-0.103242
125050	-0.129284
125100	-0.028072
125150	0.103602
125200	-0.055068
125250	-0.057819
125300	-0.242316
125350	0.050324
125400	0.071197
125450	0.040647
125500	-0.041755
125550	0.054805
125600	0.055378
125650	0.125734
125700	0.098671
125750	0.082247
125800	-0.224452
125850	-0.050827
125900	-0.057171
125950	0.048817
126000	-0.095853
126050	-0.112199
126100	-0.038102
126150	0.089811
126200	-0.075172
126250	0.067874
126300	0.125756
126350	-0.091336
126400	-0.002956
126450	0.150841
126500	0.144068
126550	-0.064241
126600	-0.067927
126650	-0.082050
126700	0.116579
126750	-0.070896
126800	0.006348
126850	0.014584
126900	-0.046297
126950	0.058539
127000	0.230150
127050	-0.053281
127100	-0.177707
127150	-0.170179
127200	0.031303
127250	0.024755
127300	0.075615
127350	0.297626
127400	-0.100225
127450	-0.113090
127500	0.097811
127550	-0.088977
127600	0.079240
127650	0.095200
127700	0.065711
127750	0.036768
127800	0.078388
127850	-0.019958
127900	0.081230
127950	0.119774
128000	-0.075842
128050	0.007795
128100	0.072852
128150	0.184451
128200	-0.028674
128250	0.052340
128300	0.003512
128350	-0.007332
128400	-0.060472
128450	0.310219
128500	0.151364
128550	-0.066047
128600	0.077385
128650	0.039523
128700	0.108636
128750	-0.061755
128800	0.143326
128850	0.047765
128900	-0.044304
128950	0.136676
129000	-0.081180
129050	-0.131136
129100	-0.062314
129150	-0.004087
129200	0.012122
129250	0.035342
129300	0.125589
129350	-0.044212
129400	0.102378
129450	0.067847
129500	0.002105
129550	-0.081328
129600	-0.083193
129650	-0.124456
129700	-0.068557
129750	0.107313
129800	0.165540
129850	-0.122427
129900	-0.209737
129950	-0.198229
130000	-0.150459
130050	0.063768
130100	0.059713
130150	-0.245603
130200	-0.024520
130250	-0.055926
130300	0.035438
130350	-0.066390
130400	-0.101377
130450	0.128103
130500	0.077163
130550	-0.020897
130600	0.150233
130650	-0.000273
130700	0.155603
130750	0.068331
130800	0.121342
130850	0.091610
130900	0.149916
130950	0.064128
131000	0.159157
131050	0.026149
131100	0.070165
131150	0.051966
131200	0.015617
131250	0.062743
131300	-0.191292
131350	-0.274553
131400	0.348916
131450	-0.029171
131500	-0.035781
131550	-0.203205
131600	-0.160276
131650	0.023883
131700	-0.092496
131750	-0.080109
131800	0.039069
131850	0.035675
131900	0.007017
131950	-0.137651
132000	-0.152468
132050	0.082463
132100	-0.113631
132150	-0.188862
132200	-0.094970
132250	-0.071900
132300	0.053577
132350	0.000266
132400	-0.125136
132450	0.130727
132500	0.199531
132550	0.072351
132600	-0.015190
132650	0.094914
132700	0.262493
132750	-0.084283
132800	-0.084192
132850	0.144667
132900	-0.153054
132950	-0.013197
133000	-0.038692
133050	0.026799
133100	-0.090288
133150	0.064490
133200	-0.066761
133250	0.060540
133300	0.224932
133350	-0.009338
133400	0.007559
133450	0.045965
133500	0.114293
133550	0.137552
133600	-0.077199
133650	0.002740
133700	0.080967
133750	-0.163646
133800	0.102469
133850	0.089885
133900	-0.120929
133950	0.024425
134000	0.100789
134050	-0.121318
134100	0.070536
134150	0.074552
134200	-0.173251
134250	-0.135598
134300	0.020091
134350	-0.084152
134400	0.147110
134450	-0.006010
134500	0.085080
134550	0.083139
134600	-0.118774
134650	-0.061115
134700	0.047017
134750	0.049139
134800	-0.185204
134850	-0.077528
134900	-0.086556
134950	0.099231
135000	-0.040737
135050	0.017437
135100	-0.002261
135150	-0.037218
135200	0.011722
135250	0.159103
135300	-0.052209
135350	-0.226376
135400	-0.220982
135450	-0.042921
135500	-0.159968
135550	0.118673
135600	-0.018579
135650	-0.080930
135700	0.072902
135750	0.018918
135800	0.031960
135850	-0.029241
135900	0.006302
135950	-0.146936
136000	-0.036937
136050	-0.039891
136100	-0.249878
136150	0.051034
136200	-0.016073
136250	-0.165120
136300	0.048897
136350	-0.046580
136400	-0.138032
136450	-0.106695
136500	-0.265227
136550	0.039187
136600	-0.124118
136650	-0.021263
136700	0.081296
136750	0.026707
136800	-0.065342
136850	0.071045
136900	-0.182531
136950	0.041975
137000	0.244809
137050	0.027608
137100	0.036103
137150	-0.052328
137200	-0.121149
137250	0.173714
137300	0.032254
137350	-0.061788
137400	0.076417
137450	-0.239927
137500	0.097592
137550	0.072395
137600	0.080012
137650	-0.030064
137700	-0.020168
137750	-0.063681
137800	-0.060513
137850	0.083020
137900	-0.247184
137950	0.103294
138000	-0.062134
138050	-0.100658
138100	0.066888
138150	-0.230397
138200	-0.050629
138250	-0.005098
138300	-0.111124
138350	-0.086321
138400	0.033735
138450	-0.164165
138500	0.049568
138550	-0.194740
138600	-0.043747
138650	-0.076206
138700	-0.036042
138750	0.154448
138800	0.151784
138850	-0.079803
138900	0.192916
138950	-0.025744
139000	-0.102534
139050	-0.043462
139100	-0.112886
139150	-0.099438
139200	-0.222918
139250	-0.037621
139300	0.035035
139350	-0.002712
139400	0.141832
139450	0.135483
139500	-0.010868
139550	-0.044330
139600	-0.077707
139650	-0.077518
139700	0.083281
139750	0.215904
139800	0.016160
139850	-0.119477
139900	0.030966
139950	-0.044238
140000	0.130101
140050	0.105538
140100	-0.037421
140150	-0.041427
140200	0.112152
140250	0.034594
140300	-0.109018
140350	-0.050204
140400	-0.109860
140450	-0.013382
140500	-0.016595
140550	0.092523
140600	0.043796
140650	0.076275
140700	0.026098
140750	0.005026
140800	-0.032405
140850	0.144174
140900	0.276905
140950	-0.049251
141000	-0.046956
141050	-0.010061
141100	-0.077835
141150	-0.133935
141200	0.102751
141250	0.046493
141300	0.102436
141350	0.099025
141400	-0.039004
141450	0.049077
141500	0.024353
141550	-0.010546
141600	0.011648
141650	0.116191
141700	-0.026463
141750	-0.059343
141800	-0.115395
141850	-0.110350
141900	-0.055665
141950	0.077764
142000	-0.018721
142050	0.002133
142100	-0.118803
142150	-0.165412
142200	-0.086799
142250	0.113079
142300	0.079521
142350	0.055657
142400	-0.133801
142450	-0.025404
142500	-0.124169
142550	-0.115220
142600	0.133825
142650	0.001672
142700	0.211077
142750	0.021433
142800	-0.205542
142850	0.096526
142900	0.081545
142950	0.154477
143000	-0.058092
143050	0.043797
143100	-0.068263
143150	-0.080358
143200	-0.103873
143250	0.153053
143300	-0.111207
143350	-0.077146
143400	0.047444
143450	-0.287689
143500	-0.069651
143550	-0.014073
143600	0.065191
143650	-0.135986
143700	0.028725
143750	-0.098783
143800	0.180793
143850	-0.087744
143900	0.052980
143950	0.015453
144000	-0.080311
144050	-0.031855
144100	0.057061
144150	-0.061865
144200	0.038777
144250	0.234513
144300	0.106864
144350	-0.020955
144400	-0.006584
144450	-0.113289
144500	0.113299
144550	-0.042889
144600	-0.033535
144650	0.017384
144700	-0.158060
144750	-0.107543
144800	-0.099905
144850	0.047107
144900	0.021741
144950	0.106416
145000	0.044784
145050	0.103761
145100	-0.074581
145150	0.013159
145200	0.165732
145250	0.036407
145300	-0.092318
145350	-0.015592
145400	-0.119491
145450	0.027894
145500	0.093406
145550	-0.013739
145600	-0.238049
145650	-0.060821
145700	0.045234
145750	0.164065
145800	-0.005909
145850	0.232814
145900	-0.076840
145950	-0.038586
146000	-0.139270
146050	0.013834
146100	0.002060
146150	0.194117
146200	0.070824
146250	-0.075272
146300	-0.078585
146350	0.108209
146400	-0.063556
146450	0.146490
146500	-0.019515
146550	-0.023581
146600	0.050169
146650	-0.117459
146700	-0.041592
146750	0.039432
146800	0.010830
146850	-0.154654
146900	0.030151
146950	-0.088110
147000	-0.062490
147050	-0.113436
147100	-0.054079
147150	-0.046043
147200	0.034666
147250	-0.132526
147300	0.156780
147350	-0.055912
147400	-0.028770
147450	-0.148502
147500	-0.179660
147550	-0.113604
147600	-0.052315
147650	-0.092941
147700	-0.020617
147750	-0.077975
147800	-0.176545
147850	-0.073535
147900	0.093737
147950	0.126260
148000	0.051611
148050	0.107360
148100	0.134212
148150	-0.128462
148200	-0.072989
148250	0.071988
148300	-0.022252
148350	0.026069
148400	-0.104551
148450	0.139033
148500	0.129155
148550	-0.081766
148600	-0.149517
148650	-0.263230
148700	0.072070
148750	-0.002218
148800	0.193871
148850	0.009552
148900	-0.047608
148950	0.065587
149000	-0.133481
149050	-0.211362
149100	0.173032
149150	-0.024544
149200	0.094672
149250	-0.002161
149300	-0.107100
149350	0.007191
149400	0.233197
149450	-0.093067
149500	0.019416
149550	-0.191502
149600	-0.033908
149650	0.062596
149700	0.050898
149750	-0.051394
149800	-0.042922
149850	0.028994
149900	0.212892
149950	0.008857
150000	0.103035
150050	0.028803
150100	0.347829
150150	0.029299
150200	-0.018820
150250	0.065878
150300	0.076956
150350	-0.073103
150400	-0.137550
150450	-0.089507
150500	-0.049961
150550	0.043656
150600	-0.199025
150650	0.025039
150700	0.268614
150750	-0.067341
150800	0.032504
150850	-0.063947
150900	0.001660
150950	0.046735
151000	-0.108250
151050	-0.050783
151100	0.009216
151150	-0.145603
151200	0.005977
151250	-0.173549
151300	-0.070561
151350	0.043523
151400	0.167752
151450	0.125959
151500	-0.098032
151550	-0.099029
151600	0.073417
151650	-0.053320
151700	0.098621
151750	0.109650
151800	0.000563
151850	-0.102552
151900	-0.153972
151950	-0.018411
152000	0.029934
152050	-0.083367
152100	-0.066504
152150	0.105884
152200	-0.000919
152250	0.051330
152300	-0.032452
152350	0.082642
152400	-0.060865
152450	0.003075
152500	0.009160
152550	0.146751
152600	0.040328
152650	0.070582
152700	-0.096555
152750	0.116169
152800	-0.005254
152850	-0.059189
152900	-0.100150
152950	-0.018798
153000	0.085806
153050	0.120581
153100	-0.029500
153150	0.011672
153200	0.071189
153250	-0.212422
153300	-0.159856
153350	-0.041829
153400	0.098799
153450	-0.024036
153500	-0.116380
153550	-0.060651
153600	-0.118955
153650	-0.103422
153700	0.121050
153750	0.155957
153800	-0.127885
153850	-0.066183
153900	0.182359
153950	0.193033
154000	0.042884
154050	0.118560
154100	0.052055
154150	-0.060837
154200	0.108073
154250	-0.065055
154300	-0.206413
154350	-0.160977
154400	0.090312
154450	-0.019306
154500	-0.125710
154550	0.006177
154600	-0.136996
154650	-0.054387
154700	0.146266
154750	-0.102493
154800	-0.059121
154850	-0.050679
154900	0.001266
154950	-0.003948
155000	-0.203643
155050	-0.094801
155100	0.127287
155150	-0.162076
155200	-0.040318
155250	0.110188
155300	-0.127767
155350	-0.095713
155400	-0.045105
155450	-0.045488
155500	0.043785
155550	-0.115136
155600	-0.050451
155650	0.149710
155700	0.042540
155750	0.148593
155800	0.032548
155850	-0.037301
155900	0.019318
155950	0.052709
156000	0.035131
156050	-0.024368
156100	0.228359
156150	-0.121068
156200	0.059211
156250	0.029886
156300	0.146972
156350	0.120869
156400	-0.002251
156450	0.092771
156500	-0.205309
156550	-0.078505
156600	-0.024710
156650	0.102466
156700	-0.028783
156750	0.126926
156800	-0.097489
156850	0.097865
156900	-0.121035
156950	0.017699
157000	0.028814
157050	0.053962
157100	0.055760
157150	-0.147405
157200	-0.065727
157250	0.060507
157300	-0.049368
157350	-0.225178
157400	-0.013574
157450	0.142788
157500	0.104831
157550	0.025034
157600	-0.014470
157650	0.122212
157700	-0.076868
157750	-0.064293
157800	-0.037528
157850	-0.110547
157900	-0.095223
157950	-0.102607
158000	-0.012383
158050	0.182630
158100	0.093489
158150	-0.076833
158200	0.223153
158250	0.122411
158300	0.139595
158350	-0.152473
158400	0.105304
158450	-0.169600
158500	-0.147000
158550	0.031085
158600	-0.079305
158650	0.110156
158700	0.105272
158750	-0.076801
158800	0.038079
158850	-0.054743
158900	0.011061
158950	-0.191428
159000	-0.080664
159050	-0.147720
159100	-0.048807
159150	-0.210293
159200	-0.212151
159250	-0.105006
159300	-0.021084
159350	-0.143607
159400	0.093233
159450	-0.110281
159500	0.083810
159550	0.034234
159600	0.020942
159650	0.015193
159700	-0.014598
159750	-0.048772
159800	0.108474
159850	-0.144349
159900	0.075416
159950	0.039643
160000	-0.093352
160050	-0.078877
160100	-0.198672
160150	0.080895
160200	0.113043
160250	0.000636
160300	-0.037115
160350	0.041344
160400	0.040845
160450	0.066857
160500	0.027918
160550	-0.119878
160600	-0.011061
160650	0.070733
160700	0.055530
160750	0.026872
160800	-0.043763
160850	-0.017938
160900	-0.137705
160950	0.146403
161000	-0.010265
161050	-0.028733
161100	0.159445
161150	0.037074
161200	0.001596
161250	-0.158168
161300	-0.022511
161350	0.173519
161400	0.037150
161450	-0.113042
161500	0.045125
161550	0.043129
161600	0.176911
161650	0.058581
161700	-0.028624
161750	0.084965
161800	0.130516
161850	-0.111014
161900	-0.187507
161950	-0.122938
162000	-0.097752
162050	-0.128431
162100	0.004318
162150	-0.083058
162200	0.157994
162250	-0.091246
162300	0.058035
162350	-0.133868
162400	-0.010652
162450	-0.080118
162500	0.077967
162550	0.033423
162600	0.238576
162650	0.022579
162700	0.050094
162750	-0.118863
162800	-0.004723
162850	-0.049810
162900	-0.148619
162950	-0.037005
163000	0.091109
163050	-0.038427
163100	0.198346
163150	0.072606
163200	0.067724
163250	0.118442
163300	0.122057
163350	0.154937
163400	0.136855
163450	0.096889
163500	0.007936
163550	-0.087976
163600	0.063340
163650	-0.097398
163700	0.096042
163750	-0.021290
163800	-0.064430
163850	-0.203839
163900	-0.079159
163950	-0.262166
164000	-0.135849
164050	0.011852
164100	0.023786
164150	-0.038824
164200	-0.102586
164250	-0.018002
164300	0.041577
164350	0.092627
164400	0.202314
164450	-0.000653
164500	-0.191551
164550	-0.113607
164600	0.014616
164650	0.027175
164700	-0.022751
164750	-0.037079
164800	0.049382
164850	0.016349
164900	0.011304
164950	-0.066658
165000	-0.156915
165050	0.049253
165100	0.158075
165150	0.129114
165200	-0.050062
165250	0.039985
165300	-0.088289
165350	-0.093042
165400	-0.027787
165450	-0.055892
165500	0.058612
165550	0.136938
165600	-0.128268
165650	-0.004865
165700	-0.127766
165750	-0.029878
165800	0.113044
165850	0.107934
165900	0.046718
165950	-0.018965
166000	0.076644
166050	0.057046
166100	0.026683
166150	0.148244
166200	0.078612
166250	-0.248888
166300	-0.007452
166350	-0.039632
166400	0.058734
166450	0.048829
166500	0.187462
166550	0.264663
166600	0.078642
166650	0.142326
166700	0.122182
166750	-0.037427
166800	-0.036225
166850	-0.005417
166900	0.123387
166950	0.101355
167000	0.078472
167050	-0.105831
167100	-0.044256
167150	-0.055619
167200	-0.104291
167250	-0.141825
167300	0.007014
167350	0.046002
167400	-0.116925
167450	-0.149756
167500	0.019460
167550	-0.042037
167600	0.046165
167650	0.227928
167700	-0.001481
167750	-0.091348
167800	0.171403
167850	-0.037214
167900	0.039029
167950	0.060212
168000	-0.006546
168050	-0.174451
168100	-0.140276
168150	-0.048860
168200	0.078644
168250	0.094792
168300	0.156839
168350	0.155281
168400	-0.002404
168450	0.067473
168500	-0.011644
168550	-0.024111
168600	-0.174914
168650	-0.018919
168700	0.071540
168750	0.175542
168800	-0.269112
168850	-0.044122
168900	0.105031
168950	-0.017447
169000	0.052371
169050	0.098775
169100	-0.031828
169150	-0.143833
169200	0.004904
169250	-0.058946
169300	-0.047125
169350	-0.223654
169400	-0.112078
169450	-0.041498
169500	0.059425
169550	0.197390
169600	-0.062599
169650	-0.079296
169700	0.043042
169750	0.133712
169800	0.157378
169850	-0.074010
169900	-0.127669
169950	0.125171
170000	0.004735
170050	0.043309
170100	-0.058590
170150	0.126717
170200	-0.055929
170250	0.014577
170300	-0.056304
170350	0.009550
170400	-0.057220
170450	0.084850
170500	-0.036978
170550	-0.054485
170600	0.044533
170650	0.087677
170700	-0.097896
170750	-0.131390
170800	-0.034024
170850	-0.082186
170900	0.061177
170950	0.153745
171000	0.136066
171050	-0.004758
171100	0.120883
171150	-0.046605
171200	-0.028344
171250	-0.121962
171300	0.019512
171350	0.040346
171400	-0.131489
171450	0.039473
171500	0.074252
171550	-0.215723
171600	0.024210
171650	-0.151737
171700	-0.041272
171750	-0.021891
171800	-0.234461
171850	-0.123903
171900	-0.051923
171950	-0.114936
172000	0.043427
172050	0.120528
172100	-0.074500
172150	0.071763
172200	0.119847
172250	-0.081083
172300	-0.066528
172350	0.050002
172400	-0.105555
172450	-0.272535
172500	0.001765
172550	0.065076
172600	-0.081362
172650	-0.165898
172700	-0.020084
172750	-0.116019
172800	0.175572
172850	-0.001900
172900	-0.115453
172950	0.019881
173000	0.039467
173050	-0.037775
173100	-0.299425
173150	0.124361
173200	-0.245642
173250	-0.036743
173300	0.060392
173350	0.055569
173400	-0.043648
173450	-0.026419
173500	-0.107643
173550	0.022404
173600	-0.092248
173650	-0.128186
173700	0.095152
173750	0.038039
173800	-0.123783
173850	-0.056741
173900	-0.081316
173950	-0.107950
174000	-0.187660
174050	-0.028189
174100	-0.170005
174150	0.138545
174200	0.090471
174250	-0.129067
174300	-0.024913
174350	0.003535
174400	-0.088425
174450	-0.023048
174500	-0.064651
174550	0.187751
174600	0.007517
174650	-0.129490
174700	-0.190900
174750	-0.089310
174800	0.031836
174850	-0.024549
174900	-0.087849
174950	-0.134374
175000	-0.205963
175050	0.140164
175100	-0.051111
175150	0.108558
175200	0.019892
175250	-0.061927
175300	0.242171
175350	0.084354
175400	0.043136
175450	-0.169244
175500	0.142460
175550	-0.053526
175600	0.118646
175650	-0.074114
175700	-0.060140
175750	-0.204602
175800	0.223371
175850	0.074499
175900	0.007439
175950	0.001249
176000	0.052820
176050	-0.113724
176100	-0.027207
176150	-0.036461
176200	-0.073109
176250	-0.018641
176300	-0.102732
176350	0.067868
176400	0.110611
176450	-0.251147
176500	-0.010704
176550	-0.035741
176600	0.123056
176650	-0.254020
176700	-0.149922
176750	0.100462
176800	-0.146912
176850	-0.093005
176900	-0.093873
176950	0.016520
177000	-0.025101
177050	0.104144
177100	-0.141182
177150	0.031838
177200	-0.051409
177250	0.184649
177300	0.038647
177350	-0.226989
177400	0.015602
177450	-0.032704
177500	0.043471
177550	0.023462
177600	-0.249323
177650	-0.038643
177700	-0.000649
177750	-0.164061
177800	-0.145512
177850	-0.008435
177900	-0.266556
177950	-0.045188
178000	0.102914
178050	0.069565
178100	-0.248559
178150	0.026337
178200	-0.056084
178250	0.001781
178300	-0.209702
178350	-0.076564
178400	0.019729
178450	-0.014071
178500	-0.010008
178550	-0.091784
178600	-0.118243
178650	-0.041217
178700	-0.016742
178750	0.190121
178800	-0.108148
178850	-0.042355
178900	-0.183811
178950	0.143639
179000	0.154982
179050	-0.040079
179100	-0.024537
179150	0.162687
179200	0.118594
179250	-0.050089
179300	0.003485
179350	0.079227
179400	0.006753
179450	0.010056
179500	0.053717
179550	-0.119096
179600	-0.186088
179650	0.025786
179700	-0.103560
179750	-0.030819
179800	-0.085971
179850	0.114497
179900	-0.011354
179950	-0.050766
180000	0.011530
180050	0.117011
180100	-0.032472
180150	0.096193
180200	-0.045706
180250	-0.014877
180300	-0.269796
180350	0.100981
180400	-0.099818
180450	0.088287
180500	-0.032306
180550	-0.117887
180600	-0.011755
180650	-0.064111
180700	0.150625
180750	-0.060807
180800	-0.041858
180850	-0.102792
180900	-0.040735
180950	0.049879
181000	0.028151
181050	0.122114
181100	-0.049500
181150	0.054475
181200	-0.006087
181250	-0.077766
181300	0.088076
181350	-0.070961
181400	-0.131359
181450	-0.226209
181500	0.204071
181550	0.040277
181600	-0.161492
181650	-0.029299
181700	0.214253
181750	-0.008317
181800	-0.065992
181850	0.027945
181900	-0.149687
181950	-0.096556
182000	-0.090916
182050	-0.007488
182100	-0.026076
182150	0.023746
182200	-0.002998
182250	0.015482
182300	0.330127
182350	-0.132812
182400	0.109740
182450	-0.183963
182500	-0.139901
182550	-0.107848
182600	0.067062
182650	0.014148
182700	0.015721
182750	0.041971
182800	0.080949
182850	-0.122769
182900	-0.051318
182950	-0.036446
183000	-0.060820
183050	0.151105
183100	0.082960
183150	0.079670
183200	0.009081
183250	-0.102624
183300	0.007140
183350	0.134203
183400	0.251672
183450	0.132688
183500	0.039963
183550	-0.025349
183600	0.227096
183650	-0.118379
183700	-0.066965
183750	-0.045288
183800	-0.138901
183850	-0.052734
183900	-0.120355
183950	-0.112914
184000	-0.024748
184050	0.003016
184100	-0.142853
184150	-0.181713
184200	-0.090205
184250	0.220083
184300	0.039884
184350	0.076314
184400	0.069332
184450	-0.130748
184500	0.007591
184550	0.165005
184600	-0.021039
184650	-0.203571
184700	-0.013035
184750	-0.156157
184800	-0.067406
184850	0.100262
184900	-0.140530
184950	-0.215678
185000	-0.157579
185050	-0.068566
185100	-0.148611
185150	0.006332
185200	0.057039
185250	0.075008
185300	0.066121
185350	0.076627
185400	0.015576
185450	0.071953
185500	-0.287690
185550	0.169891
185600	-0.068230
185650	-0.069472
185700	-0.078456
185750	0.022451
185800	0.054205
185850	0.051395
185900	0.086118
185950	0.020696
186000	-0.049557
186050	-0.000093
186100	-0.131580
186150	-0.114720
186200	0.037235
186250	-0.089155
186300	0.043460
186350	0.143086
186400	0.081827
186450	-0.220165
186500	-0.222631
186550	-0.032987
186600	-0.040807
186650	0.029715
186700	-0.140950
186750	0.052195
186800	0.230854
186850	0.102853
186900	0.276255
186950	-0.080695
187000	0.028554
187050	-0.101583
187100	0.017192
187150	0.224125
187200	0.082524
187250	0.026496
187300	-0.021291
187350	-0.016350
187400	0.063585
187450	0.005346
187500	-0.007973
187550	-0.281277
187600	0.097108
187650	0.061040
187700	0.121509
187750	0.179903
187800	0.017690
187850	0.071007
187900	-0.138958
187950	0.117663
188000	-0.005620
188050	0.013826
188100	0.231361
188150	0.053528
188200	0.001253
188250	0.191305
188300	0.060598
188350	-0.111489
188400	-0.130599
188450	-0.130848
188500	0.102342
188550	-0.006457
188600	-0.039330
188650	-0.166537
188700	-0.177218
188750	-0.005133
188800	0.172309
188850	-0.062694
188900	0.161968
188950	-0.118127
189000	-0.199131
189050	-0.161971
189100	-0.115936
189150	-0.039042
189200	0.183879
189250	0.008329
189300	0.212282
189350	0.146940
189400	-0.034361
189450	0.086308
189500	0.029153
189550	0.013928
189600	0.022064
189650	-0.000281
189700	0.089924
189750	-0.135394
189800	0.206740
189850	0.141619
189900	0.027723
189950	-0.150953
190000	-0.093339
190050	-0.095330
190100	-0.027276
190150	0.062555
190200	-0.011743
190250	-0.011147
190300	0.075795
190350	0.098735
190400	-0.241841
190450	-0.260855
190500	0.134499
190550	0.092352
190600	-0.095859
190650	-0.137524
190700	0.168000
190750	-0.041519
190800	-0.009486
190850	-0.127412
190900	0.140565
190950	-0.089142
191000	-0.161365
191050	0.047547
191100	-0.005722
191150	0.132551
191200	0.004135
191250	-0.040055
191300	-0.044703
191350	0.049916
191400	-0.084362
191450	-0.146356
191500	0.090696
191550	-0.211538
191600	-0.231055
191650	0.183738
191700	-0.087274
191750	0.029326
191800	0.150741
191850	0.148898
191900	0.048206
191950	-0.202351
192000	-0.273364
192050	0.133171
192100	0.040377
192150	-0.014096
192200	-0.160223
192250	-0.070290
192300	0.152590
192350	-0.181352
192400	-0.083018
192450	-0.152109
192500	0.144139
192550	0.063190
192600	0.050755
192650	0.014372
192700	0.093646
192750	-0.101158
192800	-0.051085
192850	0.118550
192900	-0.004191
192950	0.046676
193000	-0.048748
193050	0.028411
193100	-0.043161
193150	-0.078312
193200	-0.067286
193250	-0.173088
193300	-0.075299
193350	-0.079388
193400	-0.202827
193450	0.068076
193500	-0.033326
193550	0.183149
193600	-0.073192
193650	0.025499
193700	0.037612
193750	0.208635
193800	0.099696
193850	-0.050162
193900	-0.060752
193950	0.192880
194000	0.090967
194050	-0.013018
194100	0.050767
194150	0.083438
194200	-0.002099
194250	-0.032457
194300	0.096806
194350	-0.068544
194400	0.063272
194450	0.053045
194500	0.190860
194550	-0.054632
194600	-0.187519
194650	0.011519
194700	-0.206005
194750	0.107951
194800	0.198317
194850	0.044330
194900	-0.177347
194950	-0.046677
195000	-0.068090
195050	-0.266165
195100	-0.194413
195150	-0.239230
195200	-0.075680
195250	0.006269
195300	-0.006148
195350	-0.073884
195400	-0.004514
195450	-0.061581
195500	0.115307
195550	-0.023398
195600	0.013762
195650	-0.087088
195700	0.104434
195750	0.065637
195800	-0.084139
195850	-0.184596
195900	0.012142
195950	0.050826
196000	0.063105
196050	0.074721
196100	0.117940
196150	-0.207819
196200	-0.047997
196250	0.073900
196300	0.026999
196350	-0.263628
196400	0.091809
196450	0.061535
196500	-0.027179
196550	-0.194062
196600	-0.036126
196650	0.128044
196700	-0.063056
196750	-0.064363
196800	0.086943
196850	0.174143
196900	0.057702
196950	0.025801
197000	0.118803
197050	-0.146632
197100	-0.157560
197150	0.144594
197200	-0.014337
197250	-0.142608
197300	0.093446
197350	-0.167582
197400	-0.143950
197450	-0.027801
197500	0.185439
197550	-0.041718
197600	-0.116926
197650	0.091616
197700	0.050339
197750	0.039971
197800	0.177850
197850	0.296656
197900	-0.022549
197950	-0.010968
198000	-0.269232
198050	-0.165907
198100	0.013515
198150	-0.120698
198200	0.144027
198250	0.057794
198300	-0.069304
198350	-0.120270
198400	-0.262634
198450	0.085576
198500	-0.028175
198550	-0.146836
198600	0.147428
198650	-0.048591
198700	-0.022026
198750	0.132982
198800	-0.041744
198850	0.042456
198900	-0.092668
198950	-0.081592
199000	-0.004906
199050	-0.032780
199100	0.140979
199150	-0.184250
199200	-0.174632
199250	-0.061030
199300	0.102702
199350	-0.005116
199400	-0.243002
199450	-0.191852
199500	0.191944
199550	0.017176
199600	0.300865
199650	-0.027618
199700	-0.050536
199750	-0.104345
199800	0.092214
199850	-0.022006
199900	-0.095983
199950	0.143357
