1.979225
0.764203
0.663357
0.456888
0.262630
0.281986
0.289739
0.232644
0.176881
0.193733
0.137120
0.098271
0.085445
0.124369
0.150217
0.138897
0.084091
0.166735
0.076416
0.039697
0.196308
0.137114
0.109953
0.146905
0.132518
0.179728
0.127541
0.075387
0.042738
0.032817
-0.049149
0.057867
0.119658
0.041030
0.077822
0.054924
0.065674
0.046340
-0.013325
0.038981
0.008640
0.088650
0.118653
0.078541
0.045141
0.036295
0.026738
0.055882
0.036190
0.084613
0.074730
0.082499
0.022329
0.015894
-0.037825
-0.054069
0.018558
-0.043781
0.045496
0.029628
0.029581
-0.040631
-0.029838
0.055928
-0.027915
0.006504
-0.034244
0.117892
0.003462
0.015126
-0.015968
0.042202
0.082988
0.098511
0.170958
0.067158
0.094671
0.052813
0.050812
0.029199
0.077015
0.076572
0.027904
-0.046641
0.016674
0.029094
0.063672
0.062428
0.089249
0.052635
-0.015069
0.013780
-0.020092
-0.024758
0.023898
-0.037230
0.036832
0.071815
0.021464
0.087658
0.120355
0.050957
0.021800
0.076987
0.019720
0.066701
-0.016937
0.099639
0.037566
-0.033551
0.005743
0.007235
0.006815
-0.021799
-0.026527
0.038393
0.066733
-0.056423
0.034506
0.013008
-0.105178
-0.038046
0.045313
-0.019561
0.018319
0.050057
0.091795
-0.006099
0.029246
0.055184
0.104163
0.066887
0.032869
0.003417
0.001843
0.036886
0.036349
0.061919
0.046781
0.064443
0.104703
0.098712
0.041655
0.016997
0.065405
-0.022160
0.026841
0.022864
-0.071536
0.094975
0.098990
0.009230
0.077091
0.115448
0.078775
0.105143
0.096537
0.100765
0.071506
0.010232
0.105532
0.045868
0.021505
-0.008590
0.019253
0.052017
0.057169
0.046457
0.014410
0.012950
0.067172
-0.042545
0.041778
-0.011683
0.006140
0.091619
0.024369
0.095504
0.119033
-0.019478
-0.036717
-0.014240
0.039091
0.092727
0.069872
0.089495
0.082955
0.024761
0.046463
0.069120
0.007813
-0.063970
0.032567
0.084388
0.007527
0.053983
0.047296
0.056439
0.089726
0.085983
0.049748
0.107553
0.142988
0.016965
-0.004779
0.066103
0.030961
-0.044690
0.049608
0.046692
0.000541
0.055535
0.003092
-0.004821
0.098536
-0.006281
0.059701
0.048402
-0.020283
-0.011844
0.026993
0.002948
-0.061737
0.091738
0.075670
0.073994
0.083074
0.002778
0.030835
0.011255
0.004894
0.045443
-0.056110
-0.029560
0.025587
0.063625
0.041214
0.018522
-0.012447
-0.019517
0.004457
-0.057778
0.063240
0.019128
0.047704
0.035081
0.063700
0.025263
0.023168
0.038823
0.036757
0.055400
0.028488
0.022052
0.013911
-0.062032
-0.013433
-0.011357
-0.025808
-0.009105
-0.040295
0.011425
0.014113
0.015683
0.083817
0.076843
0.094241
0.100157
0.064988
0.114975
0.086767
0.040178
0.063345
0.058386
0.052289
0.060820
0.121457
0.111669
0.060154
0.053166
0.044968
0.071795
-0.023423
0.005714
0.044348
0.004221
0.045577
0.031119
0.048856
0.103121
0.105825
0.057437
0.042123
0.062367
0.045447
0.013995
0.050073
0.058226
0.018846
0.010286
0.055890
0.045163
0.019233
-0.026715
0.006080
0.054544
0.001595
0.088796
0.055351
0.002012
0.101462
0.108320
0.113812
-0.010437
0.035985
0.090922
0.035050
0.075206
0.034839
0.050263
0.086163
-0.067857
-0.029090
0.046914
-0.005937
-0.072394
-0.020227
0.001396
0.031130
0.065812
-0.011234
0.080801
-0.019111
0.015888
0.022349
-0.080848
-0.055678
-0.060993
-0.006258
0.012315
0.094109
0.003618
-0.024926
0.049814
-0.035219
0.031889
0.002553
0.052107
0.021505
0.019464
0.040885
-0.006528
0.087441
-0.052112
-0.026267
-0.035059
-0.061483
0.031718
0.032311
0.023749
-0.013335
0.025256
0.079244
0.025289
0.010599
0.002360
-0.023156
-0.005264
0.041185
-0.001817
0.005255
0.046114
0.032412
0.026960
0.028544
0.000159
-0.070948
0.114341
0.086342
0.021330
-0.015019
0.025523
-0.034173
-0.105998
0.012834
0.045262
-0.063848
-0.063739
-0.059997
0.029696
0.117385
0.044800
-0.007386
-0.019183
0.000963
0.025362
0.005568
-0.007723
0.020885
-0.002153
0.094035
0.036624
0.040733
-0.042900
-0.024123
-0.051643
-0.024935
0.016218
0.008009
0.019303
-0.015916
0.011108
0.037313
0.021629
0.002095
0.000993
0.025751
0.093112
-0.009688
-0.058153
-0.021482
-0.002106
-0.015272
0.076484
-0.046336
-0.049235
-0.063866
-0.039445
-0.091343
0.061722
0.028260
-0.042570
0.013373
-0.048800
0.009811
0.067163
0.063429
0.055200
0.091339
0.052329
-0.062361
0.081371
0.028586
0.064583
-0.041362
-0.020197
0.023318
0.017560
0.017655
-0.032373
-0.008133
0.020428
0.104761
0.038457
-0.002535
0.076779
0.033225
0.048411
-0.000871
0.063224
0.008051
0.074289
0.054615
0.064816
0.083531
-0.016003
0.064238
0.022984
0.012766
0.041710
0.009578
0.029955
0.049783
-0.063998
0.050986
0.056685
-0.033651
0.048647
0.085038
0.101923
0.062532
0.046622
0.128300
-0.032301
0.026714
-0.025033
-0.018112
0.074418
-0.000936
0.086986
0.017848
-0.062730
0.046215
0.097823
-0.023029
0.057562
0.149478
0.078930
0.001220
0.060536
0.075671
0.022192
0.100762
0.058268
0.025637
0.024399
-0.029741
0.014975
-0.052990
0.001108
0.024710
0.028618
0.031947
-0.000405
0.016778
0.039870
0.007635
-0.021191
-0.027648
0.002637
-0.013234
-0.008233
0.051479
0.003119
-0.006075
0.098095
0.017171
0.015188
0.105491
0.074822
0.020381
0.004691
-0.013740
0.019135
0.048203
-0.004232
0.018758
0.020940
0.008257
0.020237
-0.048966
-0.031057
-0.050122
0.048661
0.028616
0.063459
0.067493
0.042203
0.099948
0.014672
0.078265
-0.025623
-0.030312
0.054488
0.063480
0.161547
0.028997
0.069421
0.119811
0.068725
0.054211
0.029928
0.086240
0.005713
-0.089839
-0.063405
0.051366
0.074761
-0.058000
0.009394
0.022012
-0.066801
0.043051
0.012020
0.023041
0.019639
-0.102823
-0.048465
-0.006774
0.032385
0.047311
0.042148
-0.068505
0.004510
0.012409
0.065276
0.057538
0.015150
-0.019297
0.016019
0.026235
-0.008779
0.034804
0.038210
0.038683
0.012835
0.006121
0.020227
0.062794
0.003662
-0.049415
0.025765
0.005641
0.012577
0.020172
0.049054
0.060852
0.017899
0.117552
-0.052560
-0.021715
-0.001161
-0.026788
0.012840
0.001072
0.005157
-0.100275
-0.060552
-0.043990
-0.032349
0.000895
0.018486
0.008269
-0.018876
0.019935
0.088332
0.066969
-0.072581
-0.037952
0.013866
-0.036804
-0.027610
-0.025251
0.003726
-0.002987
-0.002984
0.039668
0.049030
-0.093450
0.029249
-0.054421
0.028771
0.067266
0.010324
0.012930
0.015858
0.043299
0.013573
-0.020018
-0.033643
-0.000905
-0.060391
-0.023865
0.005271
-0.065057
0.103341
-0.043837
0.063808
0.079625
-0.026147
0.036197
-0.054282
-0.062968
-0.008440
0.006574
0.033759
0.012389
-0.036887
-0.006603
-0.058325
-0.017120
0.027948
-0.078124
0.003253
0.005314
-0.046465
0.019543
0.016001
0.023088
0.084819
-0.020046
0.040649
0.029191
0.098664
0.075716
0.070949
0.035292
-0.058712
-0.039873
-0.043521
-0.024958
0.053612
-0.007803
-0.012496
-0.018229
-0.034634
-0.080039
-0.023677
0.056690
0.051767
-0.063050
-0.043711
0.026456
0.079961
0.036334
-0.033456
-0.010846
-0.011003
-0.006536
-0.006861
-0.024221
-0.071995
-0.020081
0.023267
-0.016203
0.032345
-0.019282
-0.023401
-0.010128
0.047820
0.108883
0.000141
-0.035488
0.037325
0.035534
0.026776
-0.031542
0.046627
-0.001841
-0.052961
0.026554
0.028486
-0.001876
0.021795
0.052049
0.040707
0.005176
0.040578
-0.046780
0.024880
0.086243
0.056906
-0.001825
0.065694
0.022355
0.051524
0.099246
0.092462
0.076663
0.027005
0.020934
0.059799
0.015374
0.034883
-0.004450
0.027860
0.019551
-0.049420
-0.029336
0.038585
0.062437
0.008212
-0.005068
-0.031924
-0.037506
0.024967
-0.022081
0.006561
-0.084695
0.006805
0.032915
-0.011538
0.089604
-0.024951
0.017338
0.045555
0.017097
-0.027749
-0.016176
0.028729
-0.021302
-0.019016
-0.001769
0.039467
0.105686
0.048688
0.032806
0.072754
0.024202
0.026600
-0.065839
0.030225
0.052904
0.016382
0.101405
0.036533
-0.055422
0.049901
-0.000741
0.063509
0.043779
0.047121
0.103190
0.054542
0.085335
0.056229
-0.027082
0.068017
0.017411
-0.010191
0.023851
0.018968
-0.029653
0.055527
-0.043176
-0.066762
0.001217
0.020156
0.054403
-0.010028
-0.069354
-0.029409
0.027496
0.057426
-0.001444
0.034044
0.009349
-0.038284
0.076849
-0.008389
-0.071853
0.044156
0.075842
-0.012915
0.049570
0.035393
0.001520
0.047283
0.110054
0.028255
0.029749
0.065973
0.065060
0.038626
0.057369
-0.015353
-0.034914
-0.002139
0.043958
-0.022906
-0.017296
-0.004916
0.020583
0.008951
0.033033
0.029410
0.022501
-0.073294
-0.022469
-0.033501
-0.010293
-0.096139
-0.026992
-0.101223
-0.063484
-0.013853
-0.130710
-0.034034
0.013193
0.021430
0.048133
0.037943
0.022802
-0.042636
0.014783
-0.013157
-0.057615
0.040536
0.013117
0.001738
-0.029822
-0.009714
0.065269
0.053882
0.088537
0.088036
-0.012120
0.020827
-0.011502
-0.107504
-0.116528
-0.038475
-0.000327
-0.054138
-0.084547
0.078892
0.076972
-0.017716
0.014474
-0.012542
-0.012632
-0.043116
0.034258
0.039369
0.086187
0.036392
-0.011803
0.060052
0.021356
0.045887
0.087163
0.032422
-0.034521
0.033927
0.009765
0.065020
0.018007
0.033062
0.067664
0.012306
0.014751
0.003385
-0.059052
0.043294
-0.012535
-0.011280
-0.002456
-0.103219
0.000924
0.054304
-0.021104
-0.018754
-0.074127
-0.028361
-0.038092
0.010618
-0.036820
-0.039135
0.059707
0.000206
-0.025286
0.051184
-0.006829
-0.033336
-0.035957
0.053511
0.020040
0.028446
-0.016132
-0.043341
-0.017381
-0.026110
0.026071
0.061054
0.067458
0.061523
0.111817
0.150156
0.002075
-0.034754
0.021581
0.051383
-0.006153
0.080498
0.090932
-0.049295
-0.084610
0.084722
0.017193
-0.071011
0.054710
0.026827
-0.027423
0.052446
0.057194
-0.000482
0.022890
0.068117
-0.026347
0.081631
-0.002811
0.011649
0.058138
-0.047475
-0.005250
0.012683
0.051937
0.037822
0.007780
0.022539
0.059834
0.088398
0.032880
0.034329
0.069599
0.030438
0.024078
0.048006
0.023694
-0.002265
0.016947
0.135729
0.074079
0.044774
0.178739
0.089420
-0.020419
-0.007105
-0.008823
-0.002428
0.053628
-0.021706
-0.010391
0.073190
-0.010298
-0.049837
0.008483
-0.034442
-0.075014
0.008733
-0.017621
0.013467
-0.001672
-0.005377
-0.011024
-0.039368
-0.068187
-0.039848
-0.066892
-0.019445
0.051978
0.020433
-0.006945
0.045678
0.069970
0.012659
0.066656
0.064606
0.099869
0.031520
0.090841
0.049417
0.013428
0.021522
-0.012329
0.061781
0.044536
0.017736
0.022289
0.059061
0.067931
-0.008922
0.019785
0.010394
-0.104894
-0.035084
-0.060504
-0.040397
0.059926
-0.071945
-0.012748
0.027192
0.012372
-0.037481
-0.003099
0.009291
-0.075039
0.057085
-0.050102
-0.090028
-0.011565
-0.023801
-0.005402
-0.088808
-0.040134
0.017607
-0.060345
-0.044460
-0.015393
-0.064221
0.022513
-0.004042
-0.002850
0.047500
-0.055861
0.025682
0.010826
0.031523
0.044050
0.037789
0.076916
0.074975
0.001241
0.010887
-0.022890
0.043209
-0.071362
-0.088293
-0.060990
-0.110443
-0.048023
0.066319
0.036501
0.022040
0.031829
-0.029503
-0.018018
-0.005826
0.046700
0.007987
0.044805
-0.004908
0.005285
0.030956
-0.080830
0.022359
0.085075
0.089228
0.065090
0.037361
0.081252
-0.020645
-0.052960
-0.021383
-0.081132
0.029017
0.000442
-0.002417
0.067918
-0.000386
-0.020381
0.018880
0.060030
-0.023655
0.005780
-0.055334
-0.026921
0.078211
-0.030410
-0.054068
-0.055503
-0.001506
0.004502
-0.027562
0.080241
0.049092
0.059603
-0.005466
-0.035594
-0.022399
0.013385
0.085701
0.053463
-0.067000
-0.001406
0.007637
0.034258
0.048332
0.023962
0.000341
-0.080824
-0.004492
-0.012074
-0.062501
0.033024
-0.005751
0.003222
-0.035555
-0.062391
0.013877
0.062764
0.022531
0.057723
0.051823
0.004416
0.004286
-0.026174
0.030819
0.026939
0.057536
0.048395
0.080700
0.066351
0.024321
0.083936
-0.005091
-0.041638
-0.040048
-0.004627
0.056898
-0.051791
-0.020287
-0.003841
-0.025929
0.013008
0.013521
0.005627
-0.056222
0.035110
0.055323
0.019923
0.070643
0.021654
0.108783
0.039252
0.011606
0.053364
0.029488
0.003519
-0.008980
0.027702
0.036529
-0.009482
-0.028382
0.044515
-0.090834
0.028827
0.003572
-0.040708
0.070731
-0.042010
0.033844
0.040159
-0.044513
0.001069
0.021557
-0.028622
0.052451
0.081750
0.057771
0.093931
0.112563
-0.030530
-0.064202
0.075499
0.049779
0.031849
0.042654
0.088571
0.041405
0.028659
0.008297
0.045071
0.001569
-0.023198
0.028833
0.044706
0.012052
-0.006067
-0.011172
0.076743
0.008320
0.015875
0.033126
0.029796
0.025814
0.021746
0.024432
0.069743
0.063862
0.039053
0.062631
-0.040795
-0.011536
0.018298
0.021796
0.001026
0.015513
-0.061287
-0.078549
0.002893
-0.007978
0.034244
-0.042717
-0.065230
-0.053582
-0.047264
-0.003185
-0.055913
0.071872
0.070581
0.023078
0.074235
-0.034442
0.070536
-0.057578
-0.020681
0.082295
0.038261
-0.027865
-0.008040
0.026482
0.019805
-0.024188
-0.064734
0.023110
0.013258
0.084233
0.046921
-0.085740
-0.006425
0.020393
-0.025686
0.015921
0.062550
0.065279
0.018866
0.139579
0.044122
0.011227
0.112026
0.045064
0.064635
0.087547
0.071559
0.068742
-0.065431
0.023099
-0.046064
-0.072466
-0.020527
-0.080711
0.010661
-0.013444
-0.050281
0.041358
-0.014205
0.036196
-0.002150
-0.029401
-0.018457
-0.055728
0.023751
0.029168
-0.029244
0.034340
-0.036205
-0.137848
-0.041153
-0.032727
0.076019
-0.017100
-0.016067
0.014356
0.042407
0.041666
0.048035
0.061022
0.040863
-0.014001
-0.045969
-0.005844
0.033034
0.020197
0.029970
-0.019063
-0.070241
-0.032032
-0.040808
-0.084769
-0.053802
0.052627
0.095909
0.018758
0.007680
0.036817
0.053473
0.015837
0.003491
0.034184
0.086039
0.039500
-0.038985
0.102890
-0.024198
-0.001287
0.018322
0.008199
0.025031
-0.061944
0.015643
-0.038501
0.005384
0.002956
0.001886
-0.048586
-0.001018
-0.006399
-0.031883
-0.010747
-0.020109
0.004011
-0.031593
0.068090
0.018747
0.054894
0.001885
0.018695
0.071871
0.039138
0.046909
0.021062
0.091480
0.046995
0.038205
0.096117
0.084082
-0.053052
0.022089
0.072704
-0.070454
0.042129
0.015809
0.027314
0.054427
-0.082154
-0.005111
0.015369
-0.082942
-0.029281
-0.009357
0.011343
-0.013908
0.101610
-0.017789
0.046528
0.030465
0.005521
0.049515
0.063063
0.022335
-0.088093
0.002330
-0.022610
0.037674
0.048641
0.006314
0.051326
0.009198
0.067398
0.023216
0.008001
-0.034730
0.024369
0.109561
-0.015074
-0.016609
0.034663
-0.022590
0.006539
0.057319
-0.025664
0.090063
0.115335
0.081371
0.060446
0.021900
0.035928
0.021391
-0.005855
0.114831
0.082107
-0.019137
0.073080
0.074822
0.069502
-0.013550
0.027110
0.145637
0.020296
0.046634
-0.035755
0.047205
0.053391
0.004321
0.120676
0.029746
-0.040785
0.140726
0.058268
0.043636
0.021368
0.013776
0.025148
0.095493
0.055266
0.042618
0.119527
0.095226
0.043082
0.048639
0.061472
-0.003278
-0.011072
-0.024698
-0.001550
-0.015803
0.001088
0.042147
0.091695
0.076544
-0.033943
0.050407
0.012689
0.011945
0.103868
0.089427
-0.004811
0.048347
0.050410
0.051701
0.050794
0.052556
0.102138
0.104213
0.020104
0.030653
0.037784
0.030273
0.061606
0.100640
0.137701
0.030764
0.030358
0.041774
-0.058012
-0.054502
0.036884
0.062193
0.080239
0.017018
0.009211
0.008197
0.021937
-0.039895
0.106435
0.006191
-0.053164
0.082672
0.038397
-0.005543
0.067694
0.047550
0.111148
0.041695
0.066448
0.058613
-0.090968
-0.031280
-0.023159
-0.054185
0.048399
0.051317
0.134532
0.073531
0.056373
0.030490
-0.038072
0.089806
0.058338
0.044919
0.057012
0.034489
0.052208
-0.010388
-0.019797
-0.010384
-0.031843
0.014317
-0.037453
0.003944
0.027559
0.020255
0.042241
-0.035528
0.018800
0.034246
0.047155
0.038126
0.068001
0.028878
0.040147
0.138585
0.058074
0.083777
0.069405
0.002354
0.091705
-0.059348
-0.023762
0.098197
0.032160
0.014824
0.046015
0.020389
0.050052
0.042873
0.065066
-0.003628
-0.014350
-0.122806
0.053042
0.035195
0.037561
0.034437
-0.023277
-0.018633
-0.010556
-0.013168
0.076989
0.072512
-0.010015
0.103727
0.113246
0.038532
-0.031393
0.069978
0.025961
-0.033253
0.055012
0.039244
-0.030816
-0.007773
-0.008516
-0.008670
-0.014300
0.021463
0.035949
-0.081135
0.024080
0.005383
0.003268
-0.018212
-0.104502
-0.045685
0.008120
-0.019727
-0.070683
-0.020979
0.052388
-0.073877
0.044064
0.044187
0.065921
0.009359
0.054374
0.016648
0.007436
0.011375
0.054629
0.037607
0.051121
0.084667
0.030619
0.031158
-0.031817
0.012215
-0.041784
-0.005105
0.028268
-0.073392
-0.008312
-0.017050
-0.041967
-0.023862
-0.030650
0.007142
0.002925
-0.068643
0.012424
-0.035117
-0.012444
0.037608
0.004649
0.062459
0.073065
0.059577
0.014152
0.100445
0.073274
0.000980
-0.021635
0.012123
0.003235
-0.064849
0.035142
0.018444
-0.012864
-0.050867
-0.073182
0.020583
-0.013703
-0.005931
-0.017070
-0.013367
0.019107
-0.012812
0.012385
0.042851
0.020845
0.017638
0.008442
0.017362
-0.023309
0.010763
0.093522
0.045770
-0.068060
-0.016536
0.007745
0.011454
0.052670
-0.072627
-0.005494
0.065866
0.109738
-0.000321
-0.028505
0.094843
-0.055796
-0.047075
0.015990
-0.088706
0.055514
-0.011876
-0.041849
0.032122
0.019796
-0.110338
-0.005508
-0.068628
-0.065493
0.000688
-0.031573
-0.008140
-0.010419
-0.025265
-0.048218
-0.066737
-0.016195
-0.033342
-0.027857
-0.014883
0.033924
-0.031053
0.010475
-0.016368
-0.001730
-0.019011
-0.120512
0.003247
0.050419
-0.009003
0.032936
0.099620
-0.013100
0.020710
0.051410
0.028791
0.062313
-0.033042
0.005206
0.084607
0.084925
-0.017578
0.087791
0.116129
0.045841
-0.018715
-0.022824
-0.007210
0.009855
0.002143
-0.020237
-0.035848
-0.016084
-0.004922
-0.007969
0.112024
-0.010412
-0.023561
0.042530
-0.046097
0.003198
-0.040801
-0.049455
0.011201
-0.050304
0.050360
0.041032
0.032954
-0.025031
0.085119
0.086713
0.060066
0.095761
0.046471
-0.018404
-0.031340
-0.039629
0.000143
0.069577
0.048094
0.022721
-0.033879
0.041703
-0.004790
0.072959
0.055069
-0.030119
-0.001653
0.024420
0.063461
0.030114
-0.083916
0.024058
0.021154
-0.072994
-0.054412
-0.043702
0.008965
-0.037441
-0.018388
0.099236
0.006429
0.014532
-0.005950
-0.023291
-0.021653
0.071772
0.070547
0.057102
0.160624
0.054515
0.004306
0.051148
0.059499
0.066469
0.102836
-0.019348
0.032694
0.005696
-0.017700
-0.099341
-0.055399
0.055766
0.008604
0.070390
0.065312
0.079197
0.002472
0.011058
0.093537
-0.096024
0.033262
0.085621
0.007698
0.058452
-0.029006
0.029612
0.061217
0.060608
0.025312
0.058184
0.074647
0.047328
0.020778
0.030680
-0.004680
0.062761
-0.046724
0.007682
-0.030953
-0.073333
-0.063313
-0.170263
-0.046370
-0.013348
-0.028371
0.035879
-0.002261
-0.050843
0.002371
0.084129
-0.024559
-0.068285
0.027226
-0.000637
-0.037853
0.054721
-0.034822
0.016343
0.080561
0.022704
-0.032283
-0.108547
0.029972
-0.041499
-0.055149
0.046445
-0.022375
-0.015571
-0.049652
-0.013930
-0.005877
-0.035612
-0.042786
0.018327
0.055024
0.009749
0.039599
0.012869
0.065562
0.064461
-0.019898
0.003802
0.023821
0.015678
-0.026583
0.014916
0.031865
0.078469
0.031641
-0.007381
0.022119
0.005526
0.019987
0.051843
0.026038
0.123737
0.049507
0.008253
-0.000759
0.035827
0.001269
0.075681
0.029018
0.010713
0.051231
0.004368
0.089217
0.049053
-0.110974
-0.033513
-0.085694
-0.105078
-0.045758
-0.062413
0.020756
-0.033702
0.004988
0.009989
0.015481
-0.046115
-0.002419
0.101530
0.095877
-0.042497
0.024706
0.044713
0.081533
0.021204
0.046533
0.007923
0.009689
0.061546
0.060543
-0.041654
0.013575
-0.002019
-0.027849
-0.003835
-0.023874
0.003935
-0.025104
0.030888
-0.077246
0.005870
0.021489
-0.017090
0.033674
0.088383
-0.005869
-0.041617
0.047383
0.071331
0.021743
0.029167
-0.021966
0.012758
0.013369
0.050491
0.044534
0.005067
0.132308
0.024340
0.000922
0.038253
0.018157
0.003254
0.033582
0.023869
0.020039
0.010394
0.038792
0.018972
-0.033401
0.045549
0.042874
-0.049529
-0.051322
-0.021657
0.109823
0.028816
-0.003201
0.047728
0.088672
0.062038
0.062203
-0.005881
0.050915
0.100025
0.000483
0.084275
0.038158
-0.004109
0.040434
0.065509
0.136960
0.070854
0.087444
0.081105
0.004525
0.064709
0.009865
0.033367
0.043282
0.005158
0.071481
0.067779
-0.060106
0.008851
-0.002105
0.047162
0.034163
0.041571
0.076298
-0.025929
0.066559
0.157619
0.032301
0.125286
-0.016501
0.022307
0.027251
0.008695
0.045153
0.010571
-0.056829
0.014311
0.027507
-0.032590
-0.043176
0.068485
0.022810
0.036035
0.036172
0.004350
0.043908
0.070406
0.004455
0.057488
0.071597
0.029009
-0.024256
0.024423
0.003194
0.016789
0.028050
-0.095547
-0.037263
-0.054104
-0.011463
0.004379
0.015326
0.012358
-0.100932
0.045758
-0.017217
-0.021374
0.070839
-0.017345
0.001712
0.088357
-0.011772
0.004480
-0.004011
0.017526
-0.014057
-0.047850
-0.050919
0.073829
-0.022133
0.060380
0.021463
-0.050517
-0.014647
-0.024721
0.004250
0.062446
0.033094
0.040136
-0.013675
-0.000068
0.061659
-0.022755
0.009499
0.019673
0.051383
0.040775
0.071259
0.061861
0.046762
-0.089002
-0.065623
-0.000698
-0.023557
-0.086702
0.071685
0.045399
-0.011733
0.015492
-0.039198
-0.039285
-0.001015
-0.041095
0.122911
0.061217
0.021413
0.003513
0.047214
-0.037291
0.000064
0.034291
0.013327
0.040937
-0.009056
-0.037310
-0.003125
0.002556
-0.043053
-0.004154
0.056489
-0.045942
0.048773
-0.005900
-0.009394
0.131295
-0.069528
0.007090
0.019706
-0.076007
0.023315
0.008778
0.022616
-0.040367
0.025785
0.011989
-0.060138
-0.016709
-0.016751
0.048543
0.116474
-0.035487
-0.076666
-0.060363
0.010186
0.001281
0.043328
0.064360
0.072126
0.018645
0.002281
0.048837
-0.053278
0.002591
-0.016535
0.047227
0.028351
-0.096553
0.046506
-0.038713
-0.019429
0.057522
0.020440
0.040568
0.070059
0.047140
0.046294
0.003362
0.018231
-0.010417
0.005907
0.031902
0.001953
-0.011048
0.056144
0.091621
0.037115
-0.026207
0.035949
0.106312
0.080276
-0.045403
0.006099
0.026652
0.040047
0.090876
-0.000888
0.080384
0.089344
-0.056502
-0.008132
0.024494
-0.064392
-0.059920
-0.047452
0.009204
0.009528
-0.039000
0.027031
0.019004
0.029123
0.057997
-0.019349
-0.036849
-0.009685
-0.015708
-0.099307
-0.076972
0.004704
0.007250
0.007664
-0.016019
0.017307
0.051480
0.039466
-0.001499
-0.087511
0.067321
0.055670
0.015482
0.028751
0.045767
0.043810
0.022496
-0.066704
-0.039029
-0.014622
-0.060959
-0.015239
0.047788
0.077996
-0.053290
-0.025132
0.039388
-0.005576
0.004750
0.018486
0.011120
-0.019908
-0.037568
-0.149638
-0.042292
0.023523
-0.035654
0.060229
-0.002789
0.074093
0.158622
0.028810
-0.028015
0.111971
-0.009668
-0.030281
0.040623
0.038536
-0.051241
0.054399
-0.016971
-0.066717
-0.055039
-0.018406
0.077490
0.009665
0.015241
0.019600
0.078977
0.071024
0.022360
0.069862
-0.012783
0.107159
-0.004269
-0.082550
-0.013226
-0.056830
0.112184
-0.035671
-0.021780
-0.002921
-0.061707
0.012817
0.086173
0.015876
-0.040520
0.057225
0.130952
0.004049
-0.011877
-0.004031
0.011634
-0.018597
-0.046786
0.034697
-0.033071
0.028284
-0.043635
0.008751
-0.003775
0.007260
0.058670
0.003212
0.041847
0.052111
-0.031405
-0.037401
-0.020739
-0.009501
0.032755
-0.012250
0.046307
0.104808
0.084441
0.059875
0.068832
-0.095366
0.033918
0.003782
0.069708
0.050883
-0.053543
0.024022
0.034250
-0.047162
-0.070637
-0.006394
0.030482
0.061649
0.024539
0.026500
0.022543
0.017826
0.054955
-0.020827
-0.035506
0.039015
0.013718
0.100348
0.035477
0.022290
0.030148
-0.062348
0.001665
0.067616
0.007999
-0.025884
-0.040177
-0.011157
0.018718
0.012453
0.089369
0.043809
0.061189
0.114864
-0.009783
0.026517
0.007818
0.016418
0.033743
-0.017032
-0.106118
-0.034847
0.012991
0.024785
-0.018741
0.021704
0.076567
0.066760
0.091106
0.005179
-0.075510
-0.091110
0.014110
0.037536
-0.049456
0.018640
0.055943
-0.032087
-0.035464
-0.132894
-0.027643
0.034308
-0.000817
0.017856
-0.065569
0.003739
-0.041597
-0.081510
0.011202
0.075996
0.027051
0.068902
-0.003325
0.045589
0.064137
-0.036972
0.127774
0.133528
0.051712
0.036093
0.016564
0.030086
0.038113
-0.020427
0.020911
-0.035974
0.062544
0.059889
0.016525
-0.019057
0.114729
-0.034312
-0.103618
0.021115
-0.003036
-0.061172
-0.026228
0.063398
-0.024380
-0.058112
-0.016654
-0.064543
-0.075693
-0.057240
-0.057489
-0.065730
-0.058050
0.015030
-0.017022
0.058935
0.104051
0.035953
0.025178
-0.024790
0.067726
0.050460
0.027328
0.040962
0.082631
0.068882
0.054195
0.026086
0.010337
-0.000206
-0.048160
-0.060080
-0.052202
-0.049923
-0.019705
0.061014
-0.041678
-0.023165
0.009621
0.040672
-0.030579
-0.041325
0.000204
0.014627
0.017773
0.098124
0.086061
-0.031944
0.040200
0.048995
-0.002584
0.019345
0.058925
0.118433
0.039682
0.068964
0.041002
-0.035467
0.021975
-0.029680
0.047920
0.016957
-0.032363
0.000130
0.028868
-0.034812
0.029042
0.005230
-0.039664
0.054438
-0.014088
-0.001180
0.026341
-0.043355
-0.042074
-0.065524
-0.026417
0.013731
0.048694
0.120206
0.004296
-0.033928
0.049236
0.049259
-0.005846
0.012092
0.021080
-0.063789
-0.002200
-0.010251
-0.048478
-0.089909
-0.037217
0.088749
0.034893
0.085711
0.044283
0.094706
0.126617
0.077636
0.103248
0.023794
-0.005578
-0.036788
-0.024867
-0.006005
-0.034339
-0.012500
0.044975
-0.038425
0.024174
0.053147
-0.052230
0.046858
0.052326
-0.031672
0.102879
0.055655
0.075668
0.141175
0.139879
0.004650
0.010665
0.080640
0.042232
0.041949
-0.027644
0.047979
0.124895
0.070488
-0.040666
0.016655
0.059322
-0.056962
0.034464
-0.017583
-0.005282
0.038171
-0.079779
-0.018968
0.043798
-0.094648
0.032272
0.003185
0.021587
0.015391
-0.066827
-0.030133
-0.073423
-0.021548
0.069837
-0.019108
-0.001998
0.083102
0.037116
-0.018658
-0.020228
-0.026699
0.070778
-0.060810
-0.032202
0.051756
-0.136559
-0.058197
0.018473
0.009429
-0.008246
0.006293
0.018112
-0.038754
-0.075089
0.021076
-0.011736
0.045753
-0.088852
0.023692
0.053115
-0.016478
0.041043
-0.005850
0.022245
0.048198
-0.009546
0.096099
-0.006477
0.042030
0.003348
0.003207
0.045141
0.010068
0.042260
0.079103
0.065136
0.039898
0.084617
0.045304
-0.031438
0.016782
-0.100496
-0.068813
0.078680
0.010026
-0.025850
-0.009440
0.071273
0.062151
0.033592
0.062625
0.090920
0.012179
0.023581
0.044330
-0.028084
0.054361
0.005240
0.051791
0.032381
0.093344
-0.020060
0.047010
0.066741
-0.034685
0.048439
-0.027093
-0.001048
0.069872
-0.026743
-0.055975
0.029607
-0.056967
0.020062
-0.032321
-0.026886
0.011799
-0.084164
0.004175
0.003184
0.058057
0.035977
0.000580
0.009870
0.006262
0.122081
-0.037859
0.012385
0.070723
-0.003591
0.000922
-0.005251
-0.013548
0.024598
-0.092136
-0.061354
-0.063059
-0.063567
-0.050939
-0.052158
-0.030126
0.050026
0.055956
0.038371
-0.011336
0.024318
-0.007364
-0.025060
0.094408
-0.024021
-0.033377
0.067209
-0.001209
0.021594
-0.054461
-0.037758
0.035336
-0.023076
0.052886
0.007155
-0.024410
0.026926
0.030269
0.055761
0.093396
-0.016893
-0.056543
-0.068085
-0.060080
-0.049576
-0.085928
-0.049089
-0.034096
0.032405
0.021363
-0.034092
0.081299
-0.008009
0.003084
0.014371
0.031413
0.086452
0.004544
0.092250
0.020968
-0.009015
0.094141
0.025071
0.021992
0.027176
-0.028325
-0.045577
-0.029459
-0.052319
0.002017
0.026085
0.014131
0.014916
0.044793
-0.008833
0.014406
0.107628
-0.030497
0.031782
0.043012
-0.063501
0.055912
0.074883
-0.027054
-0.004539
0.034551
-0.029349
-0.049221
0.057107
-0.004927
0.137225
-0.013422
-0.052383
0.037430
0.005109
0.037648
0.016770
0.042227
-0.083041
0.056581
0.086851
0.035688
-0.012635
-0.035267
-0.001566
0.016752
-0.016118
0.015381
0.022124
0.061823
-0.001636
0.081374
0.004966
0.079218
-0.011704
-0.046904
-0.021497
-0.031863
0.062013
0.051045
0.083854
0.021090
-0.008571
0.010638
-0.063806
-0.021497
0.080285
0.006802
0.010092
0.052470
0.035828
-0.034072
-0.006722
0.050218
-0.031044
0.044555
0.106584
-0.034871
0.037123
0.031594
0.016069
0.035949
-0.065914
-0.019442
-0.029991
-0.032400
-0.043441
0.006390
0.039407
0.074269
0.065165
0.024548
0.078062
0.074985
0.070159
0.026292
0.014301
0.144277
0.030289
0.003727
0.120835
-0.019309
-0.051955
-0.041109
-0.016713
0.009335
0.007211
-0.056793
-0.013602
-0.008814
-0.003405
0.044084
0.102341
0.038566
0.035987
0.052645
0.012449
0.117188
0.030791
0.017120
-0.033955
0.006169
0.049808
0.078236
0.003679
-0.042604
-0.015929
0.042636
-0.040329
-0.056296
-0.053121
-0.047074
0.084153
0.065345
0.066773
0.115893
0.106978
0.091041
0.007805
0.075796
0.073999
0.009088
0.014344
0.007742
-0.003806
0.036478
-0.015149
0.019323
-0.037811
0.028004
0.057669
-0.021627
0.005274
0.039641
-0.061806
0.024159
0.096614
-0.004518
0.055743
0.009233
-0.050212
0.015487
0.061792
-0.013274
0.022339
-0.009401
-0.004259
-0.002094
-0.077716
-0.035489
-0.069550
0.071101
0.030372
-0.029333
0.158749
0.084486
0.041832
0.069445
-0.029645
-0.094703
0.012798
-0.060390
0.085743
0.037124
0.015964
-0.001758
-0.010162
-0.041720
0.100669
0.102565
0.057884
0.088253
0.019542
0.011584
0.030347
0.022186
0.004148
0.028623
0.041519
0.016696
0.007722
-0.029367
0.038803
-0.030421
-0.002373
0.078202
-0.071598
-0.061387
-0.023823
0.029932
-0.012206
0.016389
0.061489
-0.028076
0.005220
-0.053036
0.002477
0.018979
-0.071145
0.061213
0.048557
0.042051
0.027860
0.030175
-0.103163
-0.104039
0.071679
0.007531
0.000043
0.016209
-0.004914
-0.009150
-0.079514
-0.011789
0.034954
0.007178
-0.047558
0.021676
0.053741
0.002294
-0.022715
-0.054502
0.000775
-0.066202
0.005225
0.014598
-0.029647
-0.035133
-0.001408
0.022448
0.047438
0.015544
-0.070939
-0.062814
-0.054471
-0.084185
-0.014744
0.028367
0.024187
0.059268
0.111058
0.114931
0.148586
0.037774
-0.089884
-0.009565
0.000414
0.026208
-0.119837
0.043350
0.049626
-0.007332
0.000135
-0.051728
0.050838
0.048708
-0.028198
0.039673
-0.013070
-0.025823
-0.022861
0.007376
-0.001730
-0.034824
-0.096938
-0.064315
-0.032806
-0.094060
-0.030714
-0.030929
-0.071902
-0.007476
0.013417
-0.025927
-0.021778
-0.054006
-0.075103
-0.044442
-0.004504
0.037499
0.020310
0.024691
0.125914
-0.053549
-0.046458
0.088594
0.011848
-0.022235
0.043158
-0.049241
-0.106750
-0.040587
-0.013423
-0.048436
-0.069034
-0.135643
0.005660
-0.060697
-0.044728
0.067764
0.033796
0.012716
-0.011748
0.155559
0.056344
0.039012
0.038151
-0.032536
-0.038956
-0.000533
0.004929
-0.017599
-0.068086
-0.046603
-0.013788
0.014707
0.067408
0.045359
-0.010545
0.036154
0.024495
-0.022379
-0.016364
0.016312
0.026757
0.030688
0.008181
-0.028797
-0.007785
-0.059237
-0.026687
0.050270
0.024952
-0.065086
-0.001838
-0.028213
0.043483
0.001259
0.023333
-0.022796
-0.002915
0.067665
-0.016467
-0.035768
0.043572
-0.012062
-0.054302
-0.011564
0.041949
-0.051196
0.066932
0.009706
0.035108
0.050256
-0.021156
0.060051
0.000408
0.024074
-0.066339
0.010550
-0.046208
-0.076792
-0.016392
0.014165
0.019418
-0.015893
0.004563
-0.072915
-0.088135
0.043446
-0.012098
-0.071152
0.016284
-0.077419
-0.046659
0.019601
-0.079912
0.032244
-0.040653
-0.009272
0.002954
0.046419
0.147307
-0.032486
-0.035628
-0.037899
-0.004647
0.050391
-0.013275
0.017865
-0.004211
-0.084546
0.008230
-0.003656
0.002402
-0.027763
-0.009495
-0.002950
-0.061414
-0.058800
0.035446
-0.069691
-0.011527
0.115737
-0.018774
0.046086
-0.030463
0.019825
-0.008712
-0.058121
-0.079846
-0.107302
0.049137
0.047658
0.037907
0.011903
0.004283
-0.024000
0.047271
-0.010491
-0.055054
0.051885
0.053890
0.053154
0.055272
0.000275
-0.008093
0.079863
0.028190
-0.032178
0.062450
-0.070657
-0.052815
-0.045776
-0.035959
-0.028952
0.010318
0.069756
0.014392
-0.010438
-0.006400
0.048578
0.015138
0.031660
-0.029600
0.001274
-0.057317
-0.063825
-0.072856
-0.043646
0.059071
-0.018768
0.004533
-0.008463
0.003052
-0.018281
-0.105082
0.009219
0.080780
-0.008778
0.013275
0.051060
0.097265
0.079196
0.023431
-0.022790
0.023129
0.020302
-0.035462
-0.032886
0.008496
-0.010200
0.020735
-0.008186
0.044051
0.100451
-0.083677
0.040936
0.050687
-0.046494
-0.004686
-0.028886
0.017121
-0.012938
-0.113203
-0.039143
-0.062497
-0.085448
-0.048483
-0.062608
-0.017932
-0.005432
-0.016765
0.003373
0.037611
0.005598
0.019013
-0.073628
-0.051555
0.030399
0.039949
0.015546
0.031146
-0.030514
-0.023320
0.040362
0.018494
-0.034096
0.014440
-0.023932
-0.070974
-0.040815
0.016522
-0.027622
0.034391
0.098656
0.100801
0.051761
0.040473
0.026962
0.011433
0.003943
-0.038606
0.001085
-0.004510
-0.038447
0.015146
0.033574
-0.058611
-0.132182
-0.046137
0.008855
-0.021582
0.035315
0.033968
-0.020174
0.063561
0.082644
0.007692
-0.015978
0.009085
-0.002728
-0.054429
-0.105451
-0.033231
-0.037227
-0.024710
-0.036705
-0.037460
0.009927
0.024804
-0.039062
-0.032904
0.020088
-0.026936
-0.017847
0.026480
0.039299
-0.011594
-0.000276
-0.029295
-0.033327
-0.059633
-0.023811
0.068163
-0.026564
0.053144
-0.010773
-0.038081
-0.048522
-0.101858
-0.056976
0.029488
-0.024144
-0.011549
0.004518
-0.069417
0.046767
0.048165
0.009182
0.064739
-0.012787
0.038917
0.006936
-0.019059
0.000416
0.037010
0.052284
0.013110
-0.030441
0.036907
0.085137
0.066904
0.018468
0.046031
-0.019607
-0.024785
0.019646
-0.007574
0.002046
0.031535
0.042814
-0.039457
-0.025228
-0.023152
-0.041098
-0.007997
-0.043618
-0.056785
-0.011514
-0.096911
-0.036397
0.026039
0.077169
0.089612
-0.049629
-0.068790
-0.033535
-0.027329
0.007225
0.032641
-0.023885
0.070263
0.111275
0.058143
0.116655
0.031907
-0.023690
0.044279
-0.001350
-0.020265
-0.041252
-0.074884
-0.038783
-0.107378
-0.088780
0.042166
0.063801
-0.037526
0.024017
0.073011
0.007796
0.077276
0.006920
0.098895
-0.015428
-0.021050
0.069866
0.082648
-0.037885
0.047794
0.057514
0.017187
-0.056243
-0.039378
0.006115
0.025561
-0.016411
-0.022867
-0.018707
-0.063858
0.025309
-0.003344
-0.001205
0.116791
-0.005130
-0.019855
0.062777
-0.070674
-0.008876
0.072678
0.014565
0.026035
-0.042931
0.000593
-0.018102
0.047173
0.090292
-0.003770
0.033192
0.023188
0.063385
0.075393
0.097018
0.070361
0.029173
0.056039
-0.029279
-0.042600
0.032785
0.026813
-0.087259
-0.116310
0.016081
-0.021877
0.070524
-0.040859
-0.066860
0.026318
0.043132
-0.041256
0.047938
0.028996
0.021167
0.004790
-0.007708
0.000608
-0.016758
0.055652
-0.048545
-0.041514
-0.020690
0.025717
-0.062176
0.026453
0.000565
-0.091596
-0.028881
-0.017574
-0.042958
0.019799
0.046164
-0.030586
0.006084
0.082123
-0.023586
-0.023714
-0.064280
-0.086481
-0.039922
-0.006153
0.001192
0.021992
-0.002834
-0.015758
-0.026233
-0.038380
0.044848
-0.005361
-0.049323
-0.001804
-0.062839
0.019958
0.028655
0.103860
-0.002080
-0.069518
0.042361
0.004130
0.047902
-0.035888
-0.015430
0.038066
0.053105
-0.008804
-0.022757
0.043857
-0.021228
-0.003186
-0.014006
0.004286
0.053329
0.039748
0.073752
-0.039054
-0.030226
0.009690
0.017856
0.005918
0.067476
0.020566
0.004201
0.085455
-0.004721
-0.027936
-0.007267
0.014940
0.037507
-0.001344
-0.057768
-0.025493
0.033134
-0.010795
0.073328
0.091940
0.066513
0.021111
0.050020
0.035954
0.025815
-0.019063
-0.033280
0.009351
-0.002191
0.011015
0.035965
-0.082891
0.002133
0.006855
0.060079
0.089204
0.063791
0.032844
0.004581
0.015989
-0.035004
-0.048592
0.045854
0.008240
0.042921
-0.044216
-0.051952
0.038369
0.009058
0.108303
0.058308
0.029616
0.083047
0.052735
0.014197
-0.022055
0.008622
0.008505
-0.069714
-0.020074
0.022415
-0.014147
-0.025420
0.031891
0.057420
-0.120510
-0.081129
0.012558
-0.000853
-0.097872
-0.023181
0.025946
0.006354
-0.012293
-0.047563
-0.011190
-0.086960
-0.056722
0.029063
-0.034903
-0.041136
-0.039297
0.033936
-0.025750
0.027119
0.053548
0.012784
0.064017
-0.031898
-0.109639
-0.049766
-0.005738
-0.037795
-0.001743
-0.089978
-0.106830
-0.008159
-0.002071
0.049055
-0.065819
0.015509
0.033938
0.008316
0.030102
0.017772
-0.009739
-0.050769
-0.013800
-0.040382
-0.003155
-0.004765
-0.052675
0.048583
0.038057
-0.034066
0.100505
0.006525
-0.082764
0.037747
-0.062277
0.015028
0.092301
-0.002439
-0.008757
-0.045014
0.019798
0.060022
0.012255
0.041283
0.118810
-0.009610
-0.030002
0.052117
0.007796
0.027281
0.075422
0.077910
-0.009064
-0.064193
0.014313
0.025518
-0.055967
0.066183
0.101151
0.051125
0.017879
0.079766
0.032374
-0.019418
-0.044614
-0.009010
-0.029083
-0.062927
0.072852
-0.011180
0.010157
-0.034248
-0.052499
0.026488
-0.076672
0.023648
0.040831
-0.041621
-0.038911
-0.029990
0.103634
-0.011543
0.030003
0.043688
0.033205
0.058653
0.014101
0.040090
0.086940
0.020929
-0.003874
-0.010134
-0.017152
0.031760
0.034231
-0.013392
-0.015393
-0.000156
-0.076380
-0.027223
-0.113886
0.008144
-0.014346
0.011052
0.037241
-0.019827
0.054644
0.043494
0.004992
-0.049168
-0.022844
-0.046240
0.023338
0.024488
0.055438
0.015100
-0.000317
0.088189
-0.013956
0.025458
0.028401
-0.096679
-0.008264
0.008535
-0.006423
0.026497
0.057839
0.024424
-0.029275
0.054120
0.038493
0.034435
0.073341
-0.025392
0.039494
0.011296
-0.028758
0.006572
-0.015754
0.003245
-0.054416
0.007404
0.000778
-0.067232
0.012527
-0.004303
0.000042
0.077747
-0.000972
0.032357
0.048874
0.030267
0.042336
0.038800
-0.014203
0.033500
0.063755
-0.036214
0.052409
0.055499
-0.008713
0.069673
0.018816
-0.030955
-0.021539
0.005390
0.097504
0.041423
-0.043684
-0.014059
-0.021878
-0.040454
-0.042533
-0.052828
0.040455
0.026025
0.060448
0.074850
0.030192
0.049013
0.078674
0.005488
0.125307
0.035744
0.019397
0.025963
0.049992
0.110692
0.082595
-0.016788
-0.022730
0.082912
0.073184
0.104700
-0.017222
0.012722
0.004157
-0.020572
0.032049
0.037385
0.033603
0.055608
0.002966
-0.002774
-0.008524
0.011261
0.028141
0.088486
0.046238
-0.046793
0.057269
0.020642
0.061819
0.033253
0.005585
0.030838
0.036453
-0.008073
-0.018434
-0.043793
-0.084026
-0.075670
0.000377
0.014714
-0.017408
-0.054609
0.049744
0.005797
0.093346
0.101639
-0.005176
0.032760
0.065180
-0.002256
-0.005115
0.089532
-0.003230
0.028215
0.097670
0.055404
0.005014
-0.001304
0.014496
-0.088588
-0.003089
0.126487
0.076472
0.038483
-0.015384
-0.015264
0.061526
0.044325
0.044361
0.110967
-0.002768
-0.004097
0.056800
-0.090737
-0.035095
-0.054878
-0.026002
0.091753
-0.035418
0.025284
0.137954
0.058978
-0.039506
0.100499
0.048089
-0.035744
0.015105
0.017242
0.045248
-0.040919
-0.006826
-0.019750
-0.073044
0.005410
0.019116
0.041012
-0.024358
-0.083897
-0.020102
-0.026357
-0.000059
0.041188
-0.001888
0.073079
-0.058838
0.029775
-0.061182
-0.009807
0.013078
-0.002759
0.010171
-0.016642
0.021595
0.043564
0.083370
0.017937
0.029093
0.011925
0.039136
-0.052859
0.056545
-0.016279
-0.062445
-0.016184
0.011550
0.030776
0.090131
-0.015129
-0.003238
-0.060133
-0.076938
-0.071872
-0.096953
-0.110200
-0.031120
0.003007
-0.005909
0.071900
0.059415
0.010194
-0.003971
0.073384
0.013546
-0.104819
-0.038375
0.011053
0.017114
0.057318
0.035628
0.001921
-0.025109
-0.008356
-0.047754
-0.084079
-0.103477
0.029656
-0.037069
0.003582
-0.006463
-0.051757
0.016494
0.010138
-0.014424
-0.050705
-0.088355
0.033950
-0.045116
-0.059676
0.019126
-0.007181
0.067402
0.010575
-0.027642
0.018788
0.006041
-0.004706
-0.006863
-0.026774
-0.014313
0.009322
0.069501
0.083015
0.042574
0.084418
0.028532
-0.080574
-0.096664
-0.044672
-0.086097
-0.072669
0.019478
-0.032100
-0.038779
0.056379
0.015287
0.044140
-0.058128
-0.095211
-0.051361
-0.050592
0.030973
0.028433
-0.015790
-0.004552
0.014956
-0.007071
-0.027477
0.006096
0.020141
0.004398
0.039640
0.070186
-0.043385
-0.009387
0.063116
-0.012414
-0.030608
0.040005
0.057723
-0.028872
-0.016773
0.024879
0.053416
0.090122
0.082085
0.013097
0.020432
0.044958
0.006450
-0.021873
-0.016237
0.053086
0.110740
0.039255
0.045077
0.008154
-0.040295
0.018669
-0.042394
-0.027735
0.059821
-0.101931
-0.076319
-0.043947
-0.054448
-0.001009
-0.078962
-0.032836
-0.026995
0.023076
0.049211
-0.041230
0.007308
0.003445
-0.037407
0.011486
0.012411
0.013615
-0.035796
-0.105074
-0.016559
0.010686
-0.046378
-0.013636
0.047709
0.003026
-0.071578
0.035625
0.042057
-0.030359
0.013022
-0.002422
0.019494
0.029801
0.031836
-0.040028
0.050425
0.028230
0.045721
0.012139
-0.027898
0.047689
-0.042180
0.005644
-0.029807
-0.007714
-0.019693
0.005515
0.130658
0.060246
0.068002
0.026046
0.044087
0.007251
0.069891
0.065809
-0.052105
0.054684
-0.052104
-0.044398
0.047153
-0.031458
0.096520
-0.128638
-0.011857
-0.086898
-0.084753
0.005681
-0.040876
-0.002543
0.047345
0.014880
-0.008824
0.020235
0.049750
0.035027
0.011561
-0.007000
-0.034470
-0.034577
-0.084396
-0.026430
0.047587
-0.008581
0.016918
0.024303
-0.023758
-0.066825
-0.038943
-0.045793
-0.053956
0.040651
0.041693
0.051569
0.124513
0.072340
-0.001477
0.002341
0.042778
-0.075786
-0.081476
-0.004404
0.011637
0.016646
0.060286
0.010759
0.034720
-0.041760
0.005000
-0.040274
-0.006674
0.102102
0.033977
0.107209
0.112261
0.012209
0.034734
0.103927
0.032271
0.031701
0.090964
0.051944
0.048330
0.120231
0.059284
-0.008546
-0.010937
-0.044604
0.009947
0.005439
0.035755
0.045012
0.043227
0.041435
0.004480
0.000426
0.081677
0.026964
-0.050035
-0.005596
0.021425
-0.046455
-0.026822
-0.078123
0.029615
0.043087
0.020037
0.086885
0.030637
0.004173
-0.043189
-0.056300
-0.023072
0.028291
0.078181
-0.024711
-0.006028
0.092168
0.007887
-0.087173
0.059314
-0.033717
0.019083
-0.022342
-0.053091
0.028416
-0.065558
-0.069849
-0.014901
-0.033625
-0.021870
-0.006323
-0.030311
0.064572
0.077891
0.060527
0.060514
0.046750
0.069662
-0.014914
-0.030408
-0.065795
0.044399
-0.027893
-0.100407
-0.079073
-0.076704
0.025250
-0.052460
0.023925
0.039649
0.022919
0.070676
0.036692
0.035150
0.020175
0.037571
-0.068254
-0.071452
0.032131
0.040604
0.045691
0.089049
-0.025868
-0.027626
0.045703
0.044373
0.037784
0.072315
0.009323
-0.065253
-0.064515
-0.125474
-0.024140
0.012301
-0.045505
-0.019375
0.006308
-0.034890
0.013524
0.083751
-0.001847
0.088115
0.172689
0.063451
0.042398
0.074985
0.106070
-0.025672
0.047659
-0.023586
-0.001949
-0.035055
-0.007199
-0.011300
-0.027997
-0.039198
-0.028139
-0.046499
-0.017397
0.006278
0.031939
0.008886
-0.010553
-0.030573
-0.043828
-0.027476
-0.059675
-0.048742
-0.017169
-0.018068
0.089842
-0.022269
-0.007390
0.003344
0.002264
-0.007645
-0.010493
-0.080874
-0.005535
-0.007439
-0.030344
0.039364
0.062897
0.035468
0.097524
0.069458
0.043917
-0.009485
0.020387
-0.015817
-0.012074
0.013138
-0.049650
-0.048804
0.008895
-0.067301
-0.035685
-0.021117
-0.049368
-0.029994
0.040256
0.002832
-0.040645
-0.005514
0.032832
-0.050592
-0.004000
-0.001020
-0.034157
0.003343
0.046462
0.002329
0.026024
0.021285
0.065543
-0.014497
-0.075385
-0.088875
-0.102688
-0.070602
-0.002115
-0.009589
0.042634
0.059350
0.029487
0.116880
0.065708
-0.064844
-0.032447
-0.040058
0.034074
0.071210
-0.003728
0.020042
-0.042733
0.008524
-0.050344
-0.043184
0.051944
0.061272
-0.108406
0.008412
0.001766
0.019179
0.019178
-0.011689
0.062413
-0.034352
-0.010958
0.008340
-0.019737
-0.006501
0.028031
0.006274
0.007335
-0.084474
-0.044912
-0.020873
-0.120818
-0.074672
-0.058486
-0.108474
-0.105839
-0.037978
0.003224
0.003462
-0.035940
-0.058336
-0.055579
-0.120324
-0.009628
0.005266
-0.031281
-0.012801
0.008007
0.059885
-0.030668
-0.054707
0.058904
0.041769
0.049941
0.106442
0.035432
-0.018107
0.080830
0.020119
-0.007063
0.031225
-0.049152
-0.005012
0.014331
0.023967
0.080033
0.003516
-0.009682
0.055602
0.069982
-0.094530
0.019414
0.104614
0.029693
0.094184
0.002339
0.027385
0.065063
-0.001623
0.009959
0.019284
-0.033828
0.033524
0.045490
0.012148
-0.000613
0.036951
0.061888
0.032704
0.063835
0.016477
0.052847
0.080154
0.064513
0.050765
0.028390
-0.073023
0.003514
0.055711
0.019567
0.100115
0.044235
-0.046625
-0.050890
-0.038772
-0.063648
-0.034147
0.039599
0.020490
-0.001141
0.003581
0.090164
0.085979
0.100522
0.008000
-0.040828
0.055999
-0.019869
0.034521
0.029493
0.005016
0.078774
0.015961
0.044518
0.050239
-0.071458
0.052244
0.050361
0.022837
0.024559
0.044263
-0.015319
-0.063889
-0.003275
-0.020376
-0.011220
0.042243
0.048413
0.016029
0.042012
0.048253
-0.027128
0.005453
0.053705
-0.042955
0.020493
-0.089383
0.029508
0.045373
-0.022599
0.006725
-0.025016
0.077616
-0.060603
-0.041635
0.058466
0.070403
-0.002514
0.084905
0.082984
0.001902
0.044961
0.000759
0.021620
0.108699
-0.001017
-0.009300
0.069249
-0.044572
-0.000348
0.029425
0.047484
0.008450
-0.002012
-0.008025
0.006751
-0.005472
-0.057096
0.000807
-0.070580
-0.058531
0.012368
-0.037082
0.076425
0.013969
0.020167
-0.106426
-0.028316
-0.000219
-0.066873
0.003722
-0.032990
-0.025499
-0.023256
-0.022949
0.031665
-0.059870
0.017251
0.012393
0.060523
0.012547
-0.013641
-0.052018
-0.072445
-0.038919
-0.056783
-0.069564
-0.032146
0.062117
-0.005060
-0.070795
-0.051279
0.003718
0.035425
-0.071148
0.009044
0.019717
-0.048725
0.017963
-0.071398
-0.072822
-0.046248
0.008901
-0.018059
0.001944
0.000150
-0.019412
-0.004345
0.038310
-0.047330
-0.007522
-0.008381
0.067431
0.010385
-0.014854
0.005219
-0.017099
0.030082
0.002509
0.037851
0.104671
0.027946
0.035131
0.024549
0.001874
-0.006807
0.041383
-0.013703
0.087043
0.018499
-0.055275
0.028666
-0.068205
-0.087232
0.043695
-0.008394
0.017606
0.050896
0.058518
0.043016
0.045474
-0.036583
-0.059123
-0.036562
0.033397
0.155535
0.051250
-0.067923
-0.017807
-0.061491
-0.038721
-0.041399
0.080178
-0.006052
-0.025407
0.039557
0.077708
0.045833
-0.019009
-0.007780
-0.042766
0.033566
0.052119
-0.038134
0.022609
0.047214
-0.012589
0.039637
-0.068353
-0.019725
0.068886
0.028594
-0.055022
-0.031220
0.080245
-0.094138
0.007230
0.006353
-0.007326
0.011776
-0.043977
0.039168
0.076330
0.037764
-0.057345
0.085255
0.005699
0.031625
0.037418
-0.007016
-0.015365
0.078926
0.014018
-0.060315
-0.040716
-0.049102
-0.021179
-0.027664
-0.070462
-0.012482
0.017497
-0.044701
-0.036718
-0.024343
-0.029538
-0.078958
-0.047100
-0.093778
-0.048930
-0.056024
0.006999
-0.018440
0.088559
0.026052
-0.096178
0.080493
-0.015166
-0.033046
0.033937
0.003327
-0.012961
0.095038
0.002106
0.012504
0.003982
0.066667
0.065158
-0.008791
0.049973
-0.037714
-0.036139
-0.089196
-0.036922
-0.054025
-0.050873
0.031265
-0.016841
0.030146
0.024587
-0.063419
-0.040449
-0.088768
-0.092077
0.006216
-0.072184
0.012881
-0.029818
-0.006667
-0.013283
-0.004064
-0.062339
-0.084394
-0.038372
0.000126
-0.027204
0.019500
0.013179
0.006969
0.022321
0.047625
0.114907
0.048904
0.053621
0.074611
0.010215
-0.014693
-0.002096
-0.043458
-0.039041
-0.019152
-0.032298
0.000145
-0.053557
0.073948
0.057938
-0.013972
-0.084951
-0.027500
-0.000022
0.023706
0.018668
-0.023599
0.115476
0.029266
0.028639
0.038995
0.012800
0.068529
0.044933
0.045377
-0.026002
0.094462
-0.002398
0.007554
-0.043949
-0.092095
0.023912
0.046451
0.038284
-0.005926
0.001941
0.008234
-0.040406
-0.012351
-0.007338
-0.079437
-0.045203
-0.000217
0.006126
0.037521
-0.018285
0.025457
-0.002654
0.020515
-0.010310
-0.055693
0.000934
-0.012470
-0.040140
-0.019280
-0.027701
0.058437
0.006279
0.023765
0.005002
-0.047094
-0.063138
-0.099695
-0.040130
-0.051173
-0.018588
0.019538
0.014357
-0.010506
-0.031585
-0.058241
0.002473
0.055882
0.026832
-0.003028
-0.010298
-0.004205
0.020415
-0.007187
0.060193
-0.014678
-0.029378
-0.029296
-0.012944
0.036058
0.031249
-0.073517
-0.020839
0.068162
-0.000798
0.070279
0.043337
0.080736
0.007045
0.050544
-0.027179
0.021232
0.017891
-0.007914
0.040696
-0.001724
0.012614
-0.011240
-0.024550
-0.103274
-0.067400
-0.008674
0.026738
-0.044735
0.049853
0.039596
-0.092275
0.008066
0.007742
-0.047393
0.073235
0.032031
-0.019839
0.012218
0.016507
-0.006734
-0.005955
0.029948
0.087183
-0.002857
-0.087528
0.000740
-0.081863
0.032970
0.082166
-0.084470
-0.020494
0.041128
0.000736
0.030787
-0.056926
-0.019076
0.049294
-0.019604
-0.007996
-0.094096
-0.064301
-0.025931
-0.028964
0.009766
-0.065683
-0.067666
-0.051190
-0.078756
-0.064783
0.063407
-0.004630
-0.012761
-0.005393
-0.025869
-0.027278
-0.077102
0.015638
0.001407
0.016880
0.041417
0.025007
-0.067452
-0.111686
-0.024180
-0.062303
-0.063609
0.020016
-0.027888
0.065916
-0.067193
-0.035190
0.082683
0.008664
0.039916
0.018352
0.052648
-0.010561
-0.058131
0.042102
0.011022
-0.015012
0.010800
-0.095027
-0.031381
-0.063087
-0.105729
-0.027171
0.002663
-0.003918
0.038892
0.002366
0.022377
0.010816
-0.022482
0.000392
0.049354
0.082691
0.019255
-0.027980
0.099896
0.022181
-0.034173
0.099030
0.064705
-0.017375
0.030444
0.046795
-0.019594
-0.040089
-0.042606
0.043498
0.062728
0.067774
0.028960
0.138208
0.062273
-0.033757
0.009634
-0.049347
-0.002744
0.075923
0.051066
0.078532
-0.012497
-0.022082
0.061217
0.029493
-0.021040
0.040087
0.043170
0.025748
-0.040079
-0.060137
0.020276
0.044005
-0.003673
0.039144
0.032475
0.006816
0.003416
-0.015493
-0.051209
-0.014414
0.028833
-0.037640
0.010887
0.034327
0.026216
0.014874
0.072852
0.002246
0.116764
0.032493
0.051106
0.072073
-0.016502
0.021943
0.057331
0.041634
0.055533
-0.006682
0.066107
0.006372
0.004714
0.030753
0.047474
0.026335
0.012365
0.004068
0.065473
0.058956
-0.060068
0.017205
0.015567
-0.004909
0.060471
-0.035293
0.061244
-0.022786
-0.066789
0.101757
0.024760
0.050942
0.013561
-0.025680
-0.000971
0.054836
-0.033925
0.009048
-0.011538
-0.005120
0.050414
-0.024835
-0.018942
0.001296
0.028730
0.001429
0.011687
-0.089267
0.032659
0.015799
-0.029257
0.035448
-0.052972
-0.063494
0.047355
-0.103385
-0.037828
0.074098
-0.044719
0.015540
0.143244
0.095764
0.076221
0.063336
0.047759
0.042753
-0.058095
0.090152
0.042323
0.031171
-0.077609
-0.048821
0.020509
0.039033
-0.021245
0.010538
0.096853
-0.015983
0.105521
0.044252
0.011344
0.094541
0.021812
-0.035008
-0.012029
-0.034423
0.043087
0.027422
0.023904
0.056077
0.075101
0.045867
0.000862
0.021953
0.065746
0.016208
0.043972
0.103658
0.069449
-0.014911
-0.120344
-0.012313
0.062497
0.026466
-0.057574
-0.005897
0.026983
-0.043081
0.061013
-0.009641
0.012250
0.087129
-0.046926
0.063714
-0.009378
-0.028180
0.000644
-0.091009
-0.054873
-0.020749
-0.040111
0.007949
-0.014880
-0.012858
0.002635
-0.001592
-0.027098
0.014876
-0.027247
0.041634
-0.035138
-0.009924
0.005571
0.077948
0.060050
0.029233
0.014248
0.030457
-0.014513
-0.045813
0.030168
0.021345
-0.014818
0.034660
-0.076066
-0.028953
-0.014302
-0.006132
0.039713
-0.049660
-0.006037
0.023307
0.023136
-0.016383
0.072335
0.048336
0.015431
0.065474
-0.052946
-0.068563
0.043938
0.048472
0.098027
0.048149
0.000606
0.111379
0.043424
-0.044583
-0.014117
-0.026476
-0.023500
-0.024544
-0.004619
-0.123182
0.000837
0.007206
-0.011096
-0.073462
-0.015552
0.009227
-0.018179
-0.108124
-0.072821
0.037976
-0.082947
-0.039563
-0.022362
-0.064058
0.002459
-0.006660
0.024605
0.022071
0.017351
-0.024836
-0.013839
0.073425
-0.057333
-0.024649
0.000852
0.049824
0.054463
-0.050210
-0.042685
0.034749
0.002113
-0.071016
-0.030132
0.056178
0.036542
0.002329
0.009525
0.051386
0.090962
0.025774
0.056974
0.062934
0.023406
0.003113
0.039485
-0.007471
0.017053
-0.034981
-0.009210
0.003011
0.092835
0.055628
-0.012936
0.025636
-0.039637
-0.122154
0.001642
-0.007951
-0.023979
-0.032448
0.039131
-0.040330
0.071911
0.034912
0.074557
-0.025275
0.029669
0.201562
0.005517
-0.021708
0.019900
0.041093
-0.050833
-0.103139
0.011054
-0.046810
0.061141
0.107727
-0.040573
0.052913
0.014378
-0.045215
0.058568
0.020815
-0.018042
-0.025797
0.009276
-0.004922
-0.051035
-0.048599
-0.022590
-0.021660
-0.018496
-0.012522
-0.009879
-0.026027
0.024125
0.050933
-0.001561
-0.007227
-0.031881
0.006627
0.039894
-0.009021
-0.027837
-0.018746
-0.102419
-0.007378
0.044517
0.050070
0.067162
0.019222
0.124244
-0.006137
-0.056268
0.035305
-0.077249
-0.009456
0.020010
-0.034030
-0.022517
0.027707
0.027382
-0.000411
0.088973
0.046822
0.023258
0.036623
0.080624
0.042752
-0.040054
0.069590
-0.002287
0.023574
0.038627
0.033991
0.045953
0.062433
-0.049303
-0.021778
-0.025093
-0.056272
-0.078354
-0.060653
0.027565
0.021450
-0.038581
0.001785
-0.020884
0.002065
-0.029553
0.008060
-0.086740
-0.069186
0.019408
0.026801
-0.019393
0.008959
0.063892
-0.007118
0.028086
-0.055844
-0.074114
-0.019552
-0.094986
0.009147
0.029412
-0.055676
0.026470
-0.003679
0.021215
0.006012
-0.031524
0.005898
0.060057
0.046707
0.066974
-0.011932
0.053243
0.073935
0.026976
-0.043775
0.060178
0.013251
0.075782
0.008517
0.043222
0.019677
0.000597
-0.021540
0.008775
0.035126
-0.000456
0.046135
0.019228
0.000550
0.083224
0.085597
0.079989
0.020166
-0.040747
-0.008166
0.041940
0.101629
-0.011241
-0.021591
0.031257
0.034416
-0.004668
0.033447
0.001457
0.003240
0.118073
0.096788
0.017279
-0.018960
-0.008832
0.029832
0.065169
0.064720
0.012172
0.027326
0.028922
0.046621
0.017985
0.008587
-0.039030
-0.005421
-0.020033
0.017947
-0.009662
-0.090369
-0.047613
-0.047941
-0.009406
-0.073836
-0.098608
-0.012366
-0.047335
-0.027024
0.054405
0.077531
-0.019957
0.026634
0.043516
-0.020109
0.014160
-0.035294
0.000443
-0.087832
-0.085870
0.041328
0.009260
-0.029723
0.040865
0.027888
-0.122182
-0.107778
0.047828
-0.028086
-0.083424
0.026929
-0.036717
0.014761
0.048583
-0.031716
0.009611
-0.053984
0.033506
0.022632
-0.012910
0.020866
0.000170
0.040561
0.122631
0.075078
0.066243
0.029225
0.026249
-0.005778
-0.011044
-0.036308
-0.097269
-0.084239
0.025611
0.061499
0.015205
0.002189
0.037885
-0.069786
-0.039341
0.068975
0.030349
-0.000234
0.000599
0.094303
0.007393
0.014506
0.014216
0.033991
-0.038340
-0.047707
0.088271
0.048601
0.011723
-0.022682
0.076694
0.066758
-0.029070
0.043477
0.084572
0.057449
0.061239
0.093223
0.049747
-0.010027
-0.046524
-0.052228
0.043753
-0.001039
0.044620
0.103233
0.020949
0.077978
-0.040131
-0.030841
0.006303
-0.048336
0.000801
0.025785
-0.057473
-0.027145
-0.044756
-0.055967
-0.017064
-0.011699
-0.031387
-0.010900
0.026272
-0.012148
0.009725
0.055884
0.105942
-0.053854
-0.013586
0.092226
-0.006010
0.064466
0.023372
0.012608
-0.023790
0.054584
0.101133
0.000174
0.015038
0.084915
0.037541
-0.051658
0.127964
0.022636
-0.058716
-0.008345
-0.101664
-0.042457
-0.024751
-0.072917
0.004262
0.069657
-0.041691
0.000874
-0.057488
-0.019667
-0.018555
-0.112097
-0.025959
0.041347
-0.094633
0.053560
0.015489
0.044992
0.070639
0.022775
-0.015263
-0.086919
-0.009381
-0.054944
-0.033572
-0.002858
-0.140960
-0.020339
0.007575
-0.019663
-0.003399
-0.034218
-0.044409
-0.005200
0.046679
0.049441
-0.015965
0.057327
0.041574
-0.000126
0.007724
0.032236
0.077301
0.012616
-0.064769
-0.005503
-0.013748
-0.090687
-0.035254
-0.011165
-0.078827
0.022978
0.023668
-0.031506
-0.005649
-0.039959
0.027979
0.076751
0.034281
-0.022861
-0.022008
0.023222
-0.001091
0.017592
0.011446
0.036971
-0.034838
-0.027108
-0.079706
-0.078381
-0.012555
-0.006556
-0.017597
0.010108
-0.020702
0.050421
0.050243
0.053636
0.096160
0.138769
0.037023
0.026682
0.003663
0.011347
0.009153
0.067118
0.013234
-0.000003
0.003232
-0.031670
-0.033294
-0.008184
-0.058832
0.045920
0.083025
0.049066
0.081323
0.005600
0.060165
-0.001543
0.012196
-0.013123
-0.029659
-0.030561
-0.051793
0.016646
0.003477
-0.023972
0.017416
-0.022395
-0.112940
-0.009574
0.046190
-0.005766
0.016254
0.023009
0.040792
-0.007880
-0.006605
0.097984
0.013801
-0.041528
0.018378
0.015101
0.017709
0.018434
-0.046541
-0.073091
0.039662
0.022074
-0.041778
0.108498
0.100373
-0.000055
0.086902
0.011595
-0.055005
0.055125
0.001685
-0.078261
0.082177
0.062126
0.017050
0.067390
0.038523
0.034852
0.071863
-0.052395
0.041097
0.100131
-0.078688
0.002900
0.072063
0.024446
0.005679
-0.009967
-0.056675
0.026323
0.025055
-0.005496
-0.001740
0.025130
0.005587
-0.004793
0.024040
0.027560
-0.009698
0.007848
0.143873
0.022270
0.042243
0.090486
0.001851
0.042442
-0.036167
0.016159
0.052747
-0.005793
-0.048925
0.011645
0.096048
-0.027437
0.076776
-0.007550
-0.061294
-0.042088
-0.052428
-0.056591
-0.085215
0.059709
-0.014904
-0.014116
-0.036977
0.066306
-0.099143
-0.105953
0.043793
0.064572
-0.029382
-0.046290
0.041381
0.083003
0.078347
0.014729
0.023097
0.047706
0.075987
0.071973
-0.008938
0.000460
0.136757
0.111905
-0.063966
-0.069509
-0.005904
-0.076867
-0.008538
-0.031423
0.014818
0.000247
-0.061992
-0.044345
-0.020984
-0.051424
-0.027994
0.024874
-0.054547
-0.045880
-0.051464
-0.086612
-0.025872
-0.031267
-0.021337
-0.068885
-0.050993
0.005897
0.044694
-0.009950
0.028170
0.095382
-0.042534
0.029645
0.032365
0.043330
-0.002263
-0.046253
0.119042
0.013589
-0.016478
0.020730
-0.029267
-0.012939
0.015069
0.049220
0.044289
-0.036629
0.034652
-0.007255
-0.024001
0.025830
-0.047682
-0.015243
-0.033789
0.000339
-0.040641
0.004248
0.002413
-0.101676
0.071402
-0.064822
-0.028120
0.043138
-0.077417
-0.090597
0.007667
0.009217
-0.011551
0.048182
0.091246
0.101988
-0.049612
-0.020631
-0.060047
-0.029453
0.126985
0.109354
0.125734
0.068250
-0.057698
0.030015
0.027806
0.081318
0.057810
0.040455
0.051333
0.098613
-0.005715
-0.004362
0.068140
-0.065740
-0.006100
0.030387
0.018235
-0.040341
-0.030819
-0.063875
-0.074177
-0.020436
0.003001
-0.005682
-0.051394
-0.060143
-0.004418
-0.107804
-0.039489
-0.010751
-0.020723
-0.049824
-0.034807
-0.048222
-0.008348
-0.057671
-0.033439
-0.010335
-0.087104
0.029437
-0.026665
-0.031073
-0.013625
-0.026801
0.094317
-0.005403
-0.011220
0.022168
-0.013801
0.092025
0.024832
-0.045103
0.008190
0.063456
0.077405
-0.018742
0.113844
-0.047404
-0.141395
-0.012537
0.037435
0.013422
0.048101
-0.022107
-0.072696
0.025097
0.012913
0.047101
-0.048897
-0.063090
0.032011
-0.097487
-0.015090
0.008353
-0.034151
-0.009896
-0.008305
-0.014252
-0.032283
-0.038308
0.048917
0.010581
-0.064714
0.040686
-0.026065
0.069755
0.056678
-0.052595
0.005581
-0.082781
-0.070126
-0.055248
-0.115369
-0.050125
-0.063258
-0.039412
0.052574
-0.030178
-0.011227
0.063938
0.052080
-0.090487
0.005876
0.022507
-0.006564
0.000385
-0.080841
-0.061832
0.004785
-0.002626
-0.003085
-0.044680
0.042451
0.006438
0.032438
0.046704
-0.018077
0.065963
0.041400
0.092520
0.059609
0.020290
0.058075
0.060186
-0.061366
0.031966
0.032123
-0.081596
-0.043330
0.032237
-0.006101
-0.024242
0.017535
-0.042563
-0.048266
0.010236
0.016829
-0.007279
-0.057755
0.010967
-0.010021
-0.026643
-0.070425
-0.007899
-0.039311
-0.043221
0.025563
-0.071529
-0.056457
-0.035726
-0.121776
0.082670
0.067949
-0.095445
0.040547
0.015266
-0.027928
0.023253
-0.001398
-0.049620
-0.054651
-0.049648
-0.107430
-0.019638
0.015377
-0.014389
-0.047646
-0.025880
0.041813
0.015803
-0.001664
-0.044479
0.003358
0.097025
0.051674
-0.030700
0.041347
0.040280
0.000017
0.140942
0.034984
-0.012443
0.028386
-0.019231
-0.034271
-0.053500
0.017950
-0.061964
-0.005185
0.052622
-0.077141
-0.049197
0.016661
-0.049235
-0.046299
-0.022619
-0.014482
-0.000167
-0.060252
-0.006525
0.006962
-0.003236
0.017533
-0.060184
-0.018397
0.006188
-0.077773
0.010569
0.036834
0.057594
0.014974
0.023498
0.080674
0.001276
-0.020574
-0.096327
-0.101642
0.027634
-0.013090
-0.029109
-0.006990
-0.127138
0.028444
-0.025396
-0.033693
-0.003869
-0.053041
0.070136
-0.018778
-0.053758
0.005567
0.007903
-0.006303
-0.043223
-0.046611
0.042331
0.100247
-0.004649
-0.030784
0.011815
0.011678
0.010811
-0.034884
0.000819
0.031559
0.006068
0.013772
-0.008404
0.034529
0.046016
0.037295
0.105101
0.036000
-0.031376
0.039336
-0.021328
-0.055342
0.015999
0.029506
0.005078
-0.049435
0.016352
0.025359
0.069622
0.092615
0.013219
-0.003551
0.069147
0.026335
-0.007118
0.106669
0.119572
-0.000571
0.122055
0.120839
0.056143
0.080312
0.023272
0.031410
0.073970
-0.000335
0.130449
0.121555
0.023952
-0.000777
0.112702
0.076663
-0.001351
-0.041912
-0.071366
0.027231
0.000104
0.000946
0.073979
-0.012653
-0.026019
0.097823
0.043457
-0.075117
0.013981
-0.056903
-0.048982
-0.030007
-0.041591
-0.027973
-0.003978
-0.018187
-0.000784
-0.004504
0.017590
0.025629
0.051018
0.028570
-0.000318
-0.038137
0.029616
0.095421
0.083845
0.036547
0.087256
0.025619
0.000647
-0.021878
-0.018385
0.011494
0.031247
-0.019828
0.034457
0.137358
0.089110
-0.017868
0.023940
0.025967
0.002678
0.020575
0.064286
0.047863
0.017432
-0.045699
-0.048060
0.025412
-0.014462
-0.039579
0.014563
0.015410
0.037484
0.014060
0.010434
0.042137
0.021365
0.044635
-0.039143
-0.040647
0.079044
-0.012146
-0.073636
-0.025438
-0.004609
-0.094420
-0.000656
-0.026428
-0.061554
0.034029
-0.072568
0.043833
0.094052
0.039465
-0.029369
-0.090180
0.078680
-0.074681
-0.039880
0.103153
0.011215
-0.031216
-0.044473
-0.091678
-0.026832
0.006232
-0.047910
-0.018794
-0.012040
0.022544
-0.020181
-0.007622
-0.035335
-0.112506
-0.088521
-0.083282
-0.037668
-0.036739
-0.023581
-0.081912
-0.030667
-0.027497
-0.060889
0.012925
-0.006196
0.028319
-0.012620
-0.025779
0.020016
0.006503
-0.021692
-0.026014
0.006973
-0.021393
-0.002483
0.060995
-0.088354
0.046027
0.105089
0.056407
0.010355
-0.003239
-0.012762
-0.006211
0.027737
0.021791
-0.001038
-0.035249
0.013248
-0.041914
-0.061284
-0.015725
0.001125
-0.009590
0.004871
0.064241
0.073001
0.053489
-0.002663
-0.059315
-0.069606
-0.040458
-0.031602
0.035966
-0.128742
-0.077338
-0.047205
-0.037705
0.024413
-0.079291
-0.059299
0.025679
-0.014649
0.005586
0.009809
0.039133
-0.065498
0.027497
0.012725
-0.049813
0.025251
0.070404
-0.032077
-0.021772
-0.026723
0.073714
0.035404
-0.077925
-0.034933
-0.058266
0.014484
0.092436
0.048174
0.153514
0.078197
-0.016094
0.007156
0.006480
-0.007885
-0.082931
-0.004631
-0.092741
-0.013489
0.056475
0.021598
-0.020251
0.030481
0.042541
0.049303
-0.027828
-0.009843
-0.000203
0.046649
0.082278
0.007492
0.043871
-0.031643
-0.088097
-0.020898
-0.002869
-0.042094
-0.015434
0.049643
-0.009169
-0.050109
0.063566
0.062950
0.010416
-0.039331
-0.024999
-0.022706
-0.111079
-0.016095
0.013979
0.107678
0.015207
0.064615
0.024844
-0.076021
0.101043
-0.001700
0.070166
-0.018115
0.012841
0.020595
-0.058898
0.010599
0.005710
-0.031048
-0.033389
0.032376
0.002795
0.016229
-0.049259
0.085255
0.021842
-0.125188
0.017824
-0.028163
-0.067002
-0.026694
-0.045974
-0.014332
0.030369
-0.036323
-0.044753
-0.048575
-0.085544
-0.011297
-0.032676
-0.053517
0.040642
0.097032
-0.032700
0.052805
0.040431
0.021858
0.035177
0.023253
0.040854
0.025539
0.012595
0.044732
0.044359
0.033575
-0.003089
-0.041240
-0.035407
-0.054337
-0.113207
-0.095143
-0.010469
-0.072307
0.036202
0.026664
-0.097801
0.008337
0.004015
0.010009
-0.006678
-0.062594
0.032169
-0.047719
-0.057794
-0.045128
-0.028405
0.061335
-0.038128
0.009994
0.026010
0.120914
0.077109
-0.001046
0.028654
0.013853
-0.018250
-0.038998
0.141921
0.048529
0.041592
0.077651
-0.080379
0.032299
-0.021358
-0.014006
0.052297
-0.036635
0.016891
-0.025983
-0.098919
-0.017044
0.005872
0.026171
0.073972
-0.005530
-0.015423
-0.049028
0.035242
0.097438
-0.006022
-0.004721
-0.046184
-0.027516
0.019768
-0.022534
0.027927
-0.077428
-0.041481
0.010081
-0.010663
0.006816
0.048076
0.077234
0.020649
0.009678
-0.023373
-0.074604
-0.067899
0.047876
0.044872
-0.042193
0.040391
-0.038827
-0.014595
-0.061491
-0.054857
-0.065238
-0.009734
0.054087
-0.024301
0.058869
0.069411
0.004101
-0.014293
-0.015810
0.009826
0.025375
0.037216
0.091934
-0.005074
-0.039751
0.026296
0.053330
0.056389
0.068329
0.006146
0.042531
0.023892
-0.031274
-0.015873
0.025161
0.064781
0.042286
0.004588
0.010018
-0.009347
-0.026316
-0.063568
-0.049799
-0.052401
-0.089196
-0.041048
0.000428
-0.056521
-0.027299
-0.039138
0.081847
-0.050177
-0.043161
0.008994
-0.018108
0.027117
0.045431
0.021379
-0.000289
0.015700
-0.014637
0.030062
-0.023053
0.067508
0.065936
0.015027
0.058049
0.025561
0.039796
0.038030
-0.011896
-0.054658
-0.062103
-0.012796
-0.079772
0.062810
0.000730
-0.029136
-0.046889
-0.059098
0.023146
-0.054794
-0.045427
-0.016113
-0.020388
-0.096770
-0.125380
0.036620
0.049797
0.017222
0.021982
-0.021666
0.023079
0.005668
-0.028137
-0.026248
0.059815
0.008383
0.021157
-0.009512
0.009487
0.002985
0.014054
-0.065122
-0.030516
0.023159
-0.027140
0.077976
0.020124
0.018788
0.023983
-0.001041
0.005045
-0.010631
-0.133476
-0.080569
-0.026694
-0.041630
-0.050602
-0.003461
0.017165
0.063405
-0.007816
0.022539
0.024517
-0.007533
-0.017607
0.009920
-0.008248
-0.013818
-0.089156
-0.002608
0.046325
-0.024701
-0.050814
-0.001139
-0.096362
-0.027711
0.033765
-0.033691
0.051846
0.063762
-0.034372
-0.045006
-0.007926
-0.032611
0.062571
0.044504
0.005785
-0.012621
0.015385
0.032842
0.039857
0.050808
0.035148
0.034541
0.062979
0.067560
0.022242
-0.013317
0.022443
0.069607
-0.041639
-0.045275
0.058716
0.058488
-0.030827
-0.031729
0.092262
-0.017494
-0.083751
0.024641
0.054541
-0.005608
-0.012924
0.090870
0.064589
0.052342
0.093900
-0.010610
0.019221
0.080701
0.058034
-0.101343
0.051266
0.140680
-0.041301
0.040922
0.081291
-0.033384
-0.043287
-0.041135
-0.021641
-0.016536
0.007746
-0.042217
0.084499
0.003013
0.021801
0.070953
-0.006716
-0.003200
-0.046882
-0.018111
0.003799
0.014810
0.017373
-0.064464
0.002540
0.066234
0.019861
0.068434
0.025853
0.055633
-0.059061
-0.043349
0.001603
-0.062160
-0.032705
-0.052236
-0.100855
-0.084676
0.006432
0.070132
0.079755
0.069468
-0.069574
0.019111
-0.036259
-0.059120
-0.016105
-0.097193
-0.050708
-0.077568
-0.002171
0.062595
-0.014072
-0.126379
-0.104715
-0.071471
-0.025574
-0.003456
-0.056123
-0.061812
0.087244
0.050420
0.057027
0.099490
-0.012739
0.024398
0.042242
-0.031697
0.042918
0.036874
0.021010
-0.032425
-0.041071
-0.033043
-0.034081
-0.037192
-0.106633
0.073189
-0.015069
-0.069875
0.048399
0.036321
-0.039202
0.036434
0.011578
0.045548
0.010902
-0.016044
0.011864
0.067614
-0.027982
-0.046137
-0.030530
-0.002404
-0.020628
0.036932
0.050737
0.036888
-0.033149
0.011505
0.049764
-0.041629
0.061733
0.044186
0.002045
0.017003
0.018215
0.093933
-0.008318
-0.044030
0.001609
-0.008583
-0.069483
-0.020844
-0.010777
-0.029468
0.070810
-0.039704
-0.073946
-0.076471
-0.024159
-0.024875
-0.050645
-0.032025
0.028732
0.058395
-0.052549
-0.088558
0.011327
-0.015620
0.040634
0.035674
0.047298
-0.017648
0.075017
0.119288
-0.004941
0.109047
0.036119
-0.001615
0.003796
-0.026956
0.086453
-0.003162
-0.040000
0.035063
-0.094531
-0.079783
0.132667
0.009349
-0.082193
0.007071
0.059796
-0.008490
0.003892
0.015391
0.015010
-0.002475
0.039674
0.064866
0.028003
0.017210
-0.006554
-0.039410
0.062551
-0.027890
0.029413
-0.039023
-0.059698
0.053811
0.009204
0.017541
-0.014459
0.020368
0.033772
0.032067
0.045358
0.038520
0.084314
0.077902
-0.004508
0.023709
-0.006860
-0.045144
-0.030734
-0.024230
-0.014289
-0.073813
-0.049355
-0.040110
0.026123
0.013679
0.003669
0.135925
-0.006135
0.026413
0.162467
0.026876
0.084412
0.093511
0.088265
0.070313
0.006609
0.053542
0.062497
0.021538
0.041671
0.012919
-0.054283
-0.014744
0.033944
-0.024232
-0.078623
0.019000
-0.041995
-0.027763
0.032076
0.019950
0.014251
-0.004414
-0.046559
-0.018728
0.009440
0.009704
-0.047006
0.035088
0.037668
-0.032513
-0.053223
-0.025012
0.012629
-0.016943
0.033354
-0.045548
0.017941
0.055463
-0.101819
0.037265
0.008982
-0.100291
-0.036139
-0.135722
-0.053498
0.049873
0.054638
-0.050099
0.009585
0.102076
0.044619
-0.000253
0.005648
0.048261
0.053739
-0.012111
0.018439
-0.018808
0.001863
-0.013793
-0.044679
-0.087054
-0.150475
-0.145921
-0.053587
-0.016966
-0.011112
-0.045837
0.011684
0.023263
0.025308
-0.080331
0.009944
0.058749
0.014270
-0.016447
0.043512
-0.012576
0.018557
0.036098
0.051104
0.037355
0.042551
0.008667
-0.009441
0.021995
-0.002126
0.036418
0.030707
0.098246
0.035969
0.070529
0.087307
0.049635
0.034612
0.085221
0.081513
-0.024044
-0.017113
0.023834
-0.019183
-0.046786
-0.017561
0.005937
-0.022873
-0.033086
0.116331
0.077836
-0.042385
0.082522
-0.009069
0.005288
0.032224
-0.013258
0.094349
-0.061930
-0.034616
-0.000040
0.015553
0.125509
0.017543
0.020826
-0.033970
-0.044915
0.066553
-0.034083
0.018398
0.089343
0.070454
0.032886
-0.069221
0.028410
-0.025387
-0.126688
-0.009702
-0.053604
-0.080445
-0.028242
0.020469
0.000650
-0.024846
0.049738
0.053381
0.082641
0.040480
-0.030873
0.030274
0.068991
-0.037805
-0.087822
0.081328
-0.029760
-0.061303
0.063261
0.054327
0.015367
0.009226
0.047887
0.045219
0.112089
0.058527
0.063385
0.045731
0.014096
0.039612
0.047768
0.020159
0.056164
-0.035904
0.091216
0.094669
0.048669
0.089916
0.064479
0.088347
0.012954
0.080741
0.026833
0.019072
0.070570
0.094593
-0.013871
0.011197
0.035638
0.069009
0.088334
0.046511
0.044707
0.031657
0.013489
0.021604
-0.028300
-0.085135
0.012631
-0.073763
-0.063320
0.019951
-0.091125
0.005620
-0.028019
-0.008666
0.040156
-0.015817
0.044767
0.018812
0.045712
0.002542
-0.037063
-0.012146
0.056533
0.092231
0.038784
0.042097
0.021811
0.063924
-0.013596
0.044686
0.007522
0.053668
0.088688
-0.011714
0.064175
-0.027702
0.037908
0.107772
-0.005778
0.015713
0.025712
0.044552
-0.030342
0.011650
0.000514
-0.071803
0.044690
0.004920
0.059473
0.009733
-0.013161
0.010093
-0.010518
0.007687
-0.013593
-0.053898
0.062984
0.036009
-0.010374
0.004412
0.012859
0.020577
0.068660
0.036813
-0.023294
0.049370
-0.059400
0.020807
0.015350
0.037337
0.023063
0.042363
0.058417
0.098328
0.038469
0.010738
-0.021420
0.001526
-0.014964
-0.028580
0.042541
-0.069972
-0.050261
0.018245
0.024947
-0.057600
-0.087316
0.040117
0.005206
0.025966
0.080114
0.019697
0.015632
0.004176
-0.018520
0.023195
0.017516
0.010731
-0.010398
-0.023997
-0.017859
0.039800
-0.000803
0.011971
0.006450
-0.014649
-0.026240
-0.021652
0.040041
-0.059542
-0.049935
-0.009204
0.019509
0.092610
0.003112
-0.000024
-0.034798
-0.099068
-0.010458
0.016449
0.049659
0.041685
0.042527
0.017107
-0.032277
-0.006024
-0.008003
0.063742
0.058627
0.025629
0.074162
0.043420
-0.024885
-0.018767
-0.030186
-0.016325
0.024834
0.013906
0.054192
0.029540
-0.039638
0.060502
0.013357
0.021448
0.071779
-0.062530
-0.031999
0.057437
0.024696
-0.031718
0.040837
0.002660
-0.036128
0.048997
0.043168
-0.029631
-0.023839
-0.020073
0.054982
0.072436
-0.002428
-0.003774
0.063963
-0.014430
-0.003448
0.019627
0.022644
-0.020298
0.038864
-0.006641
-0.014974
-0.000354
-0.064593
-0.002191
0.007680
-0.012461
0.009998
-0.002612
0.038198
-0.000538
-0.068799
-0.087899
-0.058761
-0.019441
-0.050931
-0.018692
-0.005995
-0.057811
-0.000020
-0.000373
-0.069431
-0.023268
0.049040
-0.012924
-0.070245
-0.072073
-0.060465
-0.009458
0.085814
-0.022828
-0.047684
0.008820
0.039208
0.033500
-0.006576
0.100716
0.115950
0.027752
0.080661
0.071903
0.010442
0.024401
0.046964
-0.011813
-0.012514
-0.036769
0.042090
0.001835
0.005854
0.073261
0.049520
0.054430
0.050166
0.000337
0.009795
0.059056
-0.016412
-0.025652
-0.044566
-0.080322
-0.051057
-0.044128
-0.084993
-0.058461
0.056608
-0.080683
0.027078
0.005841
-0.032767
0.080433
-0.048594
-0.005703
-0.055018
-0.082319
0.019481
0.025755
-0.019269
-0.069659
-0.090545
0.069207
0.010725
-0.049982
0.036198
-0.138014
-0.157165
-0.010484
0.029197
0.046524
-0.010193
0.016358
-0.013230
-0.086296
0.000186
0.010704
-0.003176
0.038191
-0.015024
-0.033681
0.027461
-0.001021
0.076904
0.113991
0.017291
0.045020
0.107495
-0.060719
-0.042901
0.055604
-0.055839
0.016209
0.048510
-0.018517
0.081698
0.032899
-0.008606
0.021993
0.042741
0.003630
0.044017
-0.008548
-0.019833
0.043106
-0.005903
-0.021966
-0.027408
-0.003999
-0.009637
0.047725
0.045506
-0.036339
-0.057892
0.053653
-0.061475
-0.051744
-0.039984
0.024260
0.014759
-0.052409
0.037475
0.012119
0.072662
0.086585
0.015535
-0.042033
0.026662
0.008856
-0.014598
-0.045505
-0.106590
-0.092207
-0.015242
-0.018897
-0.015645
0.012281
-0.077785
-0.010602
-0.034096
-0.013246
-0.013894
-0.016359
-0.001102
-0.022780
0.104677
0.037098
0.030047
0.060339
-0.017465
-0.018039
-0.007975
-0.006146
0.027631
0.027200
-0.008632
0.003864
-0.029341
-0.034874
0.005462
-0.056005
-0.001349
0.035277
-0.007324
-0.052524
-0.004667
0.003813
-0.045071
0.046560
0.016581
-0.044643
-0.021141
-0.023346
0.006483
-0.072740
0.077414
-0.031278
-0.117852
-0.041765
-0.075452
-0.009206
0.019001
-0.009953
-0.023439
-0.059201
-0.012253
-0.032114
-0.070701
0.004552
-0.006508
0.038329
0.102508
0.008168
0.021195
0.006603
-0.041356
0.049861
-0.036976
-0.025574
-0.044840
-0.028322
-0.002471
-0.069786
0.080608
-0.008076
-0.011524
-0.027253
-0.048066
0.038930
-0.039693
0.004286
-0.064520
-0.071914
-0.023378
-0.041180
-0.014638
0.045392
-0.019303
0.051148
-0.034721
-0.016266
0.056319
0.015916
-0.021833
-0.057716
0.003219
-0.018904
-0.067125
-0.023534
-0.018393
0.015785
-0.042599
-0.055819
-0.008845
0.007992
-0.024602
-0.005948
0.007155
-0.040864
-0.048348
0.071619
0.031240
0.010288
-0.023420
-0.015062
-0.039094
0.013347
-0.052313
-0.052892
-0.012144
0.072103
0.049341
-0.008083
0.075864
0.094410
0.014233
-0.069014
-0.081389
-0.022384
-0.084276
-0.034277
0.014963
0.027653
-0.006049
0.097380
-0.034348
-0.057506
0.131166
-0.009598
-0.020066
0.001199
-0.012181
-0.073004
-0.053274
-0.036358
-0.054054
0.003045
-0.018979
-0.005155
0.004655
0.009762
0.044294
0.005132
0.007003
0.020452
0.098758
0.029805
0.026909
0.052097
-0.004838
-0.097141
-0.064751
-0.078306
0.012404
-0.036667
-0.017643
0.053636
-0.015458
-0.014672
0.012350
-0.055592
0.067698
-0.004649
0.000122
0.000511
-0.011657
-0.048656
-0.085145
-0.065302
-0.007473
0.010035
0.013604
0.039918
0.011566
0.047567
0.009279
0.026666
0.009602
-0.018290
0.038448
-0.029219
0.018331
-0.006303
0.027897
-0.016839
0.051250
0.034133
0.014667
0.032491
-0.028373
0.029974
0.079955
-0.011615
0.037471
-0.031439
-0.093665
0.001606
0.072379
0.012809
-0.081496
0.005549
-0.023015
-0.001519
0.053225
-0.013863
0.069426
-0.051139
-0.060155
0.021436
-0.024804
-0.032047
-0.028243
-0.042616
-0.035115
-0.026557
-0.009769
-0.071852
0.017566
0.005585
-0.072432
-0.028240
0.052540
-0.049562
-0.013635
0.030366
-0.025370
0.012909
-0.003683
-0.060791
-0.005167
-0.064374
-0.031941
0.044580
0.033955
-0.053480
-0.113142
-0.001868
-0.037134
-0.061592
0.007231
0.076992
-0.073521
-0.069608
-0.021205
-0.100015
0.008294
-0.047856
-0.026979
0.025455
-0.051266
-0.012141
0.037493
0.049072
-0.023780
0.004032
0.050497
0.010944
0.026672
0.015829
0.013568
-0.073606
-0.048147
-0.002175
-0.048908
0.084728
0.064161
0.000782
0.004857
0.035335
0.018798
-0.015385
-0.010822
0.023486
0.069931
0.068101
-0.035231
-0.109811
-0.039630
-0.049467
0.015886
-0.067015
-0.032546
0.000417
-0.071000
-0.015662
0.008643
0.003174
-0.009752
0.042882
0.018639
-0.016013
0.097115
0.027371
0.039654
-0.007717
0.026039
-0.015060
-0.075860
0.012463
0.042016
-0.112774
0.016195
-0.052497
-0.064708
0.054449
0.014864
0.039766
-0.040137
-0.060513
-0.047825
-0.033810
-0.024435
0.003739
-0.020643
0.055140
-0.023138
-0.058402
-0.082154
-0.009146
0.024155
-0.052960
0.017621
0.062989
0.024257
0.061954
0.037689
0.023064
0.118363
-0.001168
-0.017271
0.057118
0.076244
0.064322
0.034026
0.012726
0.079398
0.060398
0.046545
0.098265
0.098232
0.075599
0.001046
0.077934
0.032467
-0.028890
-0.018901
-0.028940
0.012176
0.037657
0.030949
0.026428
-0.003570
-0.059323
0.008274
0.077748
0.035343
0.045243
-0.023140
-0.060920
-0.054097
-0.078847
-0.062861
0.018553
-0.006649
0.003419
0.022219
-0.022801
-0.044651
0.019253
-0.003560
0.078952
0.052888
0.000507
0.021408
-0.014718
0.069658
0.096523
0.040318
0.073040
0.050865
0.016737
0.028720
0.047965
0.051167
0.020953
0.010357
0.006346
0.033885
-0.022197
0.085072
-0.008018
-0.099516
0.005119
0.007729
-0.117574
-0.012278
0.031184
0.066339
-0.027939
0.005108
0.045336
0.027350
-0.016328
-0.053888
0.001623
-0.025455
-0.041847
0.005823
0.056970
-0.013129
-0.012813
0.020509
-0.041046
-0.026532
-0.034436
-0.004630
0.029765
0.035634
0.016937
0.011791
-0.026323
0.031295
-0.007552
-0.010423
-0.016355
0.052284
0.034411
0.019101
0.006835
0.011200
0.086725
0.054720
0.005897
0.143252
0.024530
0.001376
0.044181
0.040755
0.085341
0.059806
0.000373
-0.020046
-0.057630
-0.082112
-0.044018
0.050669
-0.011171
-0.005021
0.030457
0.095800
0.051291
-0.062624
0.087716
0.003850
-0.104851
0.084899
-0.065792
-0.015374
-0.010964
-0.012755
-0.066255
-0.039345
-0.009465
0.001147
-0.003809
0.002216
0.003069
-0.006839
-0.026847
-0.080456
-0.031913
-0.051226
-0.096634
-0.055347
-0.057289
-0.066028
-0.009025
0.061572
-0.044769
-0.033233
-0.113685
-0.060419
0.057884
-0.005225
-0.024471
-0.013365
-0.030198
-0.080196
-0.129025
-0.047709
-0.001375
-0.009037
0.063049
0.019714
0.053517
0.067567
0.070350
0.036617
0.027220
0.002964
-0.055853
-0.014538
0.034859
0.029920
0.050175
0.094272
0.062815
0.045647
0.007152
0.003710
0.006065
-0.004754
0.010914
0.058049
-0.015059
0.053821
0.019085
0.001093
-0.033701
0.052540
0.005232
0.103946
0.059756
-0.056236
0.061675
-0.019181
-0.110542
0.010534
-0.056039
-0.043627
0.155259
-0.043251
-0.047629
0.042500
0.007244
0.022226
0.033326
-0.025758
0.070093
0.074258
-0.034033
0.009103
0.052072
0.033316
0.058786
0.064014
0.039838
-0.004106
0.016235
0.033391
0.099720
0.014817
-0.054539
-0.057424
-0.052642
-0.036783
0.040710
-0.019820
-0.079723
0.029514
0.026715
-0.047895
-0.050985
0.018136
0.008142
0.057662
0.038247
-0.070068
0.017808
-0.035667
-0.054343
0.041746
0.038930
-0.051837
-0.063746
0.072097
0.008092
-0.019468
0.010832
0.003328
0.001808
-0.096460
-0.018962
0.012030
0.016736
0.019354
0.080696
0.011843
-0.053995
-0.056777
-0.025262
-0.026162
0.015569
-0.002212
0.007912
-0.038262
-0.021363
0.002599
0.069493
-0.035394
0.050461
0.101686
-0.080928
0.021669
0.056004
0.034275
0.005297
-0.110081
0.124542
0.097164
-0.077328
-0.018880
0.021653
0.016743
0.023632
0.044158
0.036459
0.006538
-0.018037
0.104991
0.004900
-0.059965
0.003985
-0.057834
0.016802
0.081670
-0.021808
0.008111
0.051345
-0.014183
0.035986
0.008214
0.071425
0.095035
-0.040784
0.010590
-0.022516
0.015110
0.030395
-0.015806
-0.057957
0.011842
0.022946
-0.031408
0.020501
0.023178
-0.021722
0.047703
0.040873
0.061793
0.041078
0.058224
-0.056836
-0.037053
-0.042129
0.007039
0.033245
-0.025953
-0.031828
-0.037462
0.027053
0.012844
-0.012085
0.000513
-0.046085
-0.074877
-0.020852
-0.070776
-0.011607
-0.023179
-0.057917
0.055084
-0.040069
-0.004482
0.011699
0.056591
0.035367
0.040673
-0.073049
-0.003454
0.001509
-0.057109
-0.057098
0.016879
0.026009
0.023804
0.009404
0.055155
-0.036417
-0.020588
0.032600
0.011995
0.038344
-0.005610
0.043309
0.020825
0.058676
0.006343
-0.038902
0.004648
0.006061
-0.027531
0.044760
0.105282
0.035849
0.013347
0.054015
0.066389
0.064529
0.083998
0.028429
-0.096164
0.003693
0.030838
0.017450
0.055206
0.014036
-0.001805
-0.008724
-0.027903
0.012830
-0.007575
-0.012701
0.040084
0.026921
-0.018966
-0.016609
0.057577
0.017935
0.084594
-0.007892
-0.042876
0.027974
0.014676
0.044172
0.006261
-0.091316
-0.004851
-0.024311
-0.053442
0.012249
-0.031883
0.040654
-0.013620
-0.032621
0.028135
0.021312
0.032926
0.033613
0.024174
-0.006369
-0.051929
-0.041777
-0.014665
0.059432
0.128789
0.069065
0.002929
-0.086024
-0.050036
0.034445
-0.064335
0.118429
-0.001878
-0.024454
-0.003337
-0.004501
-0.053850
-0.102371
0.019923
0.022212
-0.010259
0.039478
0.039792
0.013471
0.004016
0.034851
0.024555
0.016076
-0.010951
0.008299
0.018229
0.033378
0.034411
0.072870
0.014920
0.073245
0.067993
-0.061109
0.005821
0.065508
-0.019269
0.012675
0.021477
0.028134
0.006975
0.043665
0.058380
-0.064932
0.043073
0.025352
-0.054452
-0.017702
-0.107858
-0.110809
0.012144
0.059856
0.097535
-0.000200
-0.040930
-0.027622
-0.006775
-0.037224
0.038836
-0.002705
-0.020210
-0.061683
-0.079613
0.012872
0.046331
-0.038692
-0.049481
-0.024177
-0.015339
-0.056533
0.052296
0.022635
0.055795
0.033196
-0.022898
0.039980
0.013062
-0.007804
-0.028980
-0.029263
-0.007808
-0.044354
0.008914
0.033003
0.006312
0.064820
0.059190
-0.009929
0.023392
0.018958
0.028756
0.023408
-0.003022
-0.102334
-0.080919
-0.050477
-0.086690
0.017205
0.033213
-0.054214
0.017244
-0.035642
0.018506
0.043327
-0.026774
-0.008975
-0.044465
-0.019254
-0.027959
-0.023534
0.054863
0.009294
0.105583
0.005669
-0.084864
0.034438
0.096564
0.069682
0.007249
0.036649
-0.032709
-0.041259
-0.014940
0.037106
0.061160
-0.052544
-0.024847
0.082424
-0.010050
0.043824
0.002090
-0.010600
0.074498
-0.039607
-0.012250
0.075827
0.080489
-0.004343
0.002581
0.056985
0.043854
0.028335
-0.027148
-0.027892
0.036822
0.066507
0.040745
0.049113
0.144979
0.078489
0.022020
-0.011381
-0.075137
0.005425
0.020309
-0.106923
0.029091
0.029064
0.014014
-0.002119
0.029312
-0.050482
-0.020558
0.137287
0.026684
0.012999
0.016160
-0.021086
-0.003458
0.017703
-0.014742
-0.008858
0.011624
-0.056782
0.176493
0.105719
-0.024819
0.025686
0.051628
0.013149
-0.007582
0.061834
0.094027
0.045177
0.150724
0.020878
0.000267
-0.008137
-0.027018
0.028102
0.042695
-0.003728
0.046429
0.036680
-0.003688
0.005005
-0.034777
-0.032084
-0.015615
-0.044297
0.062367
0.034158
0.022044
0.037881
-0.023283
0.050232
-0.019861
0.013322
-0.037340
-0.072115
-0.058781
-0.108170
-0.012421
-0.014066
-0.050550
0.030388
0.026701
0.047874
0.034158
-0.061228
0.049233
-0.081214
-0.037204
-0.002563
0.050432
-0.016815
0.032684
0.066270
0.100312
0.040815
-0.006480
0.051614
-0.041763
0.008956
0.022134
-0.008701
0.029672
0.006586
-0.061226
0.079377
-0.012229
-0.004842
0.143225
0.007162
-0.055281
0.000057
-0.037973
0.060418
0.067498
0.064689
0.082360
0.051512
0.004704
-0.032277
-0.089742
0.000006
0.068968
0.001630
0.018273
0.015367
0.006581
0.029862
0.002567
0.098794
-0.101463
-0.040834
0.059303
-0.101430
-0.024761
0.067981
-0.022969
-0.081889
0.000611
0.023270
0.001156
-0.007230
0.059582
0.023980
-0.005637
0.072160
-0.007470
0.027986
0.071838
0.007458
-0.038097
0.026845
0.008439
0.003337
0.025885
0.004103
0.000838
0.022179
0.027635
-0.037082
-0.019624
0.000928
-0.010301
0.011255
0.017404
0.008923
-0.021564
0.072084
0.075215
0.038819
-0.013098
-0.014015
-0.042358
0.002934
-0.061946
-0.059636
0.031269
-0.003884
0.023612
0.026701
0.044105
0.033650
-0.001150
0.042867
-0.027546
0.068636
0.042101
-0.020881
0.010750
0.014661
0.040208
0.052295
0.049499
-0.044707
0.029770
-0.029561
-0.019413
0.001727
0.000909
0.031764
0.052314
-0.003370
-0.035156
0.029591
0.058107
0.095564
0.047383
0.029081
0.043162
-0.020764
0.034457
0.039435
0.040427
0.063720
0.054241
0.007099
-0.060152
0.001381
0.003485
-0.072380
0.010733
0.046298
-0.018385
-0.041796
-0.106246
-0.033726
0.032395
0.067145
0.033745
0.087494
0.106519
0.051346
0.041687
-0.032415
0.062443
0.055279
-0.005987
0.038654
0.007349
-0.035330
0.007180
0.035201
-0.030904
0.063104
-0.020414
-0.050662
-0.006985
-0.093849
-0.007124
0.023310
0.044476
-0.017478
0.018973
-0.055653
-0.038504
-0.068925
-0.069462
0.019400
0.034222
0.039789
-0.019879
-0.024173
0.109159
0.007874
-0.044801
0.022481
-0.088698
-0.065371
0.005258
-0.013990
-0.050912
0.064561
0.005820
-0.035809
-0.013361
-0.050890
-0.025932
0.041682
-0.001194
-0.020890
-0.020853
-0.050857
-0.112763
-0.090161
-0.107943
-0.109679
0.016300
-0.044052
-0.020865
-0.007931
-0.009321
0.018529
0.026045
0.053088
0.070790
-0.011090
0.048153
0.050186
0.030310
0.108900
0.028334
-0.007418
0.024267
-0.025954
0.071677
0.049984
0.021964
0.088179
0.025452
0.065838
0.080065
0.018542
-0.017596
0.033436
0.026390
0.075491
0.095750
-0.021503
0.117552
0.067202
-0.022977
0.105936
0.005050
-0.016397
0.037751
0.042487
0.018098
0.074715
0.054772
0.003639
0.003567
0.017673
0.090681
-0.078254
-0.043915
0.002957
-0.102390
-0.092799
0.022409
0.040978
0.024235
0.086104
-0.039466
-0.071251
-0.064540
-0.074415
0.039915
0.061314
0.020500
-0.073927
-0.099018
-0.116251
-0.012916
-0.057089
0.019494
0.044822
-0.024707
-0.010507
0.094318
0.008850
-0.031175
0.066806
-0.028519
-0.094822
0.056386
-0.031922
-0.037465
0.047328
-0.032345
0.026209
0.066924
-0.029748
-0.036051
-0.020078
-0.064255
-0.060224
-0.018873
-0.042933
-0.108167
0.011449
-0.066306
-0.027713
-0.060236
0.015602
0.076847
-0.011676
0.002499
0.024669
-0.028884
0.057527
0.051399
0.056508
0.003812
-0.043710
0.033897
0.023009
-0.003844
0.009445
0.046666
0.016043
0.040793
0.017204
-0.032512
0.022002
0.005417
-0.034092
-0.029692
-0.054639
0.058523
-0.013257
-0.076388
-0.051508
-0.001391
0.050099
-0.031461
-0.043312
-0.003313
-0.071001
-0.007200
0.047938
-0.049387
0.002276
0.051753
-0.019462
0.021531
0.030895
-0.026876
-0.025530
-0.046306
0.017961
-0.014016
0.104819
0.008456
-0.070260
0.009362
-0.087077
-0.052152
0.024859
-0.016602
-0.060945
-0.089033
-0.095502
0.024876
-0.011879
-0.005030
0.037190
0.046258
0.056597
0.022403
-0.000186
0.071402
0.005199
0.038178
0.027570
0.038012
0.008026
0.017423
0.101033
0.038696
0.038042
-0.029313
0.042397
0.066066
-0.033764
0.028014
-0.066882
-0.052577
0.024666
-0.014266
0.030685
-0.011074
-0.087036
0.017763
0.008424
-0.083646
-0.050389
0.000832
0.149576
0.106116
0.083313
0.073043
-0.029953
0.075878
-0.010586
-0.019800
0.037190
-0.078619
0.016171
0.055324
0.065977
0.048941
0.026914
0.088628
0.090815
0.057918
0.068911
0.004784
-0.009575
-0.065996
0.047638
0.050407
-0.010941
0.088150
0.004145
-0.056403
-0.054967
0.034253
-0.013516
0.066706
0.007959
0.014802
0.013998
-0.031634
0.007808
-0.045321
-0.006237
0.087228
0.042987
0.071629
0.077418
-0.005832
-0.059431
-0.003932
0.049387
-0.008860
0.017277
-0.001049
0.013921
0.080935
0.074682
0.049168
-0.033171
-0.034851
0.012434
0.044118
0.056088
0.018001
0.036452
-0.002381
-0.036668
-0.026741
-0.056848
0.025442
-0.010560
-0.037688
-0.028135
0.001121
-0.032087
0.020057
0.008784
-0.095526
0.027176
0.000636
-0.032560
0.032072
-0.054284
0.041070
-0.054930
-0.105425
-0.065154
-0.034448
-0.003402
0.008003
0.102168
-0.024124
-0.002148
0.015150
0.039113
-0.017371
-0.011781
0.036987
-0.025157
0.117572
0.052281
-0.030659
0.112901
0.008284
-0.006393
0.001246
-0.075298
-0.037317
-0.004598
0.050586
0.091627
-0.033258
-0.042436
0.016843
0.041196
0.042108
0.040949
-0.003058
0.071003
0.023229
0.004000
0.013577
-0.038011
0.006149
0.080186
0.047592
0.035202
0.091868
0.005986
0.025057
0.074837
-0.045106
0.007710
0.013855
0.001875
0.005550
0.023355
-0.012677
-0.007438
-0.067394
-0.030300
-0.026352
-0.101484
-0.048631
-0.084198
-0.085623
-0.013542
-0.078725
-0.070964
-0.005704
-0.007098
-0.036390
0.057927
0.029559
-0.062598
-0.041653
-0.032025
-0.001541
-0.033416
-0.024392
0.059093
-0.021713
-0.046851
0.022331
-0.032316
-0.043604
0.026584
-0.031852
-0.033210
-0.028373
0.049070
0.087308
0.077616
0.020506
-0.016752
0.043697
0.024263
-0.071806
-0.024632
-0.044117
-0.097777
-0.092645
0.034080
-0.111717
-0.102728
0.011226
-0.031208
-0.054094
-0.013540
0.053025
-0.033682
-0.054538
-0.076728
0.025129
-0.062198
0.015300
0.041365
-0.072997
-0.064976
0.000575
-0.052314
-0.031585
0.022041
-0.043655
-0.034804
0.057191
0.018465
0.089064
-0.009200
0.051220
0.030456
-0.061402
-0.027634
0.028888
-0.024333
-0.005841
0.045492
0.088314
-0.020620
0.025446
0.027225
0.068461
0.080186
-0.014984
0.142730
0.068833
-0.041546
0.007446
-0.035345
0.061177
-0.033929
-0.016613
0.065229
0.002069
-0.025925
0.098688
-0.003228
0.031974
0.011142
-0.000621
0.076375
0.007168
0.069366
0.089421
0.108570
0.075808
0.105947
0.068111
-0.015281
0.017460
-0.012008
-0.025485
0.012359
0.035708
-0.053507
-0.013873
0.013596
-0.070586
-0.026430
0.042537
-0.088902
-0.093066
-0.015605
-0.007958
0.049294
-0.001889
-0.036317
0.025834
-0.051868
-0.013030
0.057733
-0.008705
-0.015826
-0.008401
0.058680
-0.032912
-0.083733
-0.020734
0.072763
0.037109
-0.027459
0.067273
-0.027700
-0.065424
-0.030086
-0.004916
-0.025198
0.047597
0.010314
-0.097009
-0.020358
-0.008675
0.004235
0.040016
0.016470
0.021692
-0.006453
-0.019083
-0.023838
0.083601
0.057974
0.102099
0.109017
0.044164
-0.025048
0.028389
-0.012440
0.017551
0.010036
0.051936
-0.037689
0.049841
0.035995
-0.069525
0.016435
-0.050768
0.017506
0.069487
0.002424
-0.028099
-0.029795
-0.065740
-0.057684
-0.003125
-0.080575
-0.045487
-0.065046
-0.019977
0.000758
0.016675
0.001477
-0.034184
-0.059346
-0.008405
-0.052003
-0.039397
-0.018083
0.049718
0.036051
-0.008730
-0.024197
0.067447
0.046579
0.036854
0.058871
-0.018569
-0.038263
0.032512
-0.040260
0.039099
0.013158
0.003436
0.065151
0.086250
0.076183
0.102326
0.053817
0.028539
0.032256
-0.095617
0.010806
-0.111986
-0.018833
0.066424
-0.020565
0.061680
0.030998
0.039406
0.029900
0.115585
0.040115
0.045973
-0.009652
-0.015950
-0.009215
0.001452
-0.053931
0.007164
0.003025
-0.019832
0.010889
-0.009745
0.044034
-0.038058
-0.027932
0.045830
-0.005875
-0.002445
0.025181
0.023397
-0.016230
-0.037554
-0.000672
-0.018707
-0.016939
-0.013994
-0.076174
-0.038938
0.000503
-0.003462
0.004687
-0.002545
-0.001682
-0.008329
0.019044
-0.035219
0.007541
-0.043004
-0.030921
0.050432
-0.027332
-0.028425
-0.040886
-0.075773
-0.019485
0.063969
-0.031994
0.031056
-0.033485
0.005984
0.050899
0.038767
0.090881
-0.012187
-0.019960
0.030329
-0.074262
-0.107593
-0.023927
-0.001893
0.001584
-0.057393
-0.021309
-0.014593
-0.062840
-0.089778
-0.069568
-0.108866
-0.140413
-0.027076
-0.020473
-0.051194
0.037470
0.030664
-0.022903
0.025037
-0.097987
-0.040280
0.044723
0.043143
-0.020391
-0.007486
0.064830
-0.017190
0.019956
-0.014251
0.007781
0.086704
0.007355
-0.033820
0.016578
0.009928
0.016214
0.057421
0.015456
0.005669
0.074767
0.079183
0.010574
-0.028040
-0.051582
0.023606
0.110652
0.052607
0.001208
0.040024
0.015315
0.005296
0.003717
0.098146
-0.027197
-0.065985
-0.046082
-0.071101
-0.032221
-0.063729
-0.033912
-0.045837
-0.010873
-0.075025
-0.077877
0.051851
0.059085
0.022779
0.078344
0.070225
-0.056400
-0.073464
0.049226
-0.030175
0.005596
-0.042723
-0.003717
0.029680
-0.009654
0.032264
-0.053670
-0.015295
0.003862
-0.063186
0.002789
0.092550
-0.047662
-0.063244
0.011905
0.001368
-0.005676
-0.006327
-0.010820
-0.094690
-0.025036
-0.026648
-0.039844
0.101505
0.032717
-0.039581
0.020166
-0.025079
-0.009111
-0.006823
-0.028331
-0.048392
-0.012870
-0.040150
-0.041001
-0.079346
-0.051156
-0.052962
-0.057826
-0.033997
0.045670
0.001739
-0.007370
0.042854
-0.029385
-0.038023
0.012677
-0.016174
-0.009880
0.002210
0.002541
0.058998
0.068777
0.071668
0.099979
0.049860
0.114976
0.046053
0.036772
0.051459
-0.020220
-0.029547
0.001899
0.000011
0.019903
0.004037
-0.004844
0.058502
0.007441
-0.043729
0.038264
0.047788
-0.038495
0.009736
0.017605
-0.035782
-0.062152
-0.031174
0.012693
0.010390
0.040422
0.001341
-0.067092
-0.037533
0.008736
-0.020668
-0.023201
0.073449
0.071879
-0.006658
-0.033516
0.035583
0.045003
0.007837
-0.050870
-0.018268
-0.033916
0.009883
0.051006
-0.037074
-0.011084
-0.092189
-0.009689
-0.046551
-0.053021
-0.010195
-0.005500
0.045803
0.034326
-0.094701
0.009309
-0.000330
-0.074400
0.040852
-0.004740
0.066490
-0.005429
-0.005107
0.015190
-0.007072
0.087279
-0.025466
-0.031374
0.078034
0.062680
-0.051990
0.055597
0.060569
0.001404
-0.006961
0.029192
0.030331
0.049282
0.063132
0.031563
0.017939
0.001476
0.034018
0.029330
0.007302
-0.002633
0.078390
0.069487
0.037953
0.026168
0.014419
-0.038299
0.025032
-0.024374
-0.036026
0.019623
-0.022653
0.006702
-0.003927
0.052944
-0.046864
-0.032094
-0.027948
-0.040418
0.097419
0.003463
0.067264
0.002551
0.023836
0.027440
0.016815
0.093217
-0.024665
-0.013770
-0.029687
0.005363
-0.018066
0.023453
0.037992
-0.029316
-0.006815
0.042354
-0.046336
-0.066283
-0.034570
-0.016501
0.066600
0.070378
0.017654
0.001593
-0.031530
-0.012318
0.045306
0.034838
-0.047112
-0.068274
-0.023896
0.069437
-0.055910
-0.020902
0.022843
-0.004196
0.047888
0.015025
0.106723
0.103662
-0.011658
-0.013102
-0.005501
-0.011539
-0.025327
0.079103
0.052032
0.020173
-0.035515
0.028056
-0.045809
-0.039210
0.004239
0.074218
-0.028366
0.002102
0.036194
-0.106456
-0.002165
-0.039183
-0.036104
0.069062
0.025474
-0.009884
-0.014649
0.021909
0.113392
0.101144
0.046988
0.072357
0.028297
-0.032772
0.022771
-0.040975
-0.033197
-0.047538
-0.125208
-0.011217
-0.049532
0.008938
0.035042
0.041293
-0.027965
-0.024383
-0.027690
0.000591
-0.028746
-0.039905
0.005229
-0.024105
-0.047072
-0.007686
-0.051087
0.021002
-0.008407
0.039430
0.036681
-0.060679
-0.001258
-0.009967
-0.031214
0.093473
-0.128664
-0.137573
-0.058840
-0.073564
-0.054040
-0.053853
0.043402
0.003164
-0.002876
0.057274
-0.058029
0.001230
0.026522
-0.012381
-0.084289
-0.092981
-0.081924
0.004989
0.040838
-0.018718
0.013283
0.062941
0.010090
0.027368
0.040843
0.070841
0.113864
-0.000687
0.092478
-0.018612
-0.051559
0.056559
0.043469
-0.043117
0.078123
0.038387
-0.077215
-0.001741
0.046175
-0.087065
-0.022300
0.007519
-0.051635
0.048040
0.055124
0.088045
0.078432
0.101426
0.023414
-0.039628
0.025450
0.015981
-0.056945
0.076754
0.009677
-0.061329
0.078090
0.027719
0.017451
0.030516
-0.030949
0.054438
0.032932
0.061225
0.057549
0.005171
-0.036765
-0.071869
0.057440
-0.040908
0.030512
0.006865
-0.014825
0.019584
-0.014013
-0.031557
-0.105639
-0.117200
-0.015897
-0.004013
-0.021299
0.037131
-0.086864
-0.052359
-0.017201
-0.041177
0.017663
0.024975
-0.045070
0.037645
0.070065
0.031388
0.060999
-0.000235
-0.026677
0.051739
0.005072
0.025204
0.041342
0.058024
0.008862
-0.041602
0.050586
-0.013556
0.046460
0.097467
0.035641
0.038342
0.035162
0.016277
-0.028223
0.021818
-0.003585
0.012139
0.015737
-0.028442
-0.066924
-0.016796
-0.022919
-0.074787
-0.068424
0.056874
-0.064844
0.007359
0.044636
0.081256
0.073575
-0.025436
0.050895
0.012491
0.068438
0.070342
0.105207
0.043143
-0.096719
0.003794
0.077490
-0.061423
-0.042795
0.043711
-0.021140
-0.018526
-0.003267
-0.049505
-0.036274
0.061934
-0.016363
0.026820
0.066725
-0.041045
-0.006958
-0.064291
0.051101
0.071028
-0.006146
0.045180
-0.059467
-0.017052
-0.042087
-0.052737
-0.023563
-0.072365
0.057680
0.111811
0.024244
0.038576
-0.045833
-0.092050
0.008089
-0.044409
-0.035406
-0.014722
-0.028951
-0.060505
0.009418
-0.021696
-0.012189
0.074882
0.001194
-0.006175
0.004058
0.094741
0.072673
-0.054703
0.038181
-0.069667
-0.009296
-0.006955
0.027150
0.061974
0.008364
-0.024622
0.021483
-0.110497
-0.037046
-0.026942
-0.050543
-0.035466
-0.036558
-0.018063
-0.012491
0.020105
0.022447
0.035562
-0.010364
-0.041475
-0.009344
-0.029467
-0.051585
-0.024646
-0.001869
-0.073237
-0.105868
-0.069251
-0.069984
-0.066761
-0.067199
-0.183230
-0.178556
-0.121766
-0.049222
-0.084968
-0.059336
-0.006737
0.055788
0.015505
-0.060369
-0.000515
-0.029171
-0.033380
0.015582
0.046081
0.002926
0.002282
-0.044940
-0.016976
-0.034473
-0.058574
0.010032
0.051465
0.086685
0.070377
0.068071
0.064403
0.005592
0.029009
0.088269
-0.010545
-0.062790
-0.003797
-0.029639
-0.054624
-0.006049
-0.050321
-0.046333
0.001899
-0.006924
0.037876
0.008448
0.054584
0.044834
0.021176
0.005842
0.039921
0.015874
0.038259
0.033859
-0.138393
-0.087265
-0.082404
-0.049961
0.038000
-0.054369
0.023104
0.012081
-0.044572
-0.030367
0.053571
-0.015946
-0.045935
0.056097
0.024458
-0.034743
-0.059706
-0.002791
0.052733
0.026853
-0.072578
-0.036862
-0.002776
-0.098523
-0.038232
0.066027
0.062714
0.005419
-0.022131
-0.042799
-0.078848
0.010954
0.027277
0.041019
-0.018014
-0.027575
-0.009640
-0.050124
-0.111771
0.000862
-0.004663
-0.004282
0.041743
0.040966
0.048326
0.022737
0.149029
0.065159
0.022474
-0.008599
-0.019011
0.075322
-0.064228
0.056028
0.086145
0.062865
0.060370
0.010483
0.114031
0.070853
0.043757
0.011849
0.029772
0.105674
0.083219
-0.007224
-0.021946
-0.012944
0.076235
0.016681
0.009471
0.064513
-0.023759
0.031475
0.104326
0.032643
-0.031996
-0.025302
-0.052502
-0.092779
-0.021456
0.009780
-0.054477
-0.066766
-0.071759
-0.083136
-0.019351
0.050365
0.006145
0.036855
0.056598
0.004947
-0.044782
-0.031506
0.062751
0.124735
-0.025949
0.050707
0.013428
-0.010388
0.039827
-0.016604
0.021091
0.015458
0.052137
0.008492
0.065478
0.063332
0.022936
0.011088
-0.042076
0.004697
-0.030335
0.041585
0.062613
-0.029174
-0.055255
0.001171
-0.000575
0.026335
0.019549
0.027911
0.012697
-0.029776
-0.082555
-0.032126
0.044700
-0.035898
-0.011361
0.031943
0.006110
-0.049154
-0.004588
-0.031921
-0.004740
0.006407
-0.047276
-0.028746
-0.014504
0.029622
0.013887
-0.017028
-0.020497
0.042410
0.007331
0.051493
0.057613
-0.013684
0.003214
0.002354
-0.017310
0.017434
-0.038181
-0.059399
-0.059068
0.059257
0.050081
0.028988
0.096914
0.075506
0.026476
0.026043
0.073174
0.050120
-0.045991
-0.019887
-0.030317
-0.042196
0.016986
0.062847
0.001656
-0.032271
-0.095282
0.021740
0.008019
-0.048770
0.085160
0.038831
0.056023
0.009975
-0.015108
-0.086711
-0.043869
-0.042066
0.016094
0.084540
0.093937
-0.066543
-0.088730
-0.021933
-0.003873
0.014998
0.029524
0.071511
-0.064588
0.037290
-0.010296
-0.015753
0.048781
-0.037524
-0.021629
-0.023799
0.059435
0.021506
-0.034264
0.076772
-0.010584
0.010983
0.077234
0.099622
0.036939
0.005028
0.117718
0.058446
0.007340
-0.070909
-0.018829
0.041589
-0.024539
-0.016295
-0.047269
0.003252
0.051803
-0.058269
-0.031027
-0.014337
-0.011488
-0.059390
-0.024620
0.079961
0.023741
0.036576
0.094688
0.024631
0.037047
0.008357
-0.012361
0.098078
0.077709
0.012846
0.062128
-0.007540
0.038563
0.113018
0.031232
0.009763
0.015834
0.026565
0.029266
-0.013130
-0.021782
0.052801
0.019170
0.000093
-0.060139
-0.005650
-0.028869
-0.035698
0.091386
0.014021
0.006519
-0.022989
-0.005924
0.038034
-0.011700
-0.076431
-0.003233
0.020046
-0.013689
-0.057155
-0.052074
0.007831
-0.085368
0.064922
0.038891
0.012536
