1.920239
0.693188
0.572479
0.343405
0.210639
0.203261
0.163534
0.214122
0.219926
0.163696
0.206620
0.128609
0.131075
0.136912
0.188966
0.162585
0.026538
0.129106
0.110790
0.146510
0.153517
0.090296
0.195616
0.002844
0.149502
0.083896
0.025880
0.105691
0.084881
0.118254
0.097223
0.052027
0.009024
0.070250
0.116503
0.123752
0.091812
0.168021
0.068182
0.094118
0.084279
0.034959
0.085452
0.090357
0.066375
0.077304
0.086041
0.053392
0.081382
0.020966
0.021924
-0.004572
-0.011339
-0.032571
0.036765
-0.067182
0.024280
0.104854
-0.031126
-0.008554
0.065058
0.015656
-0.007449
0.082356
-0.024117
0.023814
0.096893
0.104078
0.005258
0.078886
0.184742
0.137916
0.105318
0.031869
0.038694
0.125820
0.108999
0.073165
0.080729
0.095357
0.092236
0.101913
-0.010180
0.034661
0.027092
0.046542
0.094823
0.074248
0.124304
0.044190
0.067375
0.097603
0.042411
0.077950
0.006548
0.070163
-0.008112
0.045784
0.092805
0.104584
0.134078
0.028172
0.038952
0.088169
0.125157
0.065140
-0.012337
0.074299
0.018986
0.015721
0.077486
0.068393
0.029148
-0.013559
0.053372
0.001651
0.031386
-0.032080
-0.051176
0.010135
-0.096105
-0.018525
0.027961
-0.087679
0.008688
-0.119613
-0.074949
-0.004119
-0.004460
0.058230
0.029020
0.040112
-0.007360
-0.020500
0.044884
0.027585
0.060781
0.050426
0.110267
0.028672
0.000640
0.093020
-0.025616
-0.058193
0.008392
-0.061180
-0.022098
0.008676
-0.138434
0.007291
0.044746
-0.033300
0.041922
-0.003710
-0.010714
0.057333
-0.018671
-0.016465
-0.021453
-0.005545
-0.002655
-0.072513
0.043150
0.034418
-0.008955
0.016581
0.091254
0.049632
0.070588
0.067338
0.046923
0.065777
0.100523
-0.024771
-0.051894
0.033955
0.060374
0.055481
0.071995
0.112156
0.015553
-0.053425
0.061663
0.011963
-0.023045
0.007404
0.062043
-0.006942
-0.040873
0.035535
0.042691
0.000343
0.037447
0.009677
-0.018266
0.055507
0.080326
0.019296
-0.048932
0.090322
0.103118
0.059867
0.167324
0.008438
0.040590
0.035757
0.065443
-0.008542
0.037606
0.004193
-0.005511
0.005749
-0.035432
0.036504
0.100663
0.039923
-0.080082
-0.051381
0.021584
-0.043827
0.109407
0.105659
-0.011152
0.051396
-0.053587
-0.019440
-0.024438
0.044863
-0.024305
-0.057599
0.016720
0.010124
-0.032394
0.037530
0.008486
0.030237
0.004600
-0.007906
0.051802
0.009819
-0.016234
0.009802
-0.018515
0.056755
0.029772
0.023858
0.027783
0.024411
0.037797
-0.047081
-0.052409
-0.018800
0.077840
0.052281
0.001189
0.034787
0.071971
0.006414
0.025845
0.108813
0.057503
0.031448
0.041951
0.038904
-0.022839
-0.058671
-0.079965
0.027846
-0.006959
0.042113
0.025125
-0.100139
-0.076665
0.021712
0.013806
0.013368
0.022563
0.014037
0.043979
0.018519
0.052046
0.017312
0.006896
-0.041569
-0.036232
-0.073449
-0.023117
0.080409
0.053350
0.050514
0.031931
0.044050
0.009204
0.036031
0.058859
0.052598
-0.000909
0.054232
-0.000547
0.072304
0.047531
-0.008493
-0.007987
0.050719
0.014398
-0.043173
0.017642
0.039540
0.098695
0.057568
-0.037126
0.004202
0.003653
0.049586
0.043953
0.039013
0.022764
-0.003981
-0.001707
0.015546
0.059240
0.023644
0.039429
0.043600
0.002894
0.021779
-0.036116
0.029245
-0.039916
0.013751
0.110826
-0.020980
-0.033911
-0.003008
0.026484
0.091925
-0.072718
0.020239
0.002284
-0.055008
0.066660
0.016630
-0.049997
0.009361
0.056818
-0.006794
0.030841
0.029534
0.023797
-0.070977
-0.045177
-0.033908
-0.057357
0.043399
-0.007602
0.132369
0.019214
0.040748
0.103943
0.014078
0.077626
0.108339
0.065109
0.000347
0.040284
-0.042021
-0.021222
-0.034964
0.012444
0.018685
-0.043713
0.044192
0.006331
0.026646
-0.109903
-0.064405
0.023364
-0.002121
-0.107810
0.042574
0.023612
-0.034226
-0.087525
0.006618
0.034667
0.027544
0.087124
-0.009257
0.018251
0.055127
0.003350
-0.016692
-0.079825
0.043594
0.035878
-0.041357
0.047732
0.054541
0.052904
0.091878
0.074547
0.028671
-0.104479
-0.034278
0.068175
0.069803
0.017486
0.030331
0.083133
0.069607
0.104318
0.082686
0.072132
0.050799
0.007286
0.018951
0.052641
-0.003967
0.095163
0.085364
-0.024270
0.020764
-0.003985
-0.048372
-0.054343
-0.031758
-0.052906
-0.017458
0.086432
-0.016440
0.047408
0.063220
-0.037225
-0.043515
-0.023004
0.044937
-0.015986
0.045936
-0.023849
-0.034851
0.051190
-0.009680
0.080303
-0.058160
-0.039891
0.016838
0.007498
0.059456
-0.004520
-0.057023
0.039496
-0.000592
0.010545
-0.058201
-0.015080
-0.011357
-0.010383
-0.032119
-0.027571
-0.057339
-0.111016
-0.020441
-0.018673
-0.003592
-0.007932
-0.015192
0.044201
0.053884
-0.040107
-0.005353
0.054340
0.008836
0.093016
0.014631
0.041821
0.041164
0.018019
0.011532
-0.014375
-0.046383
-0.016832
0.022290
0.047890
-0.071059
-0.013494
0.003648
-0.006745
0.014594
-0.025217
-0.035505
0.016887
-0.011590
0.068791
0.042759
-0.030943
-0.041122
0.022690
-0.004607
0.036170
0.121550
0.044224
0.119384
0.028498
0.103825
0.106484
0.020053
0.100249
-0.020800
-0.054060
0.049134
0.062736
0.002419
0.000052
-0.021288
-0.026450
-0.070933
0.085156
-0.006072
-0.035640
-0.020691
-0.008006
0.041999
0.012115
0.051826
-0.009657
-0.013847
-0.039296
-0.032705
-0.050901
0.056014
0.026333
0.014802
0.013428
-0.017203
-0.011979
0.009031
-0.009548
-0.061798
-0.021876
0.072578
0.092908
0.036088
0.023092
0.022631
-0.055880
0.074534
0.028535
0.008397
-0.035540
0.088076
0.029812
-0.004306
0.059358
-0.055816
0.014398
0.084942
-0.009072
0.074020
0.136026
0.159007
0.099108
0.035841
-0.017234
0.057109
0.023437
-0.019495
0.003715
-0.014851
-0.011080
-0.033049
-0.110078
0.003124
0.032636
0.096182
0.030130
0.008818
0.036962
0.013654
0.085190
0.098853
0.013306
0.047885
0.017356
-0.091170
-0.017641
0.106384
-0.044276
0.002886
0.051082
0.022379
0.085814
0.009479
0.050427
0.060105
-0.012018
0.008340
0.000891
0.006592
0.051626
0.060839
0.011405
0.068121
0.044575
0.002028
-0.038267
0.103779
0.083462
0.064670
0.002227
0.037371
0.084977
0.044755
0.067922
-0.010852
0.056290
0.059960
0.050814
0.050795
-0.047861
0.041980
0.008780
-0.050132
-0.006495
-0.003219
0.082797
0.047061
0.024341
0.124514
0.009104
-0.058053
-0.034852
-0.021931
0.062711
0.060815
-0.050112
-0.102112
-0.019849
-0.053976
-0.038912
0.025070
-0.008699
-0.025319
0.020673
-0.055089
0.002774
-0.031208
-0.010341
-0.034170
0.020267
0.026171
-0.008299
0.038806
-0.055595
-0.076112
0.045772
0.033814
0.013499
0.011301
-0.113565
-0.044986
-0.075922
0.051837
0.063531
-0.078173
-0.024870
-0.015796
0.011298
-0.005979
0.092698
0.084233
0.030274
0.134682
0.074135
0.056797
0.080379
-0.035060
-0.013875
-0.012505
0.036673
-0.006036
0.088525
0.094805
0.039919
0.021537
0.001781
0.022758
-0.017110
-0.049713
-0.039407
-0.049531
0.028637
0.027991
0.033129
0.029953
0.002181
-0.003396
0.001486
-0.000841
0.057967
0.035885
0.033511
0.047273
0.029997
0.020353
0.048438
-0.033654
0.007168
0.039870
-0.039025
-0.102465
-0.025837
0.010627
0.034322
0.060551
0.078997
0.077347
-0.033948
0.036774
0.118026
0.029868
0.038531
0.019541
0.067811
0.055152
-0.009591
0.040764
-0.049140
-0.017520
0.044428
0.027987
0.007832
0.063402
0.042583
-0.048340
0.054381
-0.096595
-0.064430
-0.029419
-0.027912
0.104702
0.013053
0.001588
0.066841
-0.006253
-0.026959
-0.049362
0.009400
0.011778
-0.038519
0.107716
-0.049301
-0.000809
0.104171
0.054342
0.094158
0.116947
0.052402
-0.000087
0.065548
0.050854
0.056832
0.114884
0.007509
0.010032
0.034551
-0.120791
-0.079489
-0.017998
-0.115778
-0.047645
-0.044420
-0.000891
0.125180
-0.032696
-0.076062
-0.078587
0.056607
0.027990
-0.019450
0.048092
0.019246
-0.054583
0.033461
-0.007310
0.038393
0.052712
-0.036012
0.053923
-0.023138
-0.024986
0.000058
-0.095464
-0.043772
0.019628
0.025982
0.040106
0.116721
0.120102
0.102503
0.026332
0.035150
0.094751
0.035850
0.026411
-0.032433
0.063900
-0.020930
0.034877
0.049249
0.004324
0.024109
0.012669
0.021302
0.018694
0.034548
-0.004745
-0.015536
-0.022178
-0.053056
-0.072173
0.038436
0.052221
0.067995
0.061101
0.075693
0.132569
0.052561
0.083743
0.078559
0.167014
0.048310
0.015855
0.076127
0.082483
0.036797
0.144619
0.038407
-0.023929
-0.048532
0.004958
0.075395
0.024462
0.049150
-0.021395
-0.025570
-0.000335
-0.092073
-0.008419
-0.105682
-0.093220
0.033405
-0.034321
0.022511
0.104073
-0.060987
-0.008986
-0.032585
-0.179414
-0.024730
-0.003756
-0.059613
-0.059712
-0.030459
-0.007554
0.062976
0.026865
0.016859
0.072511
0.002827
0.029369
0.028167
-0.011929
-0.000244
-0.089043
-0.002371
-0.015019
-0.043372
-0.012647
-0.034965
-0.036349
-0.002169
-0.034670
0.066193
0.067380
-0.030411
0.027754
-0.082561
0.014365
0.072637
-0.059134
0.047503
0.039131
-0.010477
0.050485
0.075296
0.071324
0.015698
0.072546
-0.043448
-0.042541
0.088177
-0.001582
-0.022178
-0.040604
0.010669
0.082811
0.026831
0.035269
-0.037714
-0.049144
-0.016477
-0.021677
0.019499
0.057341
-0.021695
0.093087
0.068116
-0.046596
-0.012452
0.073252
-0.030430
-0.022246
-0.005262
0.015760
-0.064046
-0.004223
-0.008159
0.078398
-0.027514
-0.081568
0.014072
-0.038191
-0.047691
-0.056913
0.029146
-0.043202
0.008650
-0.040055
-0.017853
0.031435
0.019169
-0.015949
-0.008549
0.042082
-0.077206
0.006494
-0.038469
-0.129988
-0.010803
0.011325
-0.076090
-0.041192
0.028998
0.035317
-0.023491
0.017973
-0.029997
-0.049122
0.097744
0.072024
0.021193
0.059844
0.104242
0.015999
0.069148
-0.004900
-0.046327
0.043403
0.020906
0.032556
0.061322
-0.036185
-0.012113
-0.042938
0.002781
-0.063559
0.028958
0.108511
-0.062709
0.023310
0.029045
0.000364
0.001850
-0.017665
0.070293
-0.037314
-0.029169
0.088348
0.015886
-0.007062
-0.021294
0.015247
-0.010682
0.031049
-0.064798
-0.063359
-0.002491
-0.047625
0.040901
0.029691
-0.014696
0.039729
0.023212
-0.049972
0.075389
0.013128
-0.088992
-0.076908
-0.052704
-0.021392
0.015691
0.022772
0.045092
-0.019597
-0.080772
-0.084621
-0.058231
-0.010050
-0.023617
-0.099263
-0.035064
0.045808
-0.045801
-0.119831
-0.030190
-0.014772
-0.078744
-0.022973
0.061178
-0.095879
-0.101307
-0.045984
-0.040273
-0.004266
-0.029228
0.060989
0.010460
-0.020334
-0.025192
0.029275
-0.013683
0.002278
0.072380
0.017401
0.011170
0.027622
0.028164
-0.017712
-0.056618
-0.003005
0.056854
-0.018455
-0.097453
0.028836
-0.007647
0.078091
0.130773
-0.023945
0.052210
0.085776
0.038706
0.055023
0.021757
-0.004158
0.045811
-0.058059
0.009945
0.019765
-0.044293
-0.048967
0.012477
-0.058660
-0.021177
-0.001825
-0.101762
-0.088565
0.000029
0.084617
0.014511
-0.029305
-0.007825
0.017594
0.071602
0.060952
-0.003783
0.028835
0.018584
-0.016460
-0.013202
-0.053626
0.029521
0.018910
-0.028847
0.041246
0.035392
0.053533
-0.038789
-0.009209
-0.007046
0.009865
0.068999
0.034846
-0.039952
-0.056918
-0.071327
0.007679
0.025387
-0.039944
0.044354
-0.037171
-0.035587
0.052507
0.075825
-0.009867
-0.048963
-0.001834
0.017542
-0.033191
-0.004868
-0.011368
-0.029303
0.054619
-0.009359
-0.003404
-0.058214
0.029632
0.034636
0.064989
0.004558
0.083762
0.091596
0.107021
0.041209
-0.038410
0.027221
0.026572
0.029006
0.000967
-0.011859
-0.004139
0.023621
-0.001070
-0.004524
0.021114
-0.043743
-0.011980
-0.003671
0.025675
0.077679
-0.001240
-0.021414
0.049478
-0.033291
0.042142
0.097675
-0.072131
-0.005582
-0.005961
-0.011512
0.025883
-0.022017
0.040233
0.030129
-0.058354
-0.022730
-0.022781
0.033094
-0.000856
-0.066927
-0.035941
0.048119
0.035656
0.047916
0.085419
-0.008409
-0.093467
-0.078496
0.044228
0.084312
-0.027327
0.005913
0.016448
-0.034646
0.031993
0.070400
0.047898
0.075655
0.059648
0.034095
0.054804
-0.008073
0.045597
0.090753
0.097015
0.060643
0.000669
0.106518
-0.003670
0.032064
-0.003050
-0.041483
0.023096
-0.031472
-0.008700
-0.082893
-0.064503
-0.043810
-0.042945
0.019513
0.009799
-0.028512
0.022755
-0.025234
0.022105
0.014644
0.028508
-0.001640
-0.007988
0.140485
0.059108
0.026794
0.048068
-0.009218
0.013220
-0.009076
-0.005265
0.011448
-0.017251
0.053442
0.053890
-0.075556
-0.021557
0.010872
-0.059996
0.010382
0.036755
-0.014019
0.013582
-0.027150
0.118476
0.006286
0.010173
0.051958
-0.013853
0.012141
-0.043597
-0.058628
-0.001074
-0.063936
0.026764
-0.034053
-0.071530
-0.099766
0.011824
0.005696
0.004647
-0.011779
0.011993
0.023196
-0.006522
-0.005818
-0.062507
-0.031125
-0.034651
0.028347
-0.014012
0.052212
-0.009388
0.052382
0.045303
-0.033124
-0.036053
0.004691
0.027045
0.009084
-0.026993
0.104375
0.021596
-0.063838
0.011678
0.042753
-0.006536
0.032388
0.034450
-0.022288
0.039108
0.055027
0.056836
0.005066
-0.032632
0.066226
0.057821
-0.001385
0.002883
-0.012851
0.012894
-0.057818
-0.030208
-0.021118
0.050409
-0.010435
-0.021590
0.072761
0.032814
-0.019956
0.053934
0.032422
-0.050201
-0.017129
-0.108603
-0.067221
0.002305
-0.014748
0.025653
0.057670
-0.032317
0.031566
-0.014118
0.053358
0.124788
0.049152
-0.026559
0.048279
-0.012307
0.019652
0.009146
0.001825
-0.017073
-0.087216
-0.007935
0.042192
0.018059
-0.045389
-0.108993
-0.002430
0.030909
-0.036765
-0.069938
-0.009952
-0.076422
-0.066896
0.045118
-0.016315
-0.036935
0.016325
-0.009602
0.076998
0.045401
0.073733
0.084090
0.101105
0.080223
0.012269
0.020074
0.038247
-0.058613
-0.057257
0.073664
-0.037856
-0.011373
0.023743
-0.028772
-0.021101
0.008460
0.008797
0.132608
0.042477
0.079642
0.132364
-0.020970
-0.030596
0.010454
-0.009732
-0.050354
0.046906
0.132883
0.032162
-0.063036
0.008036
-0.096263
-0.003769
0.092207
-0.014694
0.026578
0.048228
-0.098455
-0.053252
-0.040271
0.007821
0.078966
0.099358
0.103233
-0.028724
-0.036214
-0.001576
-0.008949
-0.058260
0.011402
-0.031859
-0.063152
0.029001
0.043749
0.011515
0.116499
0.039318
0.026053
0.030747
-0.005095
0.046608
-0.017981
0.032937
0.009152
0.003005
-0.035949
-0.081266
-0.112749
-0.064123
0.066872
0.008039
0.059067
0.033458
-0.035958
0.044805
0.077838
-0.057347
-0.007066
0.039329
-0.037472
-0.075857
-0.055867
-0.032030
0.057649
-0.035863
-0.011714
-0.013107
0.017014
0.070106
0.069625
0.057860
0.020958
0.036768
0.049025
0.080592
0.038642
0.037380
-0.032082
0.010525
0.008707
-0.063773
-0.019960
0.059599
0.066572
-0.029393
0.114257
0.056089
0.002457
0.151738
0.002767
-0.001382
0.024552
0.067193
0.029793
0.131138
0.083185
0.015768
0.099522
-0.016531
0.065986
0.029592
-0.015546
-0.062048
-0.081323
0.050446
0.028647
0.046480
0.015094
0.018905
0.015242
0.002426
0.062270
0.092257
-0.016020
0.017419
0.018059
-0.006890
0.019543
0.024294
0.043289
0.068831
0.035688
0.076868
0.042154
0.089892
0.055857
-0.036364
0.036450
0.043767
0.012143
0.026690
0.019333
-0.003725
-0.052996
-0.056647
-0.066005
-0.071720
-0.026772
0.028428
-0.075644
-0.069610
-0.002429
-0.008543
0.005849
-0.010290
0.080412
0.050867
0.052428
-0.055862
-0.003447
0.025480
-0.040924
-0.026540
-0.002846
0.042510
0.069082
0.059623
-0.050883
0.079653
0.001482
-0.031240
0.079093
0.063861
0.041094
0.049307
0.044699
-0.026939
0.068878
0.053577
0.008328
-0.050265
-0.055828
0.055311
-0.050222
0.017121
0.030183
-0.031143
-0.111024
0.010358
-0.037055
0.011201
0.040467
-0.005804
0.063221
0.016417
-0.011750
0.018014
0.000490
0.050530
0.015860
-0.022449
0.023125
-0.000761
0.039024
0.070550
0.059961
0.015893
0.063145
0.057685
0.021635
-0.016752
0.002475
-0.024276
0.057107
0.069359
0.020702
0.047866
-0.011588
0.074450
0.065943
-0.010274
0.061034
0.015494
0.046411
0.142406
0.083665
0.038953
0.058120
0.061161
0.004393
0.055492
0.060436
-0.027715
-0.034711
-0.062229
0.024402
0.001204
-0.018633
0.025455
0.004021
-0.083296
0.054633
-0.023329
0.052451
0.169737
-0.055266
-0.008097
0.034703
-0.035800
-0.046196
0.012609
0.003304
-0.041045
0.014818
-0.035799
-0.054526
0.021830
0.018065
0.014445
-0.059420
-0.090940
-0.078747
-0.028903
0.007889
0.008335
-0.033435
-0.097531
0.004549
0.063538
-0.025041
-0.044452
-0.042118
-0.018350
0.003750
0.009737
-0.025660
-0.091998
0.063462
-0.013949
-0.111478
0.003838
0.017551
-0.010318
0.006925
0.116099
0.056433
0.012902
0.111316
0.033206
-0.042131
0.043931
0.005388
0.045171
-0.021671
-0.075776
-0.062995
-0.077418
-0.089448
-0.054403
0.083037
-0.010499
0.051565
0.069260
-0.076924
-0.034636
-0.010038
-0.012552
0.009060
-0.004251
-0.017065
-0.003766
0.040825
0.004663
-0.010643
-0.060514
0.008647
0.079245
0.021242
-0.119175
0.028815
0.004704
-0.044977
0.019471
-0.024303
-0.027806
-0.108305
-0.014837
0.101810
-0.091204
0.012910
0.009166
-0.024302
-0.035640
-0.086233
0.055452
0.006007
0.077350
-0.046070
-0.012691
0.089224
0.026679
-0.058804
-0.041430
-0.027983
-0.007414
0.036671
-0.033912
-0.082990
-0.002984
0.038626
-0.068012
0.039224
-0.045476
-0.025394
0.052538
-0.036694
-0.045032
0.040116
-0.015149
-0.032216
-0.011631
-0.071943
-0.018948
-0.020048
-0.099964
-0.072451
0.015896
-0.049596
0.044519
0.096769
-0.046221
-0.021269
-0.014275
0.021800
0.076880
-0.035708
-0.099025
0.034567
0.004316
0.140982
0.083557
0.020551
0.031674
0.027387
0.020542
0.021245
0.012663
0.004972
-0.069312
-0.060060
0.006812
-0.052280
-0.012191
-0.042642
0.020099
0.029703
0.011597
0.046741
0.115046
0.052514
-0.023913
0.111137
0.043063
-0.010142
-0.012098
-0.040994
-0.020835
-0.055938
0.071273
0.054373
-0.066524
0.058809
0.023269
-0.001217
0.024660
-0.065179
0.075863
0.034103
-0.039637
0.087100
0.002740
0.030219
0.035019
0.010932
0.036033
0.013968
-0.019885
0.000528
-0.016022
0.015329
0.025150
-0.057997
-0.097612
-0.055503
0.052180
0.043318
-0.013739
-0.054295
0.024238
0.009652
-0.012422
-0.027005
-0.017242
-0.042911
0.013495
0.040147
0.022992
0.015538
0.061614
-0.013265
-0.024354
0.024311
0.026640
0.007308
-0.009017
-0.014258
-0.049522
-0.097683
0.079913
0.055716
-0.021031
0.059965
0.050803
-0.033364
-0.051868
0.060337
0.020607
-0.065864
0.038449
0.017060
-0.058062
0.051651
-0.044390
-0.063853
-0.033113
0.017027
-0.004155
-0.014714
-0.004230
-0.081520
-0.075955
-0.015642
-0.028988
-0.038839
0.026631
0.027121
0.088798
0.024288
-0.021242
-0.023254
-0.071234
-0.033488
-0.005294
-0.022765
-0.033901
-0.013616
-0.033200
-0.023354
0.076480
0.080863
0.021694
0.025376
-0.002428
0.005203
0.055860
-0.006947
0.001489
0.046355
0.012155
-0.033615
0.016224
0.012260
-0.031663
0.006215
-0.033044
-0.021914
-0.002374
-0.041612
0.046778
0.018923
0.003837
0.075902
0.005602
-0.027989
0.056884
0.048143
0.022431
0.037219
-0.036065
-0.015255
-0.014301
0.084025
0.025572
-0.060934
0.044639
0.007794
0.028224
0.093113
0.086211
-0.023767
-0.034952
-0.053669
-0.022651
0.004962
0.003585
0.069319
0.022000
0.014630
0.006420
0.056696
0.036801
0.059326
-0.089104
-0.062324
-0.013173
0.046695
0.028264
-0.011614
0.025932
0.046634
-0.018897
-0.031635
0.042733
0.014235
-0.040983
0.071314
0.018773
-0.059541
0.035613
-0.019951
-0.025486
-0.021435
0.000874
-0.038925
-0.093687
0.013775
0.008166
-0.023931
0.048332
0.036693
-0.004577
0.091595
0.035037
0.000759
-0.057321
-0.024884
0.005863
-0.001138
0.040672
-0.023391
-0.053522
0.077094
0.030204
0.006586
0.020967
-0.002261
0.068313
0.063849
0.032915
0.105094
0.030172
0.025628
0.019860
0.051645
0.135737
0.019009
0.013642
0.014080
0.001972
0.090819
0.031036
0.087383
0.037472
0.039552
0.021158
-0.055540
0.045065
-0.038383
-0.003495
-0.026418
0.068613
-0.030871
-0.024365
0.045466
0.041225
0.085677
-0.010158
0.020787
0.024634
0.047353
0.034471
0.061223
0.052253
-0.003599
0.009225
-0.011661
0.045044
-0.007323
0.053096
0.072940
0.013610
0.019986
-0.009315
-0.047798
0.019856
0.088565
0.025238
-0.042128
-0.005936
0.065539
-0.001352
-0.006746
0.059071
0.025914
0.010818
0.045608
0.009525
0.031415
-0.017893
0.038008
0.031618
0.077513
0.033666
0.011909
0.023895
-0.023238
0.047151
0.038490
0.032632
0.029476
0.020972
0.085444
0.007490
0.059317
0.038564
0.117170
0.067612
-0.013529
-0.010023
-0.008068
0.027447
0.043974
-0.008762
0.036000
0.091434
0.039628
-0.086492
-0.030249
-0.012645
-0.048479
-0.053796
-0.010393
0.006278
-0.049234
-0.005312
-0.032355
-0.027977
0.004293
0.029379
0.017668
0.080047
0.046372
0.003797
-0.044769
0.029621
0.010342
0.051028
0.056773
-0.019725
0.018832
0.067446
0.135397
0.060944
0.010808
0.029796
0.040834
0.085042
-0.002434
0.041552
0.051148
0.071183
0.033909
0.028937
-0.013221
0.073711
0.125881
-0.000908
-0.022484
0.001511
0.043477
-0.017032
0.018125
0.050123
0.020536
-0.026965
-0.018583
-0.086446
-0.122308
-0.036541
-0.061089
0.010531
0.027363
0.012104
-0.036830
-0.071239
0.032932
-0.016728
-0.126521
-0.005015
0.002390
-0.064077
0.130201
0.063395
0.009385
-0.002324
0.032304
0.044171
-0.062679
0.047650
0.069580
0.034116
0.082602
0.107179
0.078948
0.043710
0.040187
-0.065586
0.013578
0.052171
-0.006517
0.027178
0.088434
-0.018473
-0.041986
0.041376
-0.020915
0.091839
0.033635
-0.072042
0.036690
0.011024
-0.014618
0.061047
-0.043536
-0.057324
0.020600
-0.062854
-0.028715
0.040485
0.009479
-0.005328
-0.045699
-0.071593
-0.048990
-0.095445
-0.027128
0.055998
-0.011612
0.001124
0.015454
-0.075075
-0.030236
-0.052484
-0.011225
0.049166
-0.028320
0.004150
0.049765
0.024087
-0.002948
0.047157
0.029256
0.069898
0.064537
0.055151
0.048792
0.089242
-0.027377
0.005123
-0.070828
-0.094696
0.019995
-0.040254
0.030149
-0.021591
-0.053880
-0.032187
0.062989
-0.094483
-0.083151
0.082111
0.062948
-0.047298
-0.016773
-0.071987
-0.016679
0.051315
-0.017624
-0.040892
-0.016987
0.117840
0.015620
0.062751
0.095237
0.081921
0.065998
0.034766
0.022648
0.034223
0.024326
0.029138
0.067047
0.102305
-0.055767
0.009244
-0.004488
-0.070040
-0.009246
0.016456
0.034856
-0.063013
-0.020557
-0.025241
-0.016351
-0.001984
0.007207
-0.027234
-0.018558
0.009541
0.003893
0.052345
0.029771
-0.108691
-0.029370
0.053657
-0.052695
-0.019243
0.028806
0.069878
0.108479
0.001575
-0.064921
-0.027546
-0.015809
0.046349
0.010798
0.070423
0.021727
0.043667
0.092048
0.012168
-0.093312
-0.009000
0.052837
-0.009327
0.028432
0.024465
0.015389
-0.010473
-0.005352
0.027217
0.076234
0.044177
0.022989
0.052434
-0.011202
-0.014877
-0.052188
-0.049678
-0.025041
-0.017467
0.057100
-0.037279
-0.018715
0.006008
0.007740
0.021229
0.053243
-0.004040
-0.029866
-0.056212
-0.077754
-0.041152
-0.042633
-0.111404
-0.033919
-0.059923
-0.007611
-0.034805
0.078176
-0.001791
0.018922
0.020139
-0.185515
0.003986
0.091202
-0.011039
-0.006978
0.044219
-0.059541
-0.055242
-0.030951
-0.035371
0.005222
0.065092
0.078818
0.005385
0.116933
0.030719
0.043534
-0.129986
-0.097288
0.010520
-0.026835
0.043377
-0.089325
-0.088840
-0.008007
-0.021648
0.024005
-0.088016
0.046370
0.015441
-0.055939
-0.005068
-0.103053
-0.031786
0.055051
-0.001708
-0.013633
0.067412
0.041105
0.031321
0.057912
0.036901
-0.065300
-0.059130
0.037929
0.084608
0.053066
-0.062585
0.089740
0.004407
0.024206
0.062283
-0.053388
-0.022606
-0.032463
-0.003772
-0.014908
-0.027933
0.019991
-0.005605
0.002273
-0.023648
-0.007490
-0.005919
-0.035136
0.013520
0.000780
-0.115091
-0.014644
-0.058100
-0.069355
0.052195
0.055965
0.041132
-0.059422
-0.007189
-0.000098
-0.064355
-0.115085
0.045005
0.038393
-0.033586
0.050086
0.001354
-0.045224
-0.017417
0.039144
0.018790
-0.087387
-0.000315
-0.027873
-0.020565
0.015519
0.022796
0.036463
0.012728
-0.009196
0.017593
-0.021999
-0.044867
-0.049051
-0.073931
-0.018517
-0.029510
-0.026808
-0.011109
-0.036837
0.038627
0.034982
0.020273
-0.001014
0.054252
0.022964
-0.004682
0.066606
0.029795
0.001126
0.005756
-0.010417
0.051617
0.062787
-0.020600
0.039732
0.062660
0.031286
0.036544
0.018115
0.079501
-0.001295
-0.050691
0.034406
-0.007169
0.030229
-0.001506
-0.041253
0.024167
0.077212
0.074716
0.054498
0.057589
-0.100576
-0.067716
-0.062158
0.046356
0.134305
0.066214
0.062201
0.005121
-0.050356
0.127793
0.150230
0.046938
-0.011382
0.022594
-0.009209
0.029162
0.004140
0.048860
0.086573
-0.014150
0.008285
0.012648
0.001331
-0.037802
0.008406
0.012027
0.002590
0.019093
0.005653
-0.010812
-0.044216
-0.052237
-0.095621
-0.014471
-0.012529
-0.068023
0.000845
-0.073195
-0.013556
-0.001430
0.005891
-0.019063
0.013186
0.025098
-0.009989
-0.021077
-0.019835
0.012110
-0.089895
-0.035665
-0.038258
-0.037446
-0.010375
0.032544
0.048100
-0.010315
-0.011397
-0.017844
-0.021834
-0.056354
-0.057031
-0.053173
-0.038487
-0.079211
-0.031923
-0.067735
-0.011706
0.005326
0.008581
-0.038526
-0.134912
-0.037262
-0.051963
-0.079257
-0.030828
-0.038760
0.081426
-0.014527
-0.085496
-0.023446
0.024809
-0.059468
0.020130
0.046861
0.035506
0.030953
0.091640
0.049953
-0.041971
-0.085517
-0.032935
-0.037290
-0.070157
0.014705
0.051850
0.043127
-0.009339
0.037343
0.047353
0.017698
0.016354
-0.034368
-0.012494
0.028991
0.057809
-0.033432
-0.031232
-0.036235
0.001590
-0.015672
0.069052
0.051179
0.084524
0.075807
-0.028471
0.094546
-0.056257
0.037322
0.131720
-0.059699
0.009974
-0.019975
0.003892
0.066356
0.040078
0.011160
0.001261
-0.065401
-0.021016
-0.046113
0.016120
-0.097427
-0.007741
-0.007623
-0.023537
0.019284
-0.025650
0.041146
0.006635
0.070415
0.000073
0.071685
0.056875
0.032057
0.011992
0.060289
0.022903
-0.079397
-0.030902
-0.023573
-0.008283
-0.061174
-0.061117
-0.017927
-0.037163
0.027161
-0.006008
-0.028402
0.074763
0.015917
-0.002377
0.013630
-0.052456
0.027965
-0.044621
-0.057176
0.000854
0.020350
0.024218
0.092733
0.032916
0.049871
0.030569
-0.038478
0.028060
0.032712
0.051536
-0.055079
-0.008628
-0.036726
0.026737
0.021521
-0.002571
0.003628
-0.075950
-0.024655
-0.013441
-0.023734
0.018181
0.044783
0.010027
0.048621
-0.027615
-0.041212
0.057194
-0.028995
-0.049571
0.021427
-0.032887
0.026913
0.054575
0.024401
0.089128
0.013956
-0.003845
-0.133772
-0.006548
-0.003466
-0.020643
-0.063343
0.001154
0.052971
-0.045210
0.075214
-0.029440
0.058269
0.099331
-0.063932
-0.022220
-0.096364
-0.071736
0.046237
-0.006023
0.018094
0.044344
0.061405
0.102802
0.079953
-0.008580
0.011245
0.035522
0.020383
0.136981
0.056849
0.043239
-0.039217
0.017433
-0.013847
-0.036983
0.037357
-0.003448
0.006247
-0.027985
0.019002
0.026027
0.037149
-0.008341
0.000155
0.038751
0.041785
-0.001310
-0.001454
-0.007544
-0.038832
-0.104915
0.053462
-0.002975
-0.044537
-0.036333
-0.099547
-0.010928
-0.005980
0.029072
0.013469
0.091172
0.093474
-0.034815
0.031809
-0.002169
-0.065695
-0.007027
-0.001839
-0.070170
-0.021963
-0.017754
-0.096332
-0.016080
-0.002715
-0.013763
-0.033567
0.012777
-0.023950
-0.006899
-0.031258
0.048392
0.029276
0.044465
0.042115
0.018744
-0.015703
0.016000
0.036922
0.079012
-0.034045
-0.046260
-0.101246
-0.105394
-0.026475
-0.082355
-0.082844
-0.003968
-0.020890
0.031954
-0.072936
-0.124722
-0.000026
0.037514
0.019266
0.000949
0.057151
-0.022188
-0.045576
0.082579
-0.118783
-0.103923
0.065760
0.068188
0.052828
0.060864
0.035629
0.030074
-0.050295
-0.057194
-0.019719
0.001611
0.005877
-0.038345
0.010091
0.084072
-0.060018
0.026260
-0.000887
-0.065813
0.098049
0.024901
-0.010249
0.005638
-0.019464
0.021597
0.018104
-0.049441
-0.015730
0.030059
-0.023673
-0.002430
-0.031871
-0.049942
0.000849
-0.034187
-0.003219
0.035228
-0.007431
0.025467
0.008423
0.000149
0.004777
0.042482
0.029027
-0.015931
0.016003
0.156776
0.007000
0.023846
0.028079
-0.031706
0.024966
0.003780
0.035641
0.002130
-0.040440
0.041846
0.012470
-0.030557
0.050912
0.028754
0.001187
0.122325
0.093915
0.106707
0.012047
0.032605
0.011446
-0.021040
-0.076492
0.047937
-0.005563
-0.005115
0.067084
-0.020979
-0.020511
0.063667
-0.013833
0.009915
0.065113
0.013759
0.077039
0.125175
-0.022180
-0.011729
0.051723
-0.036798
0.061746
-0.018156
0.015012
0.038111
-0.061654
0.010560
-0.024729
-0.029112
-0.002757
-0.037448
-0.061983
0.035768
0.010149
0.044604
0.029171
0.041798
-0.039050
0.083661
0.047451
0.033151
0.041843
-0.017649
0.068320
0.047477
0.068797
0.127374
0.086992
0.056840
0.107982
-0.057730
0.013314
0.123156
0.082902
0.020900
-0.051122
-0.000224
0.063404
-0.010905
0.122917
0.049926
0.029699
0.127281
-0.074148
-0.046420
-0.008878
0.043599
-0.009919
-0.009807
-0.066105
-0.024689
-0.021855
-0.005468
0.001594
0.008619
0.001211
-0.046958
-0.051834
-0.052855
-0.016068
-0.046786
-0.024417
0.031493
0.027505
-0.087576
-0.018826
0.003285
0.038395
-0.021085
0.061498
0.002732
-0.066031
0.023991
0.012787
-0.012313
0.054652
-0.022309
-0.010912
0.002717
0.000960
-0.010441
0.089917
0.024256
0.002493
-0.056756
0.028765
-0.033410
-0.060843
0.021754
0.013288
-0.015785
-0.034900
-0.033673
-0.050272
0.043213
-0.042738
-0.018567
-0.068848
-0.029959
0.045168
0.041358
0.018441
0.024944
0.047656
-0.012302
-0.053131
-0.022994
-0.043396
0.042553
-0.051144
-0.075091
0.015781
0.007452
-0.002634
0.005035
0.075398
0.081277
0.070960
0.039032
-0.006932
-0.007117
0.027516
-0.004039
0.081695
0.072418
0.007126
0.018485
-0.047188
-0.058562
0.048660
0.008968
0.059803
0.004743
-0.010260
-0.021971
-0.109189
-0.060146
-0.023999
0.023410
0.020122
0.038404
0.011455
-0.002353
-0.028819
-0.088123
-0.061175
-0.005797
-0.012933
0.066550
0.046840
0.032986
-0.022851
0.002684
-0.025162
-0.000802
-0.044133
-0.053528
-0.005916
0.024429
-0.007363
-0.002847
-0.064506
-0.091321
-0.001637
-0.053558
-0.016490
0.021290
0.046803
-0.008195
0.005449
0.014871
0.066357
-0.012501
0.045880
-0.004165
-0.029420
-0.027973
-0.039551
-0.029323
0.041865
-0.049236
0.026463
-0.032569
-0.083490
0.049071
-0.029954
-0.061368
0.061503
-0.085785
-0.024008
0.001598
0.022121
-0.031553
0.004729
0.058420
-0.025791
0.023715
-0.008941
-0.062876
-0.006833
0.022368
0.026707
0.078573
0.082528
0.030274
0.022434
-0.145421
-0.030860
0.035756
0.004835
0.041947
-0.019777
-0.020809
-0.049118
-0.027805
0.017221
0.034919
0.071913
-0.004535
-0.022608
-0.032796
0.003288
0.100027
0.031883
0.009670
-0.036068
-0.003883
0.026216
0.036232
0.087822
0.014256
-0.074314
-0.128646
-0.036397
0.046990
-0.059303
0.058319
0.009187
0.018754
0.040954
-0.010415
0.018851
-0.018404
0.033404
0.072082
-0.045056
-0.062078
0.002841
-0.032333
-0.012504
-0.005555
-0.067870
0.018260
0.052091
-0.028449
-0.008393
0.096739
0.052060
0.003379
0.017701
-0.000512
0.019228
-0.119387
-0.060279
-0.113574
-0.090857
0.016151
0.042674
0.058336
0.044714
0.036533
-0.025281
-0.000506
0.045705
-0.073877
-0.026801
0.037866
-0.039253
-0.094095
-0.027388
-0.006914
-0.009939
0.004399
0.060738
0.040641
0.030146
-0.022853
0.044361
0.002986
-0.062158
0.072235
0.041525
-0.018771
0.087841
0.003783
-0.055703
-0.023381
0.052841
0.102685
0.000189
0.041011
-0.005364
0.039153
0.081801
0.002818
0.044902
-0.005810
-0.009612
-0.101111
0.008833
0.016843
-0.010771
0.073368
0.023712
0.042163
-0.057643
-0.024865
0.026088
0.122176
0.084106
0.011999
0.105561
-0.010989
-0.071989
0.059063
0.013407
-0.122563
0.078195
0.062240
-0.000856
0.032898
0.032572
0.040828
-0.011793
-0.085130
0.034414
-0.015026
-0.029113
0.013749
0.012626
0.031226
0.003634
0.125229
-0.019639
-0.003976
0.093001
-0.040923
-0.002434
-0.071469
-0.038369
0.029981
0.007817
0.045210
-0.039119
0.014781
-0.018387
-0.010609
-0.057408
-0.116091
-0.011718
-0.007896
-0.042494
-0.096295
0.008469
0.013403
-0.125691
-0.051847
-0.045722
-0.031181
-0.044876
-0.009343
-0.045821
-0.089766
0.057812
-0.008801
0.022691
0.077726
-0.024974
-0.020619
0.017639
-0.065255
-0.014945
-0.020272
-0.053446
0.001254
0.010154
-0.013387
-0.013154
0.032018
-0.036563
-0.095195
-0.046056
-0.012048
0.056026
0.074324
0.040782
-0.002135
-0.017867
-0.034625
0.015870
0.011367
0.077254
0.088860
0.119992
0.001208
-0.032497
0.063756
0.085946
-0.015317
0.040233
0.059701
0.010498
0.073782
-0.023862
-0.024695
-0.057295
-0.083096
0.105460
0.100890
0.097561
0.111235
0.013927
0.056424
0.128890
-0.014113
0.034435
0.014150
-0.048195
0.046995
-0.032805
0.013430
-0.038679
-0.081822
-0.017966
-0.037131
-0.050997
0.096940
0.060392
-0.032434
0.069518
-0.028378
-0.058616
0.038140
0.025224
0.002602
0.040429
0.021474
-0.047883
-0.033143
0.061274
0.015569
0.001144
0.029333
0.013981
0.001382
0.106037
0.062779
0.096280
0.040787
0.025670
0.051561
-0.058180
0.064565
0.061491
0.022522
-0.036542
0.048327
0.106897
-0.077170
0.015837
0.062566
-0.101804
-0.061659
-0.024492
-0.016705
0.074878
-0.048209
-0.084137
-0.039987
-0.009583
-0.042786
-0.036801
0.036223
-0.006414
-0.012848
0.100737
0.011214
0.030804
-0.006709
0.009396
0.007253
-0.011913
-0.035037
-0.015964
-0.019581
-0.003488
-0.036071
-0.001731
-0.062556
0.034863
0.082113
-0.013041
-0.031165
-0.037311
0.023775
-0.033175
0.022067
0.015949
-0.075680
0.022013
0.047170
-0.044131
-0.081440
-0.059201
-0.016911
-0.070926
-0.081024
0.036583
-0.018129
-0.025268
-0.001457
-0.027002
0.043553
0.002606
0.006918
-0.000156
-0.002548
-0.002682
-0.066934
-0.037256
-0.097324
-0.044395
0.018343
0.042595
0.020213
-0.065646
0.000826
0.001542
-0.036511
-0.063857
-0.072055
0.002888
0.001334
0.069228
-0.002877
0.109838
0.005676
0.007953
0.041719
0.093824
-0.034511
0.021095
-0.033833
0.053957
-0.015434
0.027365
-0.021033
0.016688
0.002406
-0.082661
-0.030506
-0.075251
0.026445
-0.012596
-0.018771
0.051638
0.092641
0.047164
0.023951
0.111389
-0.045016
-0.051431
-0.000001
-0.050764
-0.091204
0.004815
0.000059
-0.052767
-0.020989
-0.061722
-0.005762
-0.037815
-0.002105
-0.069257
0.019723
0.049332
-0.009863
0.051694
0.070934
0.056888
0.131506
0.067552
0.089624
0.000038
-0.068156
0.034247
-0.046167
0.006779
-0.008212
-0.132061
-0.031639
0.008581
0.071795
0.024356
-0.052451
-0.008481
-0.020171
0.045653
0.113194
0.042274
0.088431
0.057985
0.043151
0.044673
-0.008854
0.047700
0.062937
0.003868
-0.062357
0.076951
0.010983
-0.065846
0.023672
0.013629
0.069304
0.042061
0.067861
0.073468
0.035111
-0.003798
-0.047221
0.054353
-0.008524
-0.035991
0.024655
-0.046200
0.024822
-0.039251
0.015800
-0.070738
-0.011740
-0.034470
-0.124668
0.007537
-0.002455
-0.076274
-0.013909
-0.114408
-0.110817
-0.067134
-0.062506
0.000207
0.048938
0.021338
-0.043195
-0.005429
-0.001285
-0.021732
0.028051
-0.052909
-0.086064
-0.065818
-0.082302
0.066242
-0.076583
-0.047720
0.003313
-0.005718
-0.050105
-0.046867
0.038149
-0.048033
-0.028089
0.056256
0.007240
0.080341
-0.007169
-0.060430
0.036946
0.009726
-0.046399
0.022474
-0.015833
-0.132788
-0.088123
0.036319
-0.088641
-0.019319
-0.010911
0.005202
0.012320
0.004704
0.020574
-0.091289
-0.002351
0.000622
0.041975
0.053027
-0.037154
0.031316
0.005486
-0.051643
0.024580
0.036909
0.076759
0.034023
-0.014292
0.014409
-0.031645
-0.000005
0.073842
0.009608
0.098089
-0.010579
-0.087685
0.098199
-0.031835
-0.011220
0.144467
-0.040403
0.041156
-0.019897
-0.114457
-0.018743
-0.032876
-0.061354
0.008217
0.025820
-0.020668
-0.016098
-0.046656
0.032928
-0.010048
-0.053550
0.007871
-0.055286
0.032426
0.034902
-0.040095
-0.023346
-0.027499
-0.043926
-0.029544
-0.007196
0.056169
-0.035977
-0.005130
0.101656
-0.021880
-0.102082
-0.065148
-0.062345
-0.058597
-0.046950
-0.007337
-0.079816
0.002836
-0.087197
-0.080736
-0.007435
-0.009555
0.041550
0.088903
-0.077597
-0.087354
-0.014660
-0.065051
-0.041972
-0.012768
0.006241
0.033489
-0.090467
0.066453
-0.039492
-0.105881
-0.055757
-0.005635
0.033546
0.008554
-0.005248
0.100733
-0.014812
0.012205
-0.068808
-0.062138
0.019411
-0.003308
-0.035340
-0.023720
0.039265
0.064686
0.013506
0.033979
0.006385
-0.121978
0.001547
0.027166
0.036396
0.102670
0.000081
0.056278
0.014776
-0.006190
0.042854
0.068665
0.047456
0.128916
0.077327
0.088707
0.053135
0.034269
-0.030032
-0.052159
0.112108
0.024781
0.075674
0.102275
-0.008593
-0.001658
-0.051767
0.041174
-0.015727
0.000190
0.050896
0.085349
-0.097425
-0.021046
0.005976
-0.006161
0.015329
0.038978
0.032719
-0.008389
-0.048958
-0.048624
-0.043118
-0.080544
-0.029002
0.037044
0.105775
0.039716
-0.001880
0.005130
0.014996
0.075565
0.095542
0.005544
0.020524
0.079239
-0.000776
0.047830
0.036480
-0.003173
-0.004269
-0.008883
-0.100269
-0.030558
0.036986
-0.016102
-0.008101
0.060083
0.070090
0.028960
0.067435
0.041496
0.072235
0.032158
0.096861
0.019157
-0.038533
0.007535
0.068440
-0.051232
-0.025099
0.085112
-0.053843
0.007408
0.033013
0.046015
0.102833
0.077935
-0.040991
0.027394
0.006148
0.126751
0.029612
-0.009059
-0.012254
-0.023734
0.019145
-0.028515
0.002839
-0.014117
-0.084955
0.026951
0.039016
-0.019291
-0.008792
0.015057
0.023012
-0.073696
-0.024370
0.040630
-0.129780
-0.083345
-0.017500
0.026391
0.045315
-0.043627
0.061625
0.006436
-0.026505
0.083018
-0.008753
-0.044462
0.006554
-0.008684
0.031625
-0.028954
-0.031646
0.003846
0.017337
-0.071185
0.072411
0.011659
-0.069832
0.018038
0.072637
-0.029930
0.043396
-0.058739
-0.128070
-0.044230
-0.003349
-0.023294
0.032312
-0.003219
-0.063723
-0.077056
-0.000189
0.002724
-0.077325
-0.044301
-0.019955
-0.000438
-0.041170
-0.059782
0.062189
-0.013296
-0.017934
0.046557
0.029084
0.063318
0.082637
0.005495
0.023790
-0.036740
-0.069127
-0.020049
-0.033060
0.021556
-0.048693
-0.038641
-0.008084
0.075642
-0.023984
-0.034966
0.101047
0.043918
-0.000790
-0.009881
-0.011478
-0.054333
0.006942
0.020162
0.010301
0.041316
-0.040827
-0.045650
0.040179
-0.026211
-0.016568
0.020011
0.033917
-0.042142
0.046964
0.050739
-0.004356
-0.056674
-0.021751
0.032658
0.040423
-0.110129
-0.046656
-0.066011
0.011426
-0.033456
0.008327
-0.038273
-0.071438
0.039300
0.005233
0.065612
-0.005359
0.041024
-0.007332
-0.021697
0.053118
0.054503
0.079587
-0.050098
0.100397
-0.019343
-0.066004
0.067611
0.031999
-0.057942
-0.038195
-0.020744
0.082295
-0.097580
-0.021049
0.037072
-0.088933
0.000762
0.059669
-0.018478
-0.022657
0.092790
-0.124890
-0.006693
0.146501
-0.121565
-0.018762
-0.061777
-0.026784
0.048027
-0.067683
0.053555
-0.027464
-0.041892
0.113052
-0.022406
-0.013940
-0.084449
-0.051671
-0.063711
0.008231
0.006257
0.035285
0.016175
-0.044997
0.080027
0.132554
0.016194
-0.034518
0.045109
-0.031878
-0.012056
-0.064223
-0.012013
-0.007355
0.010959
0.020933
0.036521
0.065637
0.079492
0.087822
0.069513
-0.051622
0.028665
-0.047876
-0.045430
-0.021730
-0.144495
0.083705
0.027179
0.030223
0.121244
0.124639
0.025268
0.022284
0.001635
-0.025238
0.059564
0.017555
-0.034890
0.014228
0.008041
-0.009878
0.132870
0.044611
-0.011424
0.037685
0.063641
0.040399
-0.008758
-0.022315
0.009056
0.068908
-0.013571
-0.097156
0.005334
-0.000631
-0.055119
0.041469
-0.039482
0.006614
-0.044792
-0.076407
0.002979
-0.036006
0.025682
-0.011554
0.031184
0.055906
-0.069066
0.010187
0.052572
0.036988
0.046752
-0.055285
0.035219
0.009526
0.068004
0.092977
0.026716
0.043157
0.016387
-0.072522
-0.071951
-0.092541
-0.031071
0.019440
-0.017875
-0.036522
0.038281
-0.014078
-0.090236
-0.000577
0.024585
-0.053421
0.042590
-0.010773
0.054134
0.002007
-0.072513
-0.041565
-0.047628
-0.102902
-0.039008
-0.021343
-0.083034
-0.026011
0.104832
-0.029269
0.042533
0.093250
-0.033155
0.077852
0.033275
-0.025408
0.055264
0.040790
-0.013263
-0.047395
-0.042527
-0.045927
-0.002778
0.031878
0.060206
0.086241
-0.056499
-0.046433
-0.014103
-0.078224
-0.002538
0.108312
-0.003370
0.101397
0.006370
-0.001012
0.072500
-0.012971
-0.020938
-0.034281
-0.060852
-0.045494
-0.098213
-0.026011
-0.014827
-0.032151
-0.041222
0.091998
-0.019924
-0.043075
0.019371
-0.032278
0.056912
-0.013000
0.077889
0.049458
-0.057459
-0.029966
0.027089
0.045252
-0.041510
-0.006814
-0.005344
-0.028708
0.055278
0.054752
-0.061274
-0.017945
0.059010
0.077105
-0.026819
0.002467
-0.012447
0.104890
0.047692
-0.059236
0.034156
0.048995
0.015206
-0.067533
0.003904
0.006106
-0.008378
0.001567
-0.005702
0.030273
-0.051386
0.022020
-0.032959
-0.038090
0.072691
0.029931
0.000046
-0.065194
-0.024965
0.070655
-0.010676
-0.007849
0.013808
0.050541
-0.022630
-0.015266
-0.022124
0.047909
-0.008466
0.071554
0.071513
0.026413
-0.096889
-0.026414
0.076735
-0.015004
0.025659
0.063860
-0.053694
0.073193
0.037442
0.008612
-0.001060
-0.019660
-0.014250
-0.065222
-0.009614
-0.012530
0.018374
-0.023811
0.057823
0.009634
-0.024466
0.013598
-0.005710
-0.042407
0.036809
-0.093152
-0.055369
0.004917
-0.037956
-0.045253
-0.061571
0.036437
0.012245
0.029734
0.020071
0.016719
0.101775
-0.046855
-0.008366
-0.008193
-0.017073
0.045321
-0.085260
-0.096040
0.002934
0.022108
0.020144
-0.037320
-0.003476
-0.035388
-0.016479
-0.006893
-0.057378
0.017671
0.035337
-0.033064
-0.017348
0.008442
-0.077083
-0.176938
-0.098574
0.025672
0.057972
0.022241
0.015802
0.009809
-0.067429
-0.001438
-0.064727
-0.050478
0.072992
-0.027513
-0.050083
0.079240
0.067020
-0.025213
-0.069989
0.067899
0.001844
-0.029595
0.019665
-0.018989
-0.014642
-0.028268
-0.011095
-0.024512
-0.051086
-0.040417
0.021790
0.005160
-0.010084
-0.007641
-0.022895
0.031941
0.048449
0.086610
0.030969
0.032330
0.069281
-0.006683
-0.011225
0.078835
0.044571
-0.028135
0.001613
0.022571
0.074134
0.031024
0.042554
0.021694
-0.120929
-0.031088
0.036945
0.035359
0.080237
0.027777
0.033305
0.081122
0.044774
0.050790
0.017805
-0.011682
0.030974
-0.070111
-0.023538
-0.045358
0.011987
-0.034715
-0.039192
-0.002745
0.009795
0.056346
0.007017
0.046921
-0.036333
-0.002522
0.043294
-0.042902
-0.011146
0.026064
0.008243
-0.020960
-0.084096
-0.031435
-0.082786
-0.022863
-0.021028
-0.032593
0.021132
-0.060339
-0.008454
0.117292
-0.025802
-0.053419
0.099523
0.025638
0.028681
0.044224
-0.016381
0.042403
0.036140
0.021326
0.005728
0.005946
0.018776
0.041961
-0.037106
-0.011401
0.038570
-0.085418
-0.046889
-0.052374
0.019491
-0.045907
-0.122836
0.039546
0.026493
0.031910
0.062640
0.037716
0.062395
0.104377
0.157526
-0.012848
0.017343
0.021513
-0.013493
0.043794
-0.107736
-0.041712
-0.082159
-0.073173
-0.098012
-0.081156
-0.007439
-0.102813
-0.059136
0.030490
0.013353
0.079900
-0.000354
-0.018461
0.016650
0.003292
-0.027272
-0.030230
-0.001466
0.023125
-0.005531
-0.087537
-0.000084
-0.056246
-0.013136
0.004031
-0.013058
-0.082082
0.012454
-0.012863
-0.018115
-0.030759
-0.019617
0.062936
-0.025844
0.046366
0.084586
0.056544
0.079685
-0.001154
-0.082053
0.062781
0.018498
0.020827
0.057546
0.046327
0.012525
-0.066388
-0.024648
0.001428
-0.035037
0.038051
0.024161
0.151766
0.049548
-0.032576
0.074391
0.019037
0.038436
-0.050337
0.017221
0.016852
0.015774
-0.033657
0.012474
0.024894
-0.050224
-0.048878
-0.014876
-0.049772
-0.038261
0.011927
-0.010343
-0.085943
-0.066593
-0.040038
0.026275
0.042232
-0.040348
-0.011330
-0.036336
0.030473
0.081039
0.059703
0.046040
0.022156
0.022806
0.067868
0.029075
-0.005846
0.033536
0.030977
0.081593
0.011603
-0.002113
0.035842
0.035846
-0.092200
0.013814
-0.014934
0.055145
0.093361
0.048238
0.052966
-0.003481
-0.030343
-0.071830
-0.020555
0.026677
0.070093
0.052774
-0.069088
-0.060936
-0.000778
-0.010050
-0.039746
-0.009708
-0.044557
0.017240
-0.022719
-0.040262
-0.044139
-0.014026
-0.004622
0.032462
0.013063
-0.022391
0.033812
-0.012497
-0.022481
-0.010744
-0.066665
-0.027253
-0.072929
-0.060961
-0.016418
-0.006627
-0.068006
-0.088243
-0.080852
0.015210
0.075803
-0.054542
0.023137
0.015731
-0.025100
0.037712
0.014349
0.024832
0.068210
0.116793
-0.010756
0.020402
0.087737
0.045129
0.001412
0.108864
0.025949
0.003601
0.122506
0.045695
-0.041184
0.036538
0.048950
-0.054118
0.023157
-0.033638
-0.064294
0.013226
-0.069329
0.018045
-0.024297
0.010519
-0.059146
-0.057744
-0.085165
-0.040976
0.055014
0.048684
0.010793
0.033793
0.054208
-0.045009
-0.056947
0.004505
0.052083
-0.077551
-0.073968
-0.038047
-0.098710
-0.083206
-0.038719
0.034592
-0.022630
0.035416
0.039636
-0.016022
-0.001031
-0.003941
-0.003175
0.011819
0.025804
-0.072157
-0.082307
-0.066156
-0.022483
-0.055246
-0.015139
-0.024385
0.017944
0.058921
0.057276
0.042054
-0.046052
-0.046905
-0.023514
-0.061447
0.049324
-0.079158
0.006012
0.023077
0.029851
0.020779
0.017307
-0.016364
-0.014210
-0.026295
0.010833
0.039191
-0.048633
-0.078119
0.050599
-0.033982
-0.050996
-0.048444
-0.002613
-0.033331
-0.051807
-0.020470
-0.020630
0.000137
0.032467
0.055324
-0.074289
-0.043329
0.028852
-0.015215
-0.030857
-0.029787
-0.052153
0.005032
-0.031022
-0.004195
0.004022
0.032705
0.003321
-0.003791
0.045265
0.066259
0.059053
-0.024698
-0.028280
0.000240
-0.025681
0.013328
0.039209
-0.049797
0.087360
0.024482
0.041219
0.026354
-0.044268
-0.025116
-0.002495
-0.048872
-0.084170
-0.057886
-0.005289
-0.003728
-0.045835
0.047704
-0.093425
0.008688
-0.061320
-0.044158
0.113540
0.003609
0.035105
0.112187
0.049717
0.098671
0.098585
0.058380
-0.042440
0.103032
0.117996
-0.031207
0.054085
-0.001386
-0.028515
-0.092570
-0.020685
0.051475
0.038025
-0.035225
-0.014048
-0.035217
0.022920
-0.004764
-0.076493
0.024763
-0.022025
0.001591
0.056764
-0.045983
0.011269
0.048486
0.003009
0.026322
0.001762
-0.005426
-0.079657
-0.017684
-0.050517
-0.009567
0.033227
0.015421
0.036113
0.110476
0.120650
0.039692
-0.000563
0.040227
-0.020310
-0.054680
-0.015927
0.027588
-0.036974
0.041316
0.073794
0.008456
0.025895
-0.003244
-0.108299
-0.063911
-0.062106
-0.009780
-0.062458
-0.071077
0.002562
0.019615
0.022301
-0.037215
0.051138
0.005365
0.039632
-0.027835
-0.047440
-0.018870
-0.074703
-0.049356
-0.121017
-0.033379
-0.078108
-0.020376
-0.056013
-0.030484
0.021138
-0.044914
0.022388
-0.084439
0.063847
0.042408
0.052329
0.061881
-0.019119
0.112810
-0.061805
-0.125482
0.023246
-0.013009
0.005631
-0.042988
-0.000708
0.036219
-0.017430
0.039330
0.010175
-0.075234
-0.014027
0.049404
0.000487
0.075597
0.089071
-0.024280
0.023040
-0.072733
0.023747
0.004267
-0.049092
-0.054079
0.033776
0.010399
0.096257
0.048364
0.020570
0.011282
0.032648
-0.016975
0.051464
0.013487
0.110781
-0.007198
-0.017097
0.018771
0.033065
0.090947
-0.010958
-0.040630
0.061692
-0.036922
0.003268
0.064943
0.058310
0.057031
0.021004
0.063277
0.010432
0.072650
-0.063124
-0.043164
-0.044551
-0.025448
0.026902
-0.017557
-0.043259
-0.009614
-0.030622
-0.071928
-0.044529
-0.049583
-0.039851
0.072010
-0.066155
0.002978
0.055204
-0.106442
0.001453
-0.008030
-0.021328
0.000657
0.024605
0.087703
0.002347
0.030538
-0.012254
0.029410
-0.022580
-0.000953
0.042744
0.011942
0.032426
0.064040
0.077017
0.027577
0.068647
-0.024379
0.009077
0.035028
0.085523
0.056263
-0.032961
0.066381
0.074134
-0.128816
-0.000721
0.055324
-0.000568
0.124987
-0.023176
-0.014081
0.052040
0.007801
0.071189
0.098853
0.050081
0.002475
0.045413
-0.065856
-0.013090
0.016377
-0.002573
0.070019
-0.001581
0.025489
-0.024984
0.043871
-0.015985
-0.019328
0.003378
0.027757
0.006812
0.056035
0.029212
0.075575
0.016348
0.066937
0.038114
0.028830
0.072813
0.030453
0.077359
0.013914
-0.015553
0.023574
-0.003309
0.020468
-0.035932
0.012396
-0.006997
0.038064
0.035003
0.035697
0.025624
-0.016782
-0.002547
0.055468
0.035489
0.090927
0.035635
0.046431
0.052386
0.086336
0.074104
0.059816
0.068020
-0.032932
-0.011981
-0.050707
-0.040643
0.036879
-0.013167
0.055984
0.029478
0.049215
0.045605
0.011218
0.003210
0.010384
0.026602
0.023404
0.083749
0.038824
0.074831
0.113349
0.025710
0.028827
-0.082058
-0.030920
0.017223
0.027995
-0.020820
0.045073
0.060189
0.034125
0.108097
0.079919
0.034922
-0.051243
-0.063639
-0.024743
0.007303
-0.057729
-0.052186
0.014770
-0.081282
-0.047735
0.037175
-0.119049
-0.085114
-0.035924
-0.049047
-0.043292
-0.044495
0.091327
0.083360
0.003503
-0.044183
0.001576
0.030736
-0.092467
0.019227
-0.060218
-0.068833
-0.045382
-0.112285
-0.027773
-0.048440
-0.027430
0.029508
0.067868
-0.002911
0.104160
0.026731
-0.025608
-0.028717
0.096786
0.139638
0.075804
-0.020972
0.024117
-0.020078
0.008476
0.007618
0.006114
0.018695
0.032906
0.031368
0.013592
-0.002206
0.014618
-0.025532
-0.027275
-0.061249
-0.011455
0.003721
-0.032301
0.006071
-0.022592
-0.085028
-0.054563
0.022206
-0.042135
-0.071121
0.076524
0.043208
0.081471
0.077004
0.012466
-0.064871
-0.012353
-0.059162
-0.007404
-0.128790
-0.101400
0.017727
0.041376
-0.044680
-0.031296
0.031737
0.030904
0.030584
0.064301
-0.054932
-0.037939
0.007516
-0.064683
-0.047344
0.025104
-0.006924
-0.037762
-0.021105
-0.002970
0.025785
0.013504
0.087291
0.019515
-0.032949
0.050086
-0.009388
-0.033682
0.112941
0.033505
-0.020944
-0.042736
-0.047105
-0.031840
0.000854
-0.048213
-0.009796
-0.030448
-0.023604
-0.080336
-0.081789
-0.019568
-0.005888
0.034239
0.021958
-0.000809
-0.027008
-0.055790
-0.092537
0.016852
-0.020239
0.018640
0.064920
-0.002250
0.033303
-0.022910
-0.018134
-0.037241
-0.030074
-0.024774
-0.009241
-0.037676
0.022797
-0.028280
0.064997
-0.033396
-0.009134
0.016846
-0.004258
-0.033540
-0.049454
-0.001120
-0.093870
-0.083783
-0.050615
0.028128
-0.011978
-0.081370
-0.035176
0.011213
-0.071464
0.005678
-0.008980
-0.123772
-0.008128
0.045016
-0.027306
0.047484
0.064065
0.036259
-0.027258
-0.046607
0.021512
-0.041053
-0.051939
0.018996
0.032374
0.007008
-0.052092
-0.009154
0.112626
0.051538
0.010410
0.003117
-0.024587
0.056175
-0.012135
0.026021
-0.046307
0.000686
-0.010836
0.027729
-0.010372
-0.045015
-0.040291
0.005502
-0.002362
-0.093749
-0.023607
0.036712
0.038944
-0.022565
0.052147
-0.027733
-0.067864
0.091710
0.054282
-0.001331
-0.010601
-0.000371
-0.017731
-0.079021
-0.002287
-0.030116
-0.042154
-0.033610
-0.042985
-0.018313
0.002767
-0.038079
-0.036833
0.025886
-0.107011
-0.060019
0.063753
-0.140345
0.044291
-0.007506
-0.041048
0.046259
0.052074
-0.050015
-0.055186
0.083245
0.043974
0.032663
-0.021861
0.004917
0.028799
-0.001947
0.063620
0.067727
0.037386
-0.065174
0.001543
0.024386
-0.050492
-0.092410
-0.016419
0.032356
0.000582
-0.052768
0.043297
-0.041928
-0.068871
0.067780
-0.051947
0.038626
-0.023455
-0.064223
-0.000460
-0.032768
-0.004546
0.004245
-0.027560
0.010898
-0.031140
0.026446
0.039539
-0.020938
0.040529
0.034790
0.031071
0.071061
0.034300
0.058726
-0.006552
-0.053970
0.025444
-0.032219
-0.015789
0.014210
-0.002195
0.033346
0.022586
0.003312
-0.011584
-0.020151
-0.017595
0.023285
-0.065061
-0.007006
-0.019630
0.000014
-0.005344
0.004348
0.066448
-0.014775
0.057157
0.001920
0.016823
0.047050
-0.069795
0.038481
0.007949
-0.080185
-0.025450
-0.093011
-0.005386
-0.002918
0.005604
0.031586
-0.001501
-0.038350
-0.015992
0.060124
0.045282
-0.022621
0.082295
0.045803
0.062361
0.053091
-0.034030
0.073249
0.039126
0.024168
0.123008
-0.005625
-0.034368
0.062437
-0.003702
-0.032977
0.006363
0.074878
0.031010
0.064364
0.002621
-0.054033
-0.044502
0.005318
0.028511
0.020795
-0.127092
-0.040195
0.045453
0.072830
-0.011854
-0.044212
-0.034055
0.002697
-0.024757
-0.046863
0.065604
0.093722
-0.021035
0.026501
0.048213
0.001705
-0.035829
-0.038896
-0.063375
0.040508
0.002100
-0.051487
0.039942
-0.015620
0.020905
0.014854
0.042410
0.019587
0.094178
0.023586
-0.061152
0.033932
0.010332
-0.056325
-0.007489
-0.037130
-0.092668
0.043218
-0.040654
-0.078411
0.015919
-0.044624
-0.023488
0.059818
-0.024935
-0.016007
0.021440
-0.018303
-0.033114
-0.000954
0.055021
0.020811
-0.035525
0.001512
0.006322
0.008151
0.005184
-0.041296
-0.016323
-0.050283
-0.011501
0.025307
0.034489
0.042922
0.027643
0.019944
0.148797
0.049825
0.000924
0.012147
-0.012777
-0.033449
-0.030623
-0.068947
-0.063787
-0.021804
-0.072558
0.026707
0.042652
-0.079378
-0.128890
0.055768
-0.050276
0.049511
-0.020516
0.006350
0.053466
0.014929
-0.024788
-0.029041
0.083354
-0.043769
0.010784
0.140592
-0.017425
0.028071
0.013936
-0.007929
0.037242
0.050752
0.071034
-0.042370
-0.026785
0.144974
0.006921
-0.089840
-0.002197
0.032872
0.039326
0.015884
0.039346
-0.086902
-0.063207
0.000663
0.045663
-0.036026
-0.048316
-0.033922
-0.045496
0.041099
-0.057579
0.019710
-0.006608
0.020587
-0.024936
0.048197
0.080020
-0.021897
-0.044032
-0.029150
-0.074682
-0.060200
-0.090188
-0.022351
0.026302
-0.004921
-0.035206
-0.047182
0.027895
0.077255
-0.014975
0.004709
0.076225
-0.052740
0.048072
0.042796
0.001059
-0.000577
-0.035388
0.000808
-0.007078
0.082084
0.068287
0.034238
0.040587
0.075338
0.044858
-0.016528
0.017851
-0.008113
0.060009
0.089739
0.058497
0.016332
0.067790
0.035685
-0.001941
0.041377
-0.045465
-0.079264
-0.039580
-0.050198
-0.061722
-0.010671
0.065281
0.046890
0.038827
-0.027269
0.005681
0.027543
-0.040370
-0.019459
-0.106754
-0.072021
-0.049697
-0.018913
0.017893
0.014456
-0.026454
-0.014688
-0.012579
-0.014060
-0.033302
-0.000325
0.047850
0.050220
0.050941
-0.005227
-0.081469
0.067137
0.067307
0.009989
0.073525
-0.007985
0.011407
-0.004444
-0.063251
-0.017990
0.063117
0.042639
-0.031147
0.053827
-0.006899
-0.037866
0.069773
0.015011
-0.036843
0.005281
-0.000579
0.036269
-0.015733
-0.048855
-0.063991
-0.011523
0.016850
-0.020045
-0.035097
-0.026165
0.012919
-0.053039
-0.007858
-0.047573
-0.108295
-0.021789
0.036873
-0.026900
-0.011459
-0.020907
0.017943
0.062587
0.025769
-0.041267
0.040598
-0.049072
-0.036661
-0.029643
-0.007650
0.072960
-0.000116
-0.007619
-0.017193
-0.008886
-0.003938
0.057786
-0.006219
0.013039
0.051986
0.066919
-0.043242
0.018938
-0.006833
-0.106308
-0.091794
-0.057952
-0.003402
0.005110
-0.043335
-0.093070
-0.008210
0.036919
0.032598
-0.021313
-0.016251
0.010053
-0.040329
0.060125
0.109571
-0.004792
-0.027673
-0.035471
0.001179
-0.016109
0.002752
0.002389
0.002792
-0.003461
-0.060964
0.039289
0.068912
0.025814
-0.053348
-0.032578
-0.025913
-0.077759
-0.032797
-0.021656
0.006631
-0.010789
0.001111
0.022917
0.094905
0.012493
0.015252
0.067770
0.001479
0.095145
0.031284
0.022472
0.057826
0.059740
0.061039
-0.017856
-0.085794
0.049962
0.037679
-0.038097
-0.076046
-0.046941
-0.013206
-0.017109
-0.043332
0.026736
0.096117
0.000436
0.045410
0.111105
0.009818
-0.027613
-0.017622
-0.108978
0.020267
0.020877
0.044079
-0.021586
-0.021559
-0.010192
-0.053100
-0.042797
0.004494
-0.006763
0.048116
-0.036249
0.076856
0.024012
0.017546
0.015900
0.002988
0.045553
0.028670
-0.006803
-0.016103
-0.021293
0.016924
0.071940
0.050213
0.096516
0.086780
-0.021803
0.047249
0.067387
-0.022751
0.041073
0.082938
0.083008
0.073782
0.017700
0.075196
0.051848
0.008953
0.017233
0.042376
0.059365
-0.028097
-0.048813
-0.002957
-0.005401
-0.011152
0.050900
-0.011419
-0.028512
-0.107462
-0.016242
0.001288
-0.041113
0.025925
0.069863
-0.022931
-0.020845
0.015948
-0.038899
-0.005209
-0.012652
-0.018753
0.040358
0.007020
0.025110
-0.005170
0.003784
-0.101453
-0.001787
0.072780
-0.021105
-0.068619
0.008809
0.015638
-0.047256
-0.033683
-0.001750
-0.027995
0.003486
-0.041257
-0.009134
0.018656
-0.017946
-0.003924
-0.024220
0.093791
0.010665
0.002028
0.013204
0.027528
0.013176
0.055402
-0.052030
-0.015146
0.057496
-0.010562
-0.039306
-0.092854
-0.035670
0.046962
-0.074886
0.023107
0.079302
0.009592
-0.033386
0.063410
0.021538
-0.130834
0.018659
-0.005999
-0.028479
0.000879
-0.025904
0.061365
-0.003295
-0.077744
0.053166
0.027689
0.025913
0.064311
0.090390
0.030270
0.047254
0.000489
0.136610
0.135686
0.017225
0.132981
0.081959
0.005595
0.003888
-0.041707
-0.025242
-0.060767
0.046564
-0.003391
0.009078
0.109210
0.000913
-0.004699
0.006302
0.006524
0.027302
0.041731
-0.025331
-0.119303
0.002769
-0.082169
-0.013637
-0.004517
0.047690
0.054002
0.084807
0.071499
0.154328
0.121986
0.059516
0.065610
0.099167
0.007824
-0.038468
0.061326
0.001445
0.000051
0.046073
0.105348
0.128972
0.073437
0.108081
0.033503
0.088930
0.047494
-0.003202
0.025037
0.018087
0.087527
-0.012599
-0.039001
0.072418
-0.017792
0.010630
0.063648
0.030369
0.090497
0.097460
-0.012788
0.061425
0.045514
-0.073554
-0.024389
-0.029214
0.055061
0.078620
0.042806
0.202626
-0.021093
0.101875
0.065149
0.080421
0.185558
-0.019874
0.027024
0.052335
-0.109698
0.000341
-0.051214
0.020135
0.059698
-0.032148
0.017533
0.001147
0.035709
0.014811
0.021372
-0.033788
-0.038165
-0.002608
-0.025361
0.026993
0.028879
-0.043922
-0.070536
0.036877
0.035347
-0.047515
-0.049527
-0.022250
0.001670
0.013913
-0.018038
-0.094263
0.044984
0.031174
0.048283
0.088388
0.045802
0.092230
-0.002915
-0.087323
0.101310
0.021328
0.016980
0.119464
-0.034930
-0.073911
-0.051685
-0.093335
0.019923
-0.062253
-0.083004
-0.019191
0.049695
0.021217
0.086667
-0.024395
-0.153665
0.030389
-0.014077
-0.062151
-0.029328
-0.039789
-0.015911
-0.035032
-0.029063
0.033833
0.027529
0.053968
0.055165
-0.027865
0.041725
0.073944
0.031596
-0.018589
-0.010237
0.003232
-0.032685
-0.018267
0.006821
-0.041379
-0.021389
0.061187
0.011606
-0.044452
-0.002563
-0.014865
0.064578
-0.061733
-0.094551
0.039268
-0.024624
-0.050547
0.011388
0.015316
0.022564
-0.045585
-0.031418
-0.002267
0.054986
0.065948
0.011671
0.019839
-0.033476
-0.084900
-0.144892
-0.029960
-0.011212
-0.048640
0.010939
-0.026353
0.006403
0.075221
-0.025364
-0.014129
-0.016432
-0.095433
-0.037767
0.084388
0.094795
0.016873
-0.007480
0.061893
0.014162
0.016190
0.044431
-0.052197
0.019522
0.037140
0.004380
0.044301
0.019205
0.012764
0.033344
-0.038948
0.048464
0.038710
0.023179
0.043413
-0.029615
-0.005777
0.067821
-0.018650
-0.062947
0.026155
-0.026135
-0.049381
0.081394
0.093732
-0.048011
-0.002085
-0.000319
-0.103641
-0.037940
-0.096271
-0.089195
-0.116191
-0.075355
0.009888
-0.019226
-0.018605
0.020660
0.036408
0.017576
-0.068024
-0.017166
0.024601
0.028008
0.022631
-0.069091
0.009703
0.084128
0.029974
0.045765
0.050445
0.085242
0.037500
0.024604
0.000218
0.053630
0.055544
-0.023350
-0.047671
-0.037868
-0.008913
-0.004089
-0.010853
-0.007718
0.018564
0.013762
-0.013996
-0.023798
0.079274
-0.018436
0.075181
0.020817
-0.028950
-0.000229
0.018817
-0.074557
-0.090638
0.003597
0.020495
-0.048869
0.020165
-0.067926
-0.055406
0.047251
0.044231
0.043635
-0.021714
-0.039205
-0.023509
0.056692
-0.039596
0.014688
0.086603
-0.041746
0.033048
-0.056354
-0.071631
0.019668
-0.078208
-0.024937
0.082700
-0.053749
-0.000540
0.063171
-0.042133
0.085126
0.037280
-0.071866
-0.002823
0.013664
0.112808
0.008621
-0.033803
0.016833
-0.008460
0.042171
-0.016147
-0.042838
-0.025991
0.015678
0.118580
-0.014423
0.081383
0.056566
-0.020213
0.022966
0.035605
0.025195
0.009602
-0.007301
-0.087471
-0.032565
-0.017875
-0.116871
-0.082993
0.013364
-0.091430
-0.104095
0.033979
0.002187
0.025082
0.099205
-0.017656
-0.038360
-0.100851
-0.131580
-0.018746
-0.027315
-0.056894
-0.010665
0.026209
0.057078
-0.008550
-0.109991
-0.080498
-0.034995
0.007851
0.065698
0.140379
0.015647
0.072710
0.067508
-0.032304
0.010887
0.051679
0.074842
0.023430
0.075722
0.125747
-0.009029
-0.036343
0.117500
-0.055227
-0.036206
0.056669
-0.003586
0.069441
0.029037
0.002540
0.062216
0.037081
0.022243
-0.046328
-0.048377
0.015612
-0.033758
-0.007196
0.026909
-0.028987
0.070463
0.001422
-0.015033
0.092514
0.099149
0.030999
0.126173
0.103504
0.052003
0.030505
0.067281
-0.013818
-0.011223
0.004402
0.000420
-0.031979
0.000221
-0.000264
-0.068104
-0.005233
0.010362
-0.030220
0.047795
0.024509
0.027791
0.040680
-0.030662
-0.031769
-0.159241
-0.020294
0.024267
0.001153
-0.047770
-0.023532
0.048881
0.021274
0.001894
0.103288
0.034932
0.000682
0.053935
-0.051818
0.033346
0.065327
-0.058086
-0.070218
0.075784
0.000166
0.030008
0.054138
-0.044812
-0.020095
-0.010687
-0.067654
0.006914
0.013851
-0.022065
0.017891
-0.098060
-0.022210
-0.067562
-0.003521
0.076788
0.071429
0.092597
-0.023635
-0.033160
0.021696
0.025271
0.023276
0.076044
0.080308
0.013962
0.004064
0.043055
0.079415
0.090710
-0.016754
0.051161
0.007612
0.004332
0.076106
-0.007869
-0.057167
-0.005414
0.001365
0.093210
0.043425
0.008924
0.056498
0.012003
0.069637
0.089562
0.036895
-0.007643
-0.005028
-0.024985
-0.000323
0.038386
0.008345
0.000728
0.041352
-0.009214
-0.002177
0.055905
0.014190
-0.019004
0.006628
0.021868
0.058358
-0.024303
0.004311
-0.068141
-0.024730
-0.005285
-0.019119
-0.046088
-0.032209
0.084453
-0.032185
-0.078691
0.032847
-0.029808
0.000430
-0.039271
-0.050963
-0.068214
-0.078969
-0.113293
-0.021423
-0.044067
0.013051
-0.000006
-0.087675
0.017056
-0.004697
-0.068559
0.009494
-0.004406
-0.019351
0.014305
0.015616
-0.006201
-0.020389
0.012841
0.010611
0.017680
-0.018302
0.033110
-0.024045
-0.031697
-0.063199
0.011072
-0.005988
-0.112786
0.033445
-0.016822
0.013966
0.096755
-0.048266
-0.034684
-0.033135
-0.022991
0.020109
0.041019
-0.021443
-0.036662
-0.071927
-0.022953
0.015815
-0.035445
0.076600
0.060484
-0.034076
0.051414
-0.084279
-0.021913
0.020090
-0.011341
-0.045829
-0.033780
-0.037483
-0.029676
-0.047084
0.016534
-0.026592
-0.020280
0.025254
-0.012009
-0.030709
0.026480
0.076122
0.034914
-0.006443
-0.061707
-0.009533
-0.059947
-0.070536
0.013568
0.013625
0.018919
0.076404
0.082823
0.056923
-0.011145
-0.073378
0.010425
0.093017
0.021645
-0.091821
0.072874
0.097391
-0.070296
-0.004871
-0.007113
-0.062713
0.069882
-0.017368
0.005264
0.031149
-0.007253
0.076645
-0.054264
-0.030274
-0.053114
-0.092542
0.079901
-0.039926
-0.011789
0.069057
0.006874
0.056298
0.035758
-0.037928
0.041391
-0.053922
-0.143868
-0.109559
0.012979
0.034599
0.042855
-0.039047
0.033572
-0.009171
0.010530
0.021522
0.005515
0.027933
-0.024585
-0.018141
0.080231
0.045724
0.002396
0.048172
-0.009137
-0.006405
0.039519
0.053660
-0.100408
-0.034821
0.104388
0.053328
-0.022005
0.019098
-0.067074
-0.015701
-0.032838
0.029028
0.015966
-0.013629
0.055126
0.170546
-0.000416
0.049790
0.131241
-0.106956
-0.000795
0.018068
-0.025839
0.024907
-0.018876
-0.073130
-0.045366
0.002245
-0.027095
0.019504
-0.020577
0.036876
-0.015012
-0.017499
0.030701
-0.000616
0.030199
-0.042136
0.013348
0.078053
0.016512
0.102137
0.052802
0.018798
0.041816
-0.014029
-0.005804
-0.037454
0.024332
-0.015831
-0.032055
0.106529
-0.024883
-0.010763
0.016033
0.015652
0.019474
-0.051934
0.029791
0.015854
0.082339
0.013507
-0.077660
0.029624
-0.087534
-0.054283
0.014569
0.040124
-0.009130
-0.062068
-0.107523
-0.048835
-0.062765
-0.018299
-0.057711
-0.039795
0.016778
0.098125
-0.014968
-0.043731
-0.011193
-0.063214
0.043754
-0.003622
0.052271
-0.023246
-0.001275
0.047431
0.007239
0.002659
0.007132
0.031227
0.117576
0.007883
-0.091176
-0.029205
-0.044637
-0.049796
-0.068540
0.032576
-0.049731
-0.078046
0.014916
-0.098437
-0.024299
0.023828
0.016600
-0.077279
-0.005434
-0.028501
-0.034543
0.036646
0.036463
0.056273
0.016748
0.070515
-0.043569
0.059515
0.002679
-0.046269
0.072652
0.008838
-0.027625
0.090197
-0.044916
-0.099513
-0.008094
-0.036380
0.022226
-0.006694
-0.099224
-0.022535
-0.055243
-0.026641
0.074785
0.018221
0.057475
0.104475
-0.006522
0.078062
0.055375
-0.022828
-0.024605
-0.008077
0.008903
0.062260
0.021362
0.000327
-0.006298
0.005650
-0.003246
-0.073419
-0.099678
-0.092068
-0.046574
-0.057412
-0.052325
0.027137
0.011876
0.012492
0.017911
0.026324
-0.056281
-0.055060
-0.030338
0.002614
0.067755
-0.051864
-0.067054
0.012232
-0.086195
-0.164835
-0.069702
-0.057030
-0.077147
-0.065810
-0.038734
-0.020295
-0.104824
-0.102280
-0.045838
-0.026645
-0.030068
-0.044740
-0.057444
0.013661
-0.019233
-0.001749
-0.074718
-0.071658
-0.005315
-0.040255
0.004993
0.104419
-0.025319
0.037354
0.088350
0.024716
0.012033
-0.076564
-0.015960
0.044022
0.015318
0.042464
0.023612
-0.085363
-0.017772
-0.015066
-0.108895
0.009633
0.003698
-0.036569
-0.015736
0.014612
0.015398
0.103500
0.028797
0.024997
0.058133
-0.075085
0.036688
0.056828
0.006367
0.072420
-0.013542
0.051194
0.076541
0.056637
-0.047339
0.112076
0.034900
-0.091136
-0.004138
-0.051227
-0.059588
-0.023755
-0.067784
-0.034599
0.034656
-0.023843
-0.038200
-0.007685
-0.007541
-0.019908
-0.050133
-0.051441
0.000931
0.030673
0.001361
-0.019027
0.092325
0.070428
0.001750
0.010611
0.062423
-0.118644
-0.020276
0.007266
0.007063
0.016968
-0.078184
0.018688
-0.130040
-0.041475
0.076835
-0.035261
-0.067312
0.062570
0.018979
-0.005733
-0.011608
-0.038338
-0.047399
-0.062796
-0.004251
-0.073649
-0.051486
-0.014332
0.015999
0.030072
0.069678
0.045471
0.047209
0.039512
0.000527
-0.023213
-0.014391
-0.000875
0.086915
-0.028531
0.031846
0.062462
-0.020086
-0.006098
0.002025
-0.006122
0.044685
0.017756
-0.024064
0.062494
0.003197
-0.040308
-0.049947
-0.012192
0.072906
0.005962
-0.038506
0.065184
0.045737
-0.067013
-0.062919
-0.017146
-0.053703
0.098972
0.039040
0.014323
0.040352
0.054003
0.012465
-0.028881
0.019693
-0.001286
0.019253
0.047100
0.011268
0.056620
0.024202
0.078680
0.003009
-0.087849
-0.011466
-0.074957
0.035017
0.037567
-0.003632
0.040564
0.036082
-0.037297
0.026862
-0.037914
-0.041336
0.010451
0.004158
-0.040677
0.049235
0.007926
0.003612
0.006575
-0.048517
-0.023002
-0.029348
0.117035
0.042889
0.004297
0.090075
-0.005274
0.009969
0.019486
-0.072798
-0.108945
0.066434
0.003435
0.038198
-0.020689
-0.079631
0.032714
-0.042244
0.066003
-0.045368
-0.046832
0.037004
0.000395
0.038179
0.074453
0.058977
-0.058631
-0.020326
0.026531
0.123553
0.118071
0.035878
0.032122
0.005924
0.050931
0.024712
-0.059083
-0.016370
-0.005053
-0.037050
0.086457
0.104105
-0.003918
0.020052
0.123132
0.046678
0.041245
0.013430
0.037174
0.046473
-0.043331
0.036500
-0.018594
0.071219
0.043229
0.026627
0.034550
-0.009411
0.005470
-0.061244
-0.006674
-0.020598
-0.031494
0.039210
-0.028472
0.073639
0.052014
0.035037
0.023074
0.049457
0.020671
-0.066964
0.059161
0.008131
0.071495
-0.021641
0.017594
0.019317
0.068242
0.045395
-0.037459
0.010374
0.023248
0.029974
-0.076563
0.078710
0.079227
0.033335
0.007686
0.016365
0.001938
0.080316
-0.010211
-0.042195
0.029707
-0.012320
-0.014887
0.024433
-0.012221
-0.046799
0.049679
0.010974
0.015312
-0.034586
-0.020909
0.029134
0.000768
-0.063478
-0.028259
-0.019726
-0.002627
0.045817
-0.017074
-0.030785
0.018684
0.031786
0.062290
0.041243
-0.012938
0.025588
-0.026806
-0.030373
-0.021274
-0.042496
-0.030671
0.030901
0.044839
-0.015593
-0.005246
0.041796
-0.012125
-0.013487
0.001563
0.028023
0.035358
0.057626
0.055896
-0.000297
0.056182
-0.015473
-0.001922
0.020183
-0.025985
0.003598
0.030100
-0.044917
0.011518
-0.085376
-0.014879
0.108629
-0.010336
-0.008425
0.069822
0.000221
0.102759
-0.007724
0.033126
-0.035827
-0.122887
-0.018199
-0.034835
-0.007960
-0.008154
-0.024938
0.052008
0.039094
-0.005502
0.043370
0.017709
0.037932
0.067676
0.005526
0.039223
0.043646
-0.021428
-0.019529
0.022442
0.105695
-0.001037
0.058131
-0.031051
0.020101
0.005275
0.007019
0.055620
0.041581
0.016474
-0.010458
-0.014219
0.027645
0.036463
0.030017
0.091987
0.005951
0.017206
0.073272
0.004641
-0.026590
0.051141
-0.009736
0.061288
0.057586
0.029308
0.089039
0.076608
-0.055558
-0.027976
0.018087
-0.006803
0.158765
-0.004668
0.047400
0.086523
0.047318
0.040745
-0.022526
0.002121
0.010221
-0.064107
0.036507
-0.043805
-0.083416
-0.069642
-0.060325
0.016456
-0.010691
0.024599
-0.010875
-0.058827
0.047910
0.004020
0.022039
0.019200
0.052892
0.044943
-0.032653
-0.073074
-0.044638
-0.045672
-0.007209
-0.007388
0.019175
0.000352
-0.024702
0.052889
-0.077243
-0.069480
-0.079737
-0.013279
-0.047014
-0.028602
0.048646
-0.051806
0.072583
0.018664
0.067573
0.090632
-0.019944
0.026980
0.013070
-0.024308
0.008366
0.023673
0.012714
-0.042394
-0.008570
0.086331
0.018593
-0.076183
-0.036686
0.006131
0.004361
0.071160
0.056591
0.073130
-0.012643
0.008257
-0.021997
-0.004774
-0.031000
0.049821
0.014202
-0.046811
0.003296
-0.044563
0.027855
0.017137
-0.048154
-0.003106
-0.011033
0.050760
0.039828
0.052725
-0.068947
0.003071
-0.057547
-0.040800
0.022784
-0.042628
0.024730
0.081048
0.006058
0.015453
0.017225
-0.002370
-0.029354
0.009937
-0.023506
-0.037222
0.044836
-0.024762
-0.066101
-0.056717
-0.023392
-0.024580
-0.060091
-0.114091
-0.099994
-0.067413
0.010544
-0.135528
-0.098711
0.032303
-0.043728
-0.054013
-0.029652
0.032957
0.043324
-0.013662
0.045043
-0.018940
-0.041107
0.000029
-0.119897
-0.022069
-0.003654
0.015163
-0.041126
-0.008297
-0.009981
-0.031941
0.045400
0.023862
0.011394
0.157407
0.011132
-0.004124
-0.027400
0.029369
0.044214
0.019187
0.087668
0.061944
0.092053
0.052537
0.004379
0.111457
0.058450
0.006992
0.016223
0.042208
0.076567
-0.018404
-0.010614
0.052282
-0.019038
0.028186
-0.015610
-0.022312
-0.043961
-0.028658
0.021027
-0.077872
-0.056526
-0.000110
-0.012884
0.027039
0.062471
-0.012320
0.011438
0.042086
0.037855
0.087758
0.103212
0.016346
0.077630
0.101587
-0.029378
0.074992
0.051513
-0.015736
0.027227
-0.033145
0.010411
0.050591
0.021899
0.040253
0.000482
0.025588
0.005541
-0.008778
-0.011076
0.061407
0.092343
-0.011616
0.033131
0.067849
0.040114
0.065038
-0.040410
0.096759
-0.006177
-0.126543
-0.066842
-0.022071
-0.023362
-0.046866
0.018754
0.031924
-0.022223
-0.030251
0.039125
-0.023648
0.030190
0.063259
0.014854
-0.042454
0.008169
0.085305
0.065668
0.035250
0.094830
0.006877
-0.032543
-0.057190
-0.047345
-0.067395
-0.084499
-0.004239
-0.054874
-0.005914
0.043987
-0.020137
-0.005211
-0.104223
0.006936
0.043694
0.020121
-0.014592
-0.042874
0.020147
0.015877
0.007588
0.059225
-0.002051
0.049835
-0.036629
0.021610
0.016926
-0.050378
-0.024268
0.036765
-0.000738
0.012242
0.008150
0.013599
0.002858
-0.038122
-0.009022
0.087955
0.017488
0.000350
-0.016423
-0.005250
-0.006976
-0.026903
-0.056285
-0.036145
-0.038664
0.019697
0.026442
0.019366
0.016559
0.058683
-0.010301
0.000855
-0.029536
-0.059237
0.066949
0.046726
-0.080334
-0.004309
-0.050917
0.006394
0.044477
-0.083952
0.016115
0.062540
-0.019629
0.000954
-0.010994
0.028367
0.086938
-0.045945
-0.039238
0.011548
-0.057866
0.005788
0.104312
-0.044104
-0.062827
0.061246
-0.020499
-0.024770
0.050626
0.025877
-0.026250
0.018835
0.060311
-0.094459
-0.027332
-0.030455
-0.003074
-0.040411
-0.069982
0.028849
0.026049
-0.016394
0.067508
0.099487
0.148837
0.027865
0.068312
0.102088
0.070701
0.090157
0.050548
0.000693
-0.025381
-0.000700
0.055854
-0.000629
0.014472
0.104047
0.005077
-0.061705
0.028666
-0.052775
-0.030478
0.042129
0.023179
0.047932
0.029224
0.003499
-0.039664
-0.077556
0.091452
0.012560
0.013798
0.085902
0.012825
-0.068046
-0.054793
-0.039947
0.030039
0.021757
0.034996
0.056310
-0.082374
-0.026826
0.077026
-0.002690
0.070710
-0.022073
-0.083252
-0.031622
-0.078185
-0.007006
0.059006
-0.014902
0.040670
0.037173
-0.045710
-0.065685
0.050220
0.103332
0.031997
-0.008007
0.014098
0.031961
-0.162869
-0.027400
0.065197
-0.079077
-0.105163
0.040996
0.005778
-0.085530
0.027022
0.011332
-0.021140
-0.004557
0.029572
0.084271
0.083426
0.035203
0.040881
-0.014379
0.034436
0.009522
-0.104151
-0.002523
-0.010740
-0.016742
0.049679
0.053188
0.028339
-0.071206
-0.103953
-0.043174
-0.047238
-0.018550
-0.039903
-0.022272
-0.016278
-0.025990
0.043907
-0.005153
-0.123010
-0.022812
0.025069
-0.071080
-0.005434
0.004722
-0.005520
-0.048245
-0.038322
-0.024112
0.040009
-0.001136
-0.017890
0.032400
-0.013320
-0.085838
0.115794
0.084919
-0.002453
-0.060341
-0.048002
-0.057656
-0.054427
-0.049868
-0.040370
0.140290
0.084829
0.015487
0.095562
-0.002685
0.013429
0.015067
0.016012
0.035262
0.043097
0.025427
-0.050258
0.003841
-0.022570
0.045157
0.083561
0.034197
0.030241
0.081855
0.011497
0.051875
0.032998
-0.021452
-0.030885
-0.025211
-0.034628
0.030524
-0.007132
0.012526
0.010935
-0.049134
0.030015
-0.012823
-0.053828
0.000595
-0.005650
0.030675
0.055001
-0.064923
0.027751
-0.038994
-0.014059
-0.043235
-0.055589
0.075629
-0.013779
-0.031937
0.024943
0.049407
0.019976
0.015652
0.010548
0.062973
0.026800
-0.034684
-0.030544
-0.016299
0.003255
0.050692
-0.001850
-0.034613
-0.048251
-0.059951
-0.035908
-0.086416
-0.088243
-0.055047
-0.072317
-0.105766
0.013181
-0.009864
-0.056371
0.100289
-0.007140
-0.050188
0.087155
0.049122
0.097433
0.106547
0.071143
-0.006209
-0.010687
-0.057825
-0.032155
0.004761
0.042920
0.084694
0.006253
-0.031633
0.058457
-0.005885
-0.107040
0.006470
0.000332
-0.054688
0.024172
-0.032908
-0.000712
0.043266
0.005788
0.148696
0.033094
-0.005783
0.070974
-0.021396
0.020072
0.037651
0.001226
0.087231
0.046605
0.075695
-0.004343
0.053772
0.078253
0.009628
0.014400
-0.030209
0.022816
0.002866
0.042390
0.008729
-0.061892
-0.009565
0.016702
0.037223
-0.075316
-0.081877
0.005239
-0.121960
0.047966
0.022259
-0.058657
0.032439
0.020288
-0.045654
-0.035128
-0.019815
-0.088870
0.068504
-0.051612
-0.027930
0.171281
0.014206
0.043733
-0.003764
-0.106473
-0.002384
-0.080539
-0.047744
-0.015023
-0.019115
-0.033737
0.008397
-0.086516
-0.031386
0.081563
0.040524
0.095288
0.030443
-0.033008
-0.053949
-0.059606
0.056566
0.007437
-0.011921
0.082629
0.087534
0.022581
0.053403
0.008729
-0.041264
0.013936
-0.008371
0.057730
0.061284
0.018770
0.108967
0.020376
-0.010788
0.046368
0.051394
0.001690
0.043029
0.010079
-0.003047
0.028299
-0.028297
-0.025523
0.037987
0.057126
0.076677
0.002395
0.000039
-0.006226
-0.090721
0.024135
-0.102545
-0.089200
-0.053434
-0.017529
-0.065915
-0.083104
-0.009387
-0.004659
0.015796
0.047256
-0.005059
-0.039008
0.009771
-0.036764
-0.018068
-0.041456
0.031579
0.010065
-0.024654
0.011077
0.096341
0.058586
0.035358
0.100365
0.081447
0.106657
-0.000147
0.002481
0.028454
0.019078
-0.018641
-0.000661
0.026162
0.007319
0.003439
0.039581
-0.045489
-0.097508
-0.032010
-0.040799
0.008298
-0.111387
-0.039723
-0.004611
-0.008851
0.013312
0.013029
0.087292
0.039680
-0.008809
0.004628
-0.050314
0.055160
-0.084642
0.022103
0.074942
0.018569
0.084014
0.068359
0.020876
0.103579
-0.017080
0.027564
0.046448
-0.086998
0.008021
-0.016808
-0.065403
-0.058914
-0.074501
-0.051213
-0.074401
-0.024198
-0.053255
-0.029940
-0.046171
-0.033873
-0.001228
-0.013585
-0.024707
-0.012636
-0.009539
-0.011453
-0.056510
0.028584
0.027638
0.024572
0.057146
0.090789
0.008279
0.047210
-0.006022
0.015593
-0.006394
0.063382
0.105774
-0.004699
0.097222
0.021539
-0.067951
0.039934
-0.006061
0.034357
0.007263
0.031201
0.044075
-0.029889
0.008238
-0.028689
-0.060610
-0.013158
-0.051590
-0.055451
0.014103
0.079737
0.016942
0.071172
0.041891
-0.045525
-0.060760
-0.124451
0.058482
-0.032623
0.047240
-0.038621
-0.057268
0.036209
0.005242
0.020204
0.007122
0.065907
0.011844
-0.074555
0.006949
-0.030502
0.022901
0.001844
0.068037
0.019268
-0.028813
-0.028312
-0.006745
0.072476
0.044375
-0.002244
-0.054863
-0.083451
-0.010207
-0.024133
0.001335
0.054756
-0.021966
-0.031507
0.029201
0.000417
-0.057488
-0.010195
0.024424
0.022287
0.014382
0.054404
0.068315
-0.024810
0.009439
0.060421
-0.038494
0.003863
0.026265
-0.061383
-0.010444
-0.068516
-0.076454
0.009452
-0.072200
-0.053162
0.012189
0.057267
-0.037200
0.051616
0.055313
-0.029836
0.002433
-0.047979
-0.111133
0.044659
0.020574
0.033310
0.030576
0.030123
0.029244
0.005770
0.023442
-0.028942
0.027391
0.111433
0.083054
-0.034262
-0.121055
-0.097909
-0.023667
0.033923
-0.021942
-0.129583
-0.009266
-0.026437
0.000232
0.033525
0.042586
-0.048277
-0.030786
-0.005620
0.046735
-0.033345
0.020933
0.042296
-0.023048
0.021727
0.078956
0.012583
0.027857
0.001273
-0.048874
0.022886
0.003509
0.057082
0.015503
0.044807
0.165659
0.051402
-0.014410
-0.023307
-0.097652
0.038029
0.021861
0.029297
-0.011820
0.022215
0.030602
-0.091438
0.013393
-0.024098
-0.098555
-0.107630
-0.035157
-0.035990
-0.082063
-0.071334
-0.061519
-0.065957
0.052988
-0.007460
-0.000887
-0.045733
0.037050
-0.023916
-0.056033
0.014181
0.002996
0.029685
0.015368
0.006539
-0.026161
-0.051036
0.027344
0.094445
0.018273
-0.041569
-0.095256
0.102330
0.002071
-0.054451
0.100676
0.011869
0.012597
-0.049586
-0.038764
0.023945
-0.084832
-0.023756
0.045601
0.067369
-0.004740
0.099672
-0.032577
-0.064220
0.030090
-0.051988
-0.003711
0.011455
0.040364
0.095429
0.083456
-0.024798
0.012484
0.039570
0.030128
0.019248
0.006409
0.007873
0.004160
0.027429
0.031769
-0.077904
-0.055308
-0.079256
-0.087447
-0.002419
0.044875
0.031809
-0.040518
0.035228
-0.026219
0.027516
0.019601
-0.000986
0.020697
-0.049947
-0.055152
-0.083554
-0.027117
0.026801
-0.067545
0.024486
-0.073179
-0.033680
0.025829
-0.018576
-0.038605
-0.033849
-0.043665
-0.087254
-0.039899
-0.007311
0.010672
-0.073896
-0.049415
-0.022018
0.006102
0.020444
0.080185
0.069063
-0.016233
0.073122
0.113012
-0.021703
-0.087972
-0.030321
-0.040827
-0.013025
0.075882
0.027414
-0.005971
0.047199
-0.028123
0.029640
0.000331
-0.002787
-0.002513
-0.008551
0.105436
-0.098033
-0.116076
-0.016348
-0.018604
0.057309
0.000475
0.003189
0.065863
-0.012525
-0.029504
0.068862
0.040952
-0.024452
-0.025842
0.019474
0.062290
0.003187
-0.021653
0.100486
0.057416
0.041012
-0.033758
0.012088
0.026232
0.055379
0.037367
-0.093232
-0.004035
0.014401
-0.049129
-0.034549
-0.020868
-0.051731
-0.079222
-0.037976
-0.035701
-0.009202
0.030323
-0.000738
0.005704
-0.060831
-0.040485
0.019954
0.005186
0.088551
0.061190
0.065333
0.052554
0.123318
0.003262
0.041168
0.074605
0.066939
0.039649
0.012001
0.095331
0.029080
-0.007314
-0.044171
-0.007820
0.010731
-0.040461
-0.066070
-0.074210
-0.052676
-0.117553
0.017563
0.029874
-0.099811
0.054440
-0.029238
-0.081785
0.087079
-0.017400
0.026415
0.067312
0.097184
-0.025039
0.093310
0.000537
-0.035561
0.032905
0.057556
-0.041450
0.012176
0.035647
0.005792
-0.009026
-0.065156
-0.049501
0.025104
-0.007548
0.004407
-0.004236
0.081894
0.115164
0.079819
0.123374
0.060153
0.075751
0.139786
0.033318
0.093599
0.131107
0.087778
0.098876
0.124936
0.027933
0.004342
-0.018349
-0.034761
0.012034
0.067905
0.078633
-0.012926
0.098238
0.120487
0.033849
0.046422
0.029420
0.077193
-0.033179
0.115224
0.002466
-0.094814
-0.015829
-0.107698
0.038935
0.057630
0.023938
0.119319
0.092279
-0.000971
-0.025497
-0.081718
-0.054595
-0.005693
0.036064
0.017935
0.032016
-0.045332
-0.026371
0.051445
-0.011037
-0.019742
-0.035176
0.004956
0.113971
-0.025310
0.023374
0.089580
0.004757
0.061581
0.009393
-0.022244
0.030491
-0.009557
-0.008383
0.013679
-0.063014
-0.028515
0.095993
0.044323
0.011274
0.014750
-0.015037
0.039166
-0.067396
0.025024
0.091213
-0.017957
0.062769
0.061108
-0.045234
0.004224
0.038382
0.041275
0.065917
-0.116377
-0.103653
0.044963
-0.011714
-0.090476
-0.005052
0.016402
-0.025206
-0.134702
-0.034072
-0.026322
-0.055728
-0.052487
0.013764
-0.024508
-0.040649
0.056147
0.020100
0.033232
0.051384
-0.013663
0.065397
0.004441
-0.009632
0.035587
0.061381
0.051509
0.038456
-0.009968
0.102171
0.047686
-0.032711
-0.031119
-0.006931
-0.021926
0.008147
-0.030244
0.038214
0.064152
-0.022411
0.002964
0.029774
-0.015154
0.056431
0.055819
0.029685
-0.094301
0.028094
0.091794
-0.011729
0.046065
0.025293
-0.040022
0.028280
0.009359
0.021811
0.081495
0.003103
-0.030112
-0.016089
0.064928
-0.051995
-0.019336
-0.013696
-0.043803
-0.015623
-0.002851
0.058516
0.132619
0.063891
0.050307
-0.004867
-0.046505
-0.008090
0.008449
0.022902
0.024348
0.018599
-0.018407
-0.099468
-0.019507
-0.014509
-0.000841
-0.040634
-0.107250
0.001299
-0.023187
-0.002677
-0.052084
0.000456
0.023450
-0.004011
0.019176
-0.085812
-0.006746
0.032377
0.008318
-0.006169
-0.002797
-0.050283
0.013940
-0.006209
0.040929
0.073847
-0.037259
-0.057881
-0.055049
0.034741
0.058628
0.143930
0.130811
0.008497
0.035529
-0.037728
-0.039607
-0.021992
0.067943
0.060608
0.046861
0.071223
0.043229
0.004982
0.067015
0.008975
0.103312
0.052782
-0.034708
0.012616
-0.047108
0.045628
0.060868
-0.007765
0.117189
0.078237
-0.048620
0.018090
0.000251
-0.032618
-0.012959
0.046892
-0.050873
0.047495
0.037762
-0.065989
-0.003543
-0.020326
0.051272
-0.020223
-0.012984
0.059399
-0.000109
-0.024439
-0.075414
-0.056902
0.028976
-0.015273
0.040875
0.084246
-0.017151
0.024283
0.066036
0.033467
0.088854
0.104971
0.015497
0.017835
0.003422
0.048234
-0.058855
-0.087577
-0.068276
-0.021666
0.041134
-0.066821
-0.037280
0.078098
0.004064
-0.014448
0.029940
-0.118548
-0.068003
-0.065008
-0.018851
0.080708
-0.003762
-0.025133
0.043351
-0.018422
0.052731
0.015410
0.020481
-0.020088
-0.084202
0.025941
-0.042326
0.009298
0.059680
0.076674
0.070771
0.009501
-0.035287
0.012923
0.019446
0.086107
0.073182
0.057913
0.042343
0.035878
0.110635
0.018330
0.026561
0.076694
0.058051
-0.024236
-0.035820
-0.009125
0.032970
-0.033114
-0.013242
-0.014986
-0.006188
-0.070993
0.006615
-0.026967
-0.016369
0.077195
0.015533
0.073985
0.098022
0.005770
0.020142
0.035995
-0.033124
0.035195
0.042133
0.001081
-0.050546
0.004767
0.030383
-0.090462
-0.015739
-0.069644
0.049170
0.088060
0.068194
0.048590
-0.018330
0.009067
0.067808
0.053173
0.061275
0.058802
0.058359
0.055562
0.052992
-0.079029
-0.063844
-0.032726
-0.039886
-0.151791
-0.033520
0.059108
-0.003948
-0.001046
0.012186
0.060901
0.006572
-0.010637
0.000118
-0.013750
-0.049824
-0.017491
-0.154537
-0.121098
-0.000867
-0.047898
0.036811
0.067272
-0.032490
0.031699
-0.034924
-0.025941
0.127043
0.007607
-0.016885
0.132143
0.028476
0.077068
0.141823
0.015648
-0.036960
-0.065710
-0.085717
-0.069115
-0.030373
-0.064855
-0.039990
-0.012925
0.024061
0.038166
-0.040157
0.054364
0.038690
-0.019362
-0.018639
0.048146
-0.022714
-0.015533
-0.038846
0.007466
0.075931
0.043830
0.048989
0.068654
-0.057309
0.051488
0.034911
-0.042836
-0.022849
-0.016982
-0.082296
-0.114178
-0.059265
-0.030936
-0.095059
-0.073826
-0.047191
0.015955
-0.030903
0.004115
-0.026157
-0.013803
-0.038556
0.010423
0.063684
0.019909
0.048225
0.018273
0.014927
0.015580
-0.058880
-0.020735
0.093287
0.079949
0.000320
0.006693
0.065964
0.002522
-0.072586
-0.083580
-0.030399
0.014592
0.070466
-0.013685
-0.054814
-0.021060
-0.050365
-0.058475
-0.038024
0.064987
0.079155
0.008438
0.074542
0.034016
-0.047073
-0.047252
-0.031732
-0.098768
-0.002188
0.055724
-0.023015
0.035575
0.011778
-0.042434
-0.022523
-0.041106
0.012930
-0.005023
0.053647
0.012912
-0.048725
-0.033490
0.031862
-0.015322
0.044690
0.024170
0.009432
0.111850
0.062290
-0.003096
0.044224
0.009477
0.029609
0.023701
-0.022985
-0.027575
-0.066865
-0.113198
0.038557
-0.009363
0.028357
-0.036446
-0.078962
0.026123
-0.016880
-0.004490
0.027683
-0.008501
0.053369
0.023291
0.013821
0.062062
-0.039851
-0.038922
-0.084391
-0.010281
-0.071208
-0.110446
-0.064548
0.017764
0.037306
-0.023514
-0.056805
-0.076950
-0.023489
0.025059
-0.024127
-0.021928
-0.041259
-0.066870
-0.008385
-0.031237
0.014888
-0.008781
0.052918
0.050098
-0.026472
0.002073
0.084665
-0.033078
-0.074813
-0.013725
-0.030048
-0.030183
0.006741
0.043762
0.034507
0.016466
-0.048366
0.100898
0.112204
0.022231
-0.013235
0.057719
0.028903
-0.007286
0.022663
-0.027252
-0.045531
0.011082
-0.032975
-0.070798
0.037699
0.036829
0.029589
0.054789
0.063586
0.053467
0.048126
0.008644
-0.043668
-0.057820
0.055074
0.030781
0.001720
0.075736
-0.034433
0.033603
0.008219
0.100640
0.108513
-0.030101
-0.029540
-0.002379
-0.072139
0.042702
0.045712
-0.039142
0.029861
0.016381
0.001937
-0.003978
-0.035985
-0.062409
-0.093678
0.032966
0.016186
-0.027433
-0.025193
0.044120
-0.015255
0.011127
0.021962
-0.020922
-0.015583
-0.071367
-0.047806
0.039698
-0.000040
-0.031106
0.025471
0.041038
0.016844
0.030148
-0.100684
-0.052899
0.016156
-0.108527
-0.135451
0.040997
0.104840
0.062693
0.056014
0.068069
0.014410
0.052144
0.016864
0.007360
-0.027649
0.036751
-0.015889
-0.035320
-0.032576
0.023744
0.001712
-0.016780
0.046468
-0.016441
0.072334
0.079118
0.094022
0.033127
0.019381
0.022868
-0.001374
-0.148706
-0.158349
0.011364
-0.006178
0.001831
0.045004
0.044002
0.019523
0.037743
0.032682
0.051064
0.016450
-0.088080
0.034398
-0.051806
-0.059097
0.081806
-0.001380
-0.033870
0.029060
0.005205
-0.023341
0.096333
0.078845
-0.010302
0.098471
-0.036404
-0.027068
0.063575
-0.046015
-0.001175
0.028352
-0.004746
-0.043269
-0.018225
0.033666
-0.001019
-0.051737
-0.044662
-0.025177
0.078637
-0.027343
0.029264
0.055197
0.009275
0.035139
-0.022145
0.080638
-0.017201
-0.130478
-0.072519
0.014140
0.044119
-0.015408
-0.006692
0.050827
0.059380
0.029172
0.008593
-0.014824
0.004351
0.019278
-0.003838
-0.002737
-0.000648
0.028024
0.001868
-0.057193
-0.108205
-0.052717
-0.027742
0.060507
0.007667
-0.077701
0.016519
-0.048351
-0.055720
0.049227
0.026375
0.076253
0.007988
-0.048062
-0.093922
-0.017169
0.045701
0.026724
0.050857
0.049862
-0.057647
0.041549
0.047527
0.033418
0.041688
0.029598
0.075105
0.003280
-0.034829
-0.026274
0.055572
0.044299
0.038267
0.072523
0.044415
0.048875
0.040379
0.040540
0.008143
-0.024423
-0.085947
0.023042
-0.042798
-0.088757
0.075993
-0.024418
0.072396
-0.009415
-0.021320
-0.083142
-0.074256
0.087562
0.009751
0.003544
-0.009320
0.017891
0.010430
-0.017183
-0.051859
0.033220
0.036094
-0.009006
0.083611
-0.011670
-0.027306
-0.029001
-0.007696
0.005375
-0.038176
-0.059304
-0.081079
-0.038200
-0.086197
-0.011610
-0.024238
-0.051741
-0.025331
-0.089734
-0.027247
0.029187
-0.036042
0.049441
0.008213
-0.058236
0.026792
0.050434
-0.001499
-0.104122
0.044601
0.047964
0.024150
0.107319
0.145475
0.060438
0.041800
0.091720
0.098139
-0.032650
-0.027303
-0.006639
0.012347
0.046813
-0.023610
-0.046766
0.012021
-0.007905
0.038182
0.058184
0.029983
0.085167
0.025275
0.050130
0.067188
0.036929
-0.009706
0.016551
-0.016296
-0.111886
-0.012964
0.036988
0.006645
0.039129
-0.022329
-0.023278
-0.010167
0.000898
-0.006986
0.032110
-0.040813
-0.005574
0.041722
-0.022328
0.007313
-0.009841
0.027514
0.071124
-0.006205
-0.023028
0.005663
-0.002703
0.041857
0.003275
-0.022593
-0.017956
-0.096666
-0.059496
-0.079172
-0.047459
-0.076263
-0.043059
0.099649
0.028249
-0.004148
-0.032929
-0.047486
0.033872
0.013036
0.040540
0.010689
0.005639
0.037218
0.041914
-0.028027
0.037955
0.017003
0.001359
0.006358
-0.076657
-0.055302
-0.029929
-0.060455
0.032986
0.019689
-0.034039
-0.009629
-0.024022
-0.032736
0.012048
-0.056861
0.052103
-0.030503
-0.032497
0.073971
-0.072856
-0.061402
-0.001774
-0.017499
-0.008855
-0.043592
-0.031493
-0.040926
-0.039799
0.106746
-0.046593
-0.107371
0.073202
-0.058200
0.007119
0.037101
-0.099335
0.003275
0.034529
0.028636
-0.028328
-0.055330
-0.011025
0.085736
-0.085236
-0.096851
-0.007742
-0.013983
0.015555
0.018134
0.052870
-0.009734
-0.049442
-0.086004
-0.087658
-0.037775
-0.016977
0.005041
0.030346
0.016697
0.043527
-0.018944
-0.071242
-0.022760
-0.069313
-0.135617
0.015009
-0.004454
0.012139
0.009084
0.048909
0.003404
-0.040596
0.006100
-0.090080
-0.050889
-0.037371
-0.023514
-0.035415
-0.103135
-0.040961
-0.027321
-0.022994
-0.008663
0.010205
0.022276
-0.067261
0.024814
0.027192
0.033839
0.071308
-0.037960
0.027483
-0.110654
-0.055712
0.039633
-0.061763
-0.058206
-0.113852
-0.082784
0.001635
-0.077969
-0.019962
0.000230
0.007843
0.099384
0.079026
-0.012389
0.018659
0.024331
-0.015957
-0.071788
-0.038207
-0.038807
-0.020607
-0.048467
-0.028953
-0.098307
0.010119
0.008751
-0.039282
-0.009752
-0.022725
0.027247
-0.065722
0.036542
-0.086455
-0.070822
0.017257
-0.035657
0.006205
0.028450
0.030440
-0.010344
0.002679
0.076727
-0.039527
-0.049493
-0.026992
-0.014242
0.036902
-0.026927
0.082901
0.056256
0.010910
-0.027376
-0.012090
0.051939
0.049407
-0.020774
-0.030972
0.045557
0.004276
-0.046031
0.046106
0.070322
0.013718
0.029954
0.036742
0.051514
-0.015792
-0.041482
-0.059150
-0.031895
-0.044237
-0.049625
-0.042595
0.074256
0.112945
0.084907
-0.017804
-0.004471
0.060705
0.023818
0.125455
0.071887
-0.070227
0.043948
0.024291
-0.038041
0.024399
0.091038
0.055162
0.062568
0.000430
-0.021616
0.054110
0.014117
-0.035424
0.026968
0.028566
-0.010819
0.007082
0.029103
0.042665
0.013381
0.000814
-0.053865
-0.057605
0.031281
-0.035992
-0.008145
-0.091897
-0.032274
-0.041526
0.015654
0.031570
-0.037659
0.054396
-0.036432
0.039911
-0.008192
-0.055278
0.035000
0.053273
0.023983
0.011318
-0.012067
-0.034721
0.127107
0.069762
-0.051360
-0.000978
0.012401
-0.009582
0.060702
-0.006286
0.034203
0.035222
-0.017638
-0.005703
-0.037730
-0.054711
-0.084861
0.048384
0.042281
-0.004366
0.054950
-0.019353
-0.015896
0.022063
-0.055934
-0.036849
0.015658
-0.092924
0.050131
0.051483
-0.063076
-0.054829
0.034195
-0.063788
-0.047292
0.044429
0.047854
0.036739
0.013965
-0.023283
0.060690
0.036501
-0.029883
-0.025779
0.035156
0.002272
0.047342
0.028240
0.039290
0.005629
-0.015687
0.077386
0.003499
-0.009361
0.020540
-0.102471
-0.045289
0.013812
-0.056563
-0.085931
-0.015012
0.010207
0.073454
0.029057
0.026026
0.022081
0.068699
0.008710
0.014550
-0.055004
-0.066277
-0.037089
0.001632
0.015224
0.026057
0.092665
0.064949
-0.045145
-0.014275
-0.061551
0.001205
0.077852
0.021169
0.049068
-0.004780
0.015506
-0.022432
-0.041152
-0.023101
0.029352
0.018437
-0.072223
0.004538
-0.046325
-0.051842
0.039567
0.054404
0.094226
0.054649
0.064802
0.099067
-0.004278
0.059446
0.066612
0.018273
0.032831
-0.007474
-0.004718
-0.007595
0.009651
-0.031700
-0.014730
-0.029159
0.010479
0.035421
-0.054888
0.011181
0.032084
-0.040994
-0.039223
0.027530
0.048619
0.041957
0.061577
0.007940
0.031649
-0.012607
0.029505
-0.053747
-0.109899
-0.045848
-0.039358
-0.013140
-0.041524
0.011978
0.051811
-0.027473
-0.025612
0.066322
0.111447
0.038954
-0.006810
-0.017483
-0.050521
-0.076908
0.114672
-0.043148
-0.006957
-0.022040
-0.062424
-0.060945
0.019906
0.106857
0.100287
0.087343
0.041755
0.026424
-0.008611
-0.011845
0.020789
0.024488
0.033243
0.047297
-0.007071
-0.043830
-0.000100
-0.025004
0.085802
0.113006
0.004384
0.051930
0.026094
0.026541
0.077848
0.046438
0.015811
0.005629
0.079624
-0.029084
0.004158
-0.023051
-0.080564
0.054644
-0.005828
-0.018811
-0.069446
-0.096229
-0.068216
-0.005810
-0.043126
0.019931
0.044312
-0.037788
0.049533
-0.007834
0.032939
0.056240
-0.008102
0.081851
-0.040408
-0.031230
0.049603
-0.022329
0.034429
0.034579
0.022940
0.021157
0.057404
0.024258
-0.006964
-0.007171
0.014584
0.152870
0.057547
0.021698
0.074357
-0.035728
-0.065143
-0.009575
0.072744
-0.002229
-0.124184
-0.057377
-0.002208
-0.052669
-0.026274
-0.092970
-0.065482
-0.030043
0.075907
0.002273
0.028421
0.013472
0.048138
0.020827
-0.046224
0.031868
-0.070023
-0.054238
-0.066918
-0.100310
-0.011465
0.020933
0.009137
-0.018615
-0.028142
0.011254
-0.015400
0.047219
-0.008192
-0.075790
-0.058987
-0.002682
0.017019
-0.039404
-0.003302
-0.016560
0.019155
-0.047269
-0.001776
-0.011148
0.008459
-0.009510
-0.036706
-0.007229
0.013009
0.002596
-0.014956
0.005431
0.052101
0.028452
-0.034358
0.089670
0.023589
-0.058061
-0.066879
0.030882
0.044340
0.061955
0.074684
0.068304
0.043866
0.084850
0.047410
0.031046
-0.012149
0.009065
-0.020377
-0.080338
0.007857
-0.007515
0.041852
0.003499
-0.031692
-0.000784
-0.082769
-0.032868
-0.017151
-0.012785
-0.035204
0.069170
0.064304
-0.025913
-0.013640
-0.047413
-0.034416
-0.093344
-0.027154
0.005095
-0.018884
-0.017999
-0.006039
-0.081016
0.018588
-0.041467
-0.093054
-0.000365
-0.003679
-0.082372
-0.007442
-0.003348
0.020811
0.028677
0.018425
0.053274
0.065721
0.028477
0.050627
-0.029132
-0.042477
-0.110093
-0.108377
0.039187
-0.049359
-0.037210
-0.001037
-0.060251
-0.002412
-0.027554
-0.073134
0.070090
-0.055950
-0.018457
0.041077
-0.031116
-0.021514
-0.105125
0.066150
0.010382
-0.017250
0.097395
0.124032
-0.007404
0.012660
0.046601
0.018924
0.051347
0.007391
0.036278
0.066722
0.044206
0.073049
0.038975
0.050944
-0.028174
-0.026486
0.006584
0.048350
-0.031825
0.017826
-0.000215
0.041840
0.002833
-0.029637
-0.036023
-0.038998
0.027296
0.004482
-0.049504
0.022089
0.024683
0.068945
0.019614
-0.048228
-0.022162
0.009335
-0.021837
0.017574
0.004281
0.043138
0.018696
0.006871
0.026193
0.064122
0.046117
0.073775
0.015327
-0.070622
-0.046451
0.069464
0.062543
-0.021837
-0.014592
0.040676
0.102210
0.047925
0.013366
0.039339
-0.023576
0.005140
0.088222
-0.033599
-0.007151
0.034837
0.050861
0.064443
-0.025822
0.056098
0.040081
-0.024308
-0.040839
-0.036995
-0.008313
-0.120260
0.048139
0.036125
-0.056148
-0.029611
-0.044921
-0.003645
0.100879
-0.043795
-0.037241
-0.000245
-0.014439
0.070805
-0.012876
-0.097209
0.007483
-0.004688
-0.087629
-0.112424
-0.043942
0.038062
0.039762
-0.081109
-0.054865
-0.085630
-0.078507
-0.013723
-0.058051
-0.011009
-0.005392
-0.031379
0.044319
-0.105346
-0.050785
0.013562
-0.031439
-0.022469
-0.059517
-0.083023
-0.046897
-0.005130
0.008745
-0.005821
0.048416
0.022197
-0.010893
-0.011907
0.020044
0.027855
-0.008388
-0.042017
0.016057
0.062915
0.020154
0.067794
0.066022
0.084390
0.029690
-0.028724
-0.037529
0.069745
0.053286
0.036343
0.019888
0.056970
0.092244
0.002289
0.030080
0.008606
-0.147856
0.031635
-0.017828
-0.076232
-0.008943
-0.021347
-0.004368
-0.009192
0.034276
0.060945
0.044644
0.058306
0.005657
0.100895
0.077101
0.048581
0.023282
0.054054
0.117281
0.022378
-0.002907
-0.067372
-0.057411
0.016419
0.012254
-0.082290
-0.075634
0.049039
0.070042
0.009464
0.027503
0.032512
0.077062
0.023928
-0.061106
-0.020023
-0.032790
-0.067696
-0.110780
-0.038408
-0.012889
0.022994
0.074117
-0.000770
0.109950
-0.058898
-0.027436
0.018599
0.031688
0.038328
0.035100
0.041629
0.012242
-0.040187
-0.043128
-0.046411
0.013717
-0.023639
-0.030277
-0.078140
-0.037231
-0.029380
0.018570
-0.038221
-0.109516
-0.039233
-0.002136
-0.047800
-0.070693
0.113816
0.074128
0.060253
0.088090
0.060392
0.015815
-0.044923
-0.013171
-0.037025
0.052611
0.081054
-0.011808
0.049079
0.075451
0.007703
-0.014853
0.038502
0.090022
0.005076
0.097633
0.120215
-0.019191
-0.016043
0.020522
0.119557
-0.000626
-0.021297
0.070225
0.057222
0.018643
-0.035281
-0.018425
0.032215
0.107503
-0.020755
0.021944
0.046131
-0.158879
-0.074674
-0.035487
-0.074996
0.024864
-0.127473
-0.069854
-0.059278
-0.004718
-0.009124
0.014655
0.070511
0.094446
0.054530
-0.056981
0.006305
0.037711
0.027378
-0.023384
-0.022430
0.063564
0.053067
0.012323
0.040386
0.035386
-0.022977
-0.004343
-0.007027
-0.009195
-0.050895
-0.045447
-0.027077
-0.064314
-0.014178
-0.011235
0.013617
-0.003647
0.009861
0.015674
-0.052351
-0.021411
-0.092359
-0.017140
0.001570
-0.003753
0.051764
0.018431
0.047165
-0.031375
0.027118
0.017023
0.049609
-0.024244
-0.032985
0.019127
-0.034479
0.029494
-0.055605
-0.011620
0.100227
0.052409
-0.062135
-0.012656
0.002870
-0.058439
-0.024768
0.054815
-0.037793
-0.061981
0.034213
0.019249
0.088903
0.146484
0.009455
0.047255
-0.019246
0.022147
0.057992
-0.044140
-0.033208
0.041807
0.039623
-0.038251
0.055879
0.010782
-0.033418
0.018755
-0.012928
0.032142
0.031897
-0.038337
0.062231
-0.006899
-0.093945
0.035443
-0.047693
-0.052003
-0.055227
0.000179
0.013195
-0.013322
-0.071168
0.042469
-0.058397
-0.104949
0.026467
0.029725
0.022748
0.039855
0.041774
0.020787
-0.050423
0.107370
0.117186
-0.045790
0.049807
0.056351
0.082312
0.111405
0.062388
0.002935
-0.002781
-0.023079
-0.040894
-0.085557
0.064650
0.080786
-0.000827
0.062551
-0.027648
0.035539
-0.090009
-0.055692
0.025518
0.026392
-0.084848
-0.014181
-0.057057
-0.018414
0.036501
-0.014243
-0.047195
-0.025189
-0.041346
-0.069633
0.004720
-0.011924
-0.021720
0.100977
0.055653
0.017727
-0.050961
-0.013619
-0.072451
0.032191
0.004519
0.120908
0.087564
-0.032412
0.048745
0.001383
0.008112
0.086437
0.002361
0.041237
0.013258
0.048348
0.102075
-0.039182
-0.030825
-0.068457
-0.059674
0.041912
0.047333
0.008248
-0.058598
0.013291
-0.004762
-0.012803
0.083852
0.034492
0.050631
0.135660
-0.015703
-0.030841
-0.045248
0.042385
-0.067109
0.008592
0.039513
-0.019062
-0.014299
0.015587
0.030213
-0.016558
0.041557
-0.008669
-0.024961
0.007229
-0.044226
-0.039159
-0.029470
-0.035600
0.050842
0.023503
0.007728
-0.050632
0.006351
0.014812
-0.061915
0.039495
0.037218
0.010107
0.049678
-0.002934
0.028494
0.076222
0.092030
-0.016133
-0.019225
0.098069
0.030951
0.038284
0.047216
-0.061189
-0.036396
0.072873
-0.074859
0.018259
0.090640
0.006932
0.049015
0.033336
-0.000343
-0.038437
-0.033302
0.048702
-0.046779
-0.088599
0.015978
-0.010423
-0.027766
-0.111191
-0.130543
0.006518
0.038246
0.069803
0.063927
-0.081892
-0.080325
0.009863
0.055009
0.048886
-0.003193
-0.047685
-0.012506
-0.026929
-0.022182
0.015271
0.011211
0.019942
0.125516
-0.080416
-0.030752
0.071073
0.013390
0.031499
-0.018887
0.017648
-0.024711
-0.104957
-0.037459
0.158115
-0.045335
-0.055151
-0.001839
-0.010015
-0.002096
-0.033663
-0.057387
0.042248
0.150559
-0.016483
0.007245
0.075758
0.031445
0.050277
0.045342
0.037627
0.050613
-0.113684
-0.094789
-0.040706
-0.001807
0.054145
-0.008591
-0.065943
0.014319
0.037795
0.040633
-0.035488
-0.052308
-0.091106
-0.012325
-0.044883
-0.102969
0.001488
-0.020620
0.012942
-0.038110
-0.075776
-0.016510
-0.020934
0.030766
0.062632
-0.021575
-0.008929
-0.058764
-0.028712
-0.024483
-0.077114
0.012922
-0.062382
-0.063427
0.011203
0.032880
0.013669
0.018096
0.087433
-0.021005
-0.035264
0.028845
-0.013977
0.018323
0.068638
-0.006682
-0.002437
0.033918
0.006199
-0.051632
0.045632
0.078944
0.009422
-0.030449
-0.000003
0.005547
-0.028018
0.063770
0.083268
0.013340
-0.057962
0.034376
0.093512
0.027105
0.128388
0.051950
0.088591
0.075015
0.071940
0.133307
0.002297
0.020053
0.084679
-0.017243
-0.031801
0.087820
0.019542
0.024464
-0.023406
0.015976
0.011099
-0.037180
0.064130
0.066804
-0.022256
-0.164611
-0.039812
0.034198
-0.030390
-0.017266
-0.027978
0.022685
-0.035475
0.014716
-0.039289
-0.008296
-0.019188
-0.031823
-0.008890
-0.002077
0.024011
0.003936
-0.057938
-0.008449
-0.022189
-0.034549
-0.016315
-0.091193
