2.095021
0.666823
0.701259
0.484066
0.235303
0.321249
0.219327
0.206916
0.218583
0.171323
0.079365
0.127245
0.146243
0.134420
0.100560
0.042613
0.068258
0.116151
0.016283
0.100854
0.144556
0.029013
0.082233
0.111775
0.173444
0.042291
0.083812
0.195332
0.068146
0.140849
0.081129
0.035730
0.066045
0.045537
0.127054
0.136208
0.129151
0.142049
0.079708
0.119408
0.098553
0.009284
0.049060
-0.024661
0.085766
0.067023
-0.039380
0.093114
0.027963
0.091114
0.040311
-0.018709
0.097538
0.053438
0.022544
-0.005477
-0.031152
0.054536
0.009357
0.005445
0.013002
-0.012061
0.047390
0.017283
-0.012683
0.026409
0.066762
0.094915
0.073456
0.019197
0.000003
0.020751
0.022935
0.034639
0.094517
0.022711
0.021592
0.051053
0.047538
0.036060
0.031245
0.071310
0.044599
0.067901
0.060359
0.093944
0.003820
-0.000775
0.009200
-0.076655
-0.018135
-0.029104
0.043897
0.009124
-0.017569
-0.039987
0.040216
0.081163
0.047959
0.013443
0.062442
-0.024602
0.094398
0.054330
0.009274
0.068538
0.031948
0.112649
0.050750
-0.015284
0.080679
0.076498
-0.028523
0.006773
-0.002682
0.008676
0.050336
0.080588
0.031286
0.095175
0.031348
-0.009846
0.004084
0.017826
0.060476
0.026130
0.015096
0.073495
0.063217
-0.002832
0.001897
0.110165
-0.015560
-0.027420
-0.031936
0.041348
-0.078825
0.052736
0.055299
-0.027470
0.091590
0.005962
-0.048974
-0.029034
-0.008571
-0.005261
-0.030617
-0.065885
-0.056387
-0.012768
-0.029119
0.046738
0.030329
0.028765
0.062360
0.012326
0.059579
0.069897
0.071186
0.017784
0.042504
0.109126
0.045577
0.112955
0.059822
0.085293
0.098667
0.011850
0.083065
0.035794
0.062022
-0.054987
0.054143
0.036212
0.054627
0.022976
-0.067551
0.093672
0.105241
-0.038974
-0.002562
0.061596
0.010313
0.008124
0.020888
0.137455
0.085714
0.056889
-0.017385
-0.040765
0.038981
-0.007341
0.019371
-0.020251
-0.052772
-0.062367
-0.025568
0.035363
-0.008181
-0.038245
0.023830
0.084962
0.117946
0.017029
0.038605
0.008145
0.017517
-0.064589
-0.020562
0.079469
0.068164
0.032824
0.001223
0.023627
0.009301
0.034546
-0.003217
0.001431
0.044576
0.001945
0.004552
-0.027146
0.021745
-0.038612
-0.099076
-0.059531
0.023042
0.021576
-0.073370
0.011672
0.067402
0.022018
-0.033934
-0.026043
0.056300
-0.011511
0.111285
0.050181
0.014493
0.139549
-0.009874
0.120067
0.048062
0.008141
0.002148
-0.033218
0.011564
0.058054
0.033871
-0.002672
0.026901
0.079591
0.081473
0.101501
0.044159
-0.004628
0.136487
0.056249
-0.025950
0.057046
0.091004
0.013395
0.085848
0.104544
0.028676
-0.006734
0.032458
-0.040993
-0.016776
-0.009336
-0.019606
0.045763
0.063293
-0.033509
0.038801
-0.039830
-0.024759
0.027652
0.013568
0.043820
0.039021
-0.044648
-0.010294
0.021910
-0.062554
-0.023041
-0.032501
0.019718
0.068431
0.095689
0.094374
0.012514
0.074921
0.099859
-0.002539
-0.014744
0.064597
0.061086
0.044398
0.026408
0.056726
0.036867
0.073840
0.026896
0.013640
0.090693
0.060239
-0.028367
0.057708
0.002088
0.042880
0.004979
-0.049901
-0.071773
-0.022806
-0.037436
0.035055
-0.005948
-0.018357
0.033847
-0.056336
0.002117
-0.008632
0.016199
0.024579
-0.033121
-0.026607
0.041783
0.011884
0.056179
0.006833
-0.056936
0.032009
0.011068
0.021307
0.064186
0.142341
0.000357
0.090116
0.122295
0.005708
0.116396
0.106393
-0.027543
-0.019618
-0.084309
-0.128068
-0.053728
-0.008928
0.002599
-0.058168
0.096404
0.019526
-0.007611
0.046731
-0.039156
0.021416
-0.002884
-0.011659
0.068781
-0.013135
-0.076732
-0.040965
-0.014042
-0.029544
0.020210
-0.019256
-0.019084
0.022830
0.019473
-0.033028
-0.079144
-0.017452
-0.026945
0.014901
-0.014778
-0.049412
0.024538
-0.136779
-0.016859
0.014202
-0.057674
-0.077265
-0.041328
-0.012816
-0.016856
0.091582
0.132207
0.003796
0.049807
0.071227
-0.011357
0.008609
0.091967
0.014922
-0.031793
0.024924
0.064730
-0.026322
-0.043319
0.078817
0.030857
-0.067860
-0.006059
0.118137
-0.001622
0.036892
0.038790
0.042648
0.057096
-0.011806
0.044236
0.029234
-0.004202
0.009678
0.077003
0.018805
0.010256
0.116053
0.043482
-0.010361
0.071968
0.017215
0.071071
-0.030611
-0.015056
0.063044
0.092828
-0.010833
0.017528
0.046987
0.033409
0.018209
0.014852
0.046146
0.021187
0.008854
0.037650
0.033481
0.029876
0.001371
-0.032955
-0.005011
0.044345
-0.042402
-0.101422
-0.012986
0.041288
0.007820
0.044909
0.054578
0.013678
-0.061903
-0.063245
-0.009325
-0.065530
-0.027289
-0.042055
-0.017205
0.023273
0.055416
0.132145
0.054027
0.084994
0.029011
0.010015
0.051726
0.035515
0.079505
0.133957
0.067490
-0.021700
-0.043041
-0.065401
0.004727
0.004436
0.038086
0.005377
0.002598
-0.031828
0.016084
0.049075
-0.067567
0.076951
0.116779
0.075541
0.097703
-0.005082
-0.029695
0.009110
0.043287
-0.065174
-0.082846
0.063770
-0.001340
-0.111834
-0.050230
0.040722
0.059164
0.069618
0.063272
0.137502
0.059829
-0.026401
0.016680
0.011449
0.064379
-0.018478
0.005580
-0.039500
-0.007813
-0.018224
0.007199
0.027517
0.098037
0.096265
0.013085
0.097685
0.040942
0.023315
0.097996
0.034769
0.079802
0.111787
0.043800
0.034587
0.035067
0.015152
-0.021689
0.029558
0.045362
0.026819
0.008593
0.089210
0.062159
0.092963
0.027356
-0.034794
0.030392
-0.085203
-0.059733
0.121182
0.106143
0.041544
0.020684
-0.033192
-0.022421
0.043245
0.031409
0.019877
0.020952
-0.011889
0.012444
0.047120
0.059829
0.044510
0.064168
0.056137
0.000258
-0.039288
0.000164
0.082009
0.029389
0.028081
-0.002383
0.000130
-0.030525
0.016309
0.100055
-0.016862
0.037091
-0.021434
0.012162
0.021886
-0.081534
-0.021274
0.066143
-0.031924
0.034961
0.068210
0.041256
0.056191
0.055446
0.079413
0.045177
0.064144
0.047777
0.036463
0.056572
0.013571
0.020316
0.020015
0.032303
0.055896
-0.028473
-0.015528
0.052751
-0.052255
0.009195
0.030491
0.048309
-0.027411
0.034240
0.003033
-0.022369
-0.037808
-0.012205
0.035555
-0.003144
0.017734
0.035945
0.045172
0.080101
0.052200
0.056514
-0.012838
-0.003363
0.044323
-0.120221
0.041016
0.060262
0.002862
0.118303
0.113453
0.030239
0.059291
0.098881
0.005330
0.104829
0.056112
0.029919
0.008604
-0.040371
0.020679
0.080379
0.030165
0.054380
0.000349
0.000547
-0.003717
-0.093154
-0.062105
0.063116
0.043806
0.006340
-0.059322
0.023907
0.058604
-0.027972
0.009954
0.068118
0.056520
0.071681
0.107420
0.047901
0.107342
0.112646
-0.001335
0.033632
0.076395
-0.026557
-0.035562
0.009943
-0.001906
0.048410
0.139726
0.048232
0.057582
0.085016
0.055559
-0.019048
-0.011932
-0.015318
-0.037592
0.048545
0.046025
0.030601
0.067019
0.021571
-0.033749
-0.037745
0.058134
0.011399
-0.017316
0.106978
0.010908
-0.011356
-0.005161
0.037107
0.042330
-0.021221
0.072666
0.033529
0.039599
0.112216
-0.008547
0.072992
0.005328
0.019381
-0.045796
-0.026423
0.121245
0.131790
0.042517
-0.020719
-0.035530
-0.093350
0.008251
-0.060492
-0.060198
0.040389
0.003691
-0.009230
-0.032910
0.051724
0.032622
0.016214
-0.058888
0.037726
0.057968
-0.043621
-0.046893
-0.068218
-0.006203
-0.023522
-0.002986
0.032787
0.040600
0.013210
0.042290
-0.025829
-0.055106
0.014313
0.042043
0.036216
0.052938
0.058005
-0.041278
0.035360
-0.077157
-0.060503
0.089383
0.021857
0.043772
-0.003378
-0.025316
-0.040793
0.020080
-0.016236
-0.022728
-0.045027
-0.002888
0.065019
0.054015
-0.082310
0.049371
0.066908
-0.020757
-0.024541
0.029178
-0.019969
-0.007392
-0.000167
-0.037372
0.002019
-0.007731
-0.015519
0.014816
0.061194
-0.005192
0.050575
0.035361
-0.015829
-0.073367
0.039882
0.034619
0.014899
0.007335
0.080987
0.077215
0.059281
0.009337
0.060739
-0.047159
-0.073689
0.037866
-0.082611
0.015847
0.008730
0.047727
0.050991
-0.062477
-0.006731
-0.015397
0.000182
-0.004549
0.039367
0.087544
-0.068584
0.035247
-0.010254
-0.042186
0.101694
0.050637
0.085270
0.014575
0.042552
-0.019566
-0.081119
-0.030381
-0.059660
-0.067868
-0.041143
0.032889
0.037355
-0.020558
0.038163
-0.000420
-0.070574
0.046873
-0.024130
0.018093
0.022410
0.024173
-0.007177
-0.000950
0.022765
-0.027413
-0.073010
0.013636
0.001581
-0.062226
-0.057812
-0.107270
0.006444
0.036728
-0.039805
0.045306
0.014553
-0.011911
0.066929
0.079944
0.038637
0.061825
0.048406
0.111991
-0.031672
0.064427
0.110104
0.007801
0.101454
0.017543
-0.016915
0.093799
0.021616
0.034244
0.012411
-0.027372
0.064596
-0.040783
0.032290
-0.031471
0.013109
0.046059
-0.051350
-0.012406
-0.016419
-0.088088
0.063665
0.102740
0.068140
0.068057
0.062924
0.091592
0.034478
0.034099
0.069233
-0.008910
-0.045093
-0.038678
0.028074
-0.002269
0.014701
-0.037322
-0.072788
0.032132
-0.053113
-0.043464
-0.131868
-0.066857
-0.006456
-0.037057
-0.013546
-0.016186
0.010638
-0.031298
-0.085092
-0.042467
-0.011994
-0.037337
-0.073990
-0.071863
-0.034773
-0.087853
-0.052559
-0.040198
0.041880
-0.096262
-0.124063
-0.049631
0.010094
-0.023256
0.027137
0.071122
0.009676
-0.037134
-0.003479
-0.035125
0.016295
-0.040466
-0.023429
0.000843
0.004304
-0.020720
-0.022312
-0.017514
-0.052924
0.006677
0.118270
-0.016503
0.038791
0.017748
0.021991
0.038582
0.055176
-0.039754
-0.066265
0.024723
-0.020425
0.021557
0.040872
0.044294
0.055600
0.006175
0.015096
-0.031495
0.000260
0.020833
0.006754
0.058017
0.027750
0.051327
-0.013005
0.038680
0.162805
-0.022939
0.042867
0.003947
-0.060165
-0.013664
-0.081295
0.011134
0.057927
0.075141
0.014764
-0.046499
-0.006066
0.023891
0.035060
-0.002348
0.003245
0.018226
0.040934
0.046881
0.054827
0.039268
-0.004009
0.109835
0.120697
0.114339
0.123843
0.086247
0.071703
0.112427
-0.040952
0.029666
-0.003975
0.015462
-0.003777
0.045031
-0.002945
-0.011522
0.085406
-0.026688
0.065350
0.092348
0.009688
0.075528
0.017128
0.098592
0.071153
-0.005576
0.048246
-0.006858
-0.085440
-0.013018
0.066325
-0.028963
0.036127
0.077204
0.038409
0.048393
-0.004975
-0.015155
-0.005786
0.018677
0.035205
0.096787
-0.024267
-0.046211
-0.027856
-0.027555
0.015465
-0.074426
-0.023794
0.018108
-0.096710
0.117576
0.044598
0.025607
0.080496
-0.014736
-0.024009
0.016189
0.045223
0.043985
0.059294
0.036760
-0.022030
-0.014716
0.070669
0.121354
0.025988
0.008814
0.003712
-0.001401
0.007380
0.095769
0.090281
0.117062
0.090047
0.024494
0.001216
0.019790
-0.019933
-0.017225
-0.025756
-0.037628
-0.066756
-0.032506
-0.069714
0.030240
0.081962
0.027168
0.094562
0.050142
-0.065011
0.048860
0.087964
0.032602
0.039681
0.018143
-0.111193
-0.014524
-0.006512
-0.074016
-0.001417
0.036750
-0.022298
0.003919
-0.083392
0.016093
0.064836
0.009537
0.093519
-0.011876
0.009257
0.015633
-0.030960
-0.054886
0.024500
0.060631
-0.058192
-0.036098
-0.006943
0.002448
-0.064911
0.011447
0.012889
-0.135505
-0.000079
0.026926
-0.055560
0.011788
0.010899
0.021692
0.060922
0.021390
0.037291
-0.005266
-0.019678
-0.048255
0.004117
-0.001779
-0.086619
-0.077204
0.010567
-0.006450
0.024098
0.035607
0.047871
0.075601
0.011217
0.038130
-0.075457
-0.000003
0.107796
-0.048357
0.013893
0.036910
-0.077151
0.038596
0.060463
-0.009018
0.015558
-0.050653
0.023682
0.017799
-0.010458
0.069901
-0.020484
-0.001694
-0.043905
-0.025186
0.050346
0.043930
-0.089701
-0.014636
-0.037947
-0.078800
0.042031
0.045471
0.122649
0.029912
0.018448
-0.011124
0.012723
0.071162
0.007596
0.092556
0.069265
0.045418
0.078381
0.015109
-0.030683
-0.018607
-0.040759
0.025738
0.032153
0.004921
0.027143
0.004039
0.020463
0.039161
-0.034787
-0.011240
0.044991
0.005377
0.006765
0.010541
0.037086
-0.035415
-0.046834
-0.075141
0.056492
0.028287
-0.021631
-0.000157
-0.098120
-0.032974
0.026241
0.000232
-0.004594
-0.036076
0.080071
0.050579
0.054480
0.047323
0.055011
0.032533
-0.058534
-0.015359
0.103706
-0.022240
0.048797
0.073624
-0.013998
0.070286
-0.011549
0.003984
-0.062455
-0.097634
-0.046700
-0.038447
-0.002624
0.064840
-0.028684
-0.026884
0.059190
0.005843
-0.020000
0.041647
0.044439
-0.040505
0.013116
-0.036010
-0.028239
0.027959
-0.025412
0.073441
-0.010864
-0.026768
0.068024
0.059574
-0.022672
0.026357
0.038330
0.053659
-0.004644
-0.050287
0.010472
0.095587
0.076665
0.005756
0.065469
0.001662
0.005789
0.089520
0.012532
-0.023350
0.071088
0.062719
0.089979
0.083589
-0.017237
-0.093944
-0.080763
0.006031
0.001904
-0.105304
-0.132677
-0.041518
-0.041881
0.027404
0.013119
-0.004806
0.083014
0.065126
-0.035404
-0.029729
0.025462
-0.039516
-0.112245
-0.051099
-0.017011
0.015994
-0.072549
-0.123831
0.039578
0.088898
0.054369
0.084711
-0.075238
0.064230
0.022201
-0.054985
0.103164
-0.000668
-0.060274
0.072514
-0.035617
-0.131647
0.033768
0.080773
-0.001220
0.022117
0.011782
0.037242
-0.040952
-0.067662
-0.036558
0.048058
0.057414
-0.007696
0.069183
0.069094
0.059968
0.070249
-0.056674
0.028360
0.022649
0.050176
0.053213
0.129847
0.119831
0.018435
0.027113
-0.057037
0.007692
0.029402
-0.037699
-0.045200
0.019946
-0.041004
-0.075722
-0.036525
0.002753
-0.004463
0.038499
0.060346
0.003107
0.016136
0.019447
0.009372
0.112908
0.047066
-0.036628
0.012172
0.019357
0.028617
-0.031556
0.030671
-0.007125
0.015850
0.022300
0.042365
0.011858
-0.011595
0.051367
-0.075077
-0.055784
0.013853
-0.036722
-0.086953
-0.094057
-0.010147
-0.015701
0.017907
0.017122
0.052089
0.056257
0.031954
0.001655
-0.039550
0.084155
-0.014765
0.035069
0.084294
0.093782
-0.082908
-0.076931
-0.047467
-0.016638
0.044605
0.036747
0.062536
0.020133
-0.002688
0.038246
0.031167
0.027812
-0.022882
-0.025164
0.050429
-0.079936
0.039527
0.052581
0.017395
0.009421
-0.026169
-0.055373
0.042523
0.022353
0.063276
0.044765
0.082950
0.008603
0.053384
0.038349
0.050193
0.035610
0.071903
0.027332
-0.041636
0.022889
0.025014
-0.020546
-0.033590
-0.068025
-0.023335
-0.010414
0.036629
0.061979
0.021268
-0.016725
-0.004252
0.049823
-0.018384
0.085677
0.024598
-0.032506
0.071963
0.065072
0.003447
-0.011859
0.076105
0.113197
-0.008069
0.036387
0.069881
0.047497
0.065813
0.080738
0.020306
-0.074734
0.016183
0.014917
0.030066
0.047764
0.038878
0.009185
-0.024957
0.017965
-0.009395
0.025408
0.048681
0.127807
0.048705
0.005291
-0.015425
-0.048956
0.006701
0.007995
0.053536
0.036033
-0.023591
-0.023818
-0.019326
-0.023576
0.137538
0.076612
0.063379
0.095072
-0.049454
-0.050028
0.066203
0.035328
-0.005108
0.049574
0.011005
-0.077454
0.072936
0.068093
0.049626
0.071291
0.060491
0.052285
0.008427
0.070346
0.103125
0.056817
0.034882
-0.002602
0.069991
-0.027201
0.085462
0.030405
-0.061668
-0.028469
0.051319
0.018929
0.040114
0.056498
-0.005154
-0.018656
0.019685
-0.047525
-0.110845
-0.013598
0.013312
0.038030
0.005671
0.022435
0.024528
0.029931
0.038490
0.017140
0.031092
0.028705
0.119356
0.091573
-0.005900
-0.007280
-0.046030
0.054719
0.043322
-0.001372
0.058267
-0.000954
-0.019670
-0.011149
0.109931
-0.021612
0.028615
0.014632
-0.091079
0.035097
-0.046719
-0.033101
-0.011126
-0.091708
-0.035765
-0.018033
-0.001096
0.012260
-0.025240
0.008769
0.093951
0.071858
0.035217
0.037375
0.034332
0.017434
-0.007617
-0.010966
-0.028569
-0.048426
-0.043444
0.010896
0.029802
-0.005994
0.034185
-0.020234
-0.073118
0.012471
-0.078271
0.018948
-0.055546
0.006849
-0.004798
-0.010656
0.012261
-0.023699
0.025836
-0.040696
0.020603
0.015979
-0.023146
0.075858
0.065782
-0.034683
-0.020320
-0.079058
0.001999
-0.030225
-0.084006
0.026421
-0.005420
0.009902
0.018282
-0.027141
0.074786
0.060834
-0.090801
-0.018930
-0.024646
0.012474
0.027338
-0.046720
-0.072808
-0.005630
0.011172
-0.001519
-0.077295
0.054264
0.073844
-0.001641
-0.000370
-0.050181
0.022657
0.025484
0.081475
0.066444
0.002608
0.004468
-0.024591
-0.017675
0.067637
-0.003922
0.027566
-0.024785
0.049841
0.099045
-0.060682
-0.005175
-0.004449
-0.116925
-0.008298
-0.109469
-0.004573
-0.073778
-0.065718
0.021815
-0.058492
-0.023177
0.008414
0.017371
0.009873
0.014903
0.120142
-0.041423
-0.031209
0.052840
0.009720
0.020674
-0.039451
-0.048462
-0.002803
-0.058781
-0.028819
0.056770
0.044924
-0.011806
-0.008558
0.046113
0.044016
-0.025109
-0.067923
-0.032813
0.025271
0.094551
-0.019681
0.015869
0.028371
-0.036457
0.028362
-0.003907
0.012316
0.045174
0.015012
0.003908
0.015952
0.012950
0.024217
0.095248
0.047968
0.023427
0.065562
0.045556
0.049763
0.024331
-0.074117
-0.003826
0.053784
-0.009730
-0.027977
0.027530
0.106851
0.047181
0.006224
0.009235
0.015006
0.012816
0.086114
0.065256
-0.023827
0.122295
0.115321
0.046529
0.022540
-0.002967
-0.009226
0.016394
0.102429
0.074869
0.035122
0.053345
0.073787
-0.018184
-0.023957
0.033041
0.043286
-0.004717
-0.035879
0.084995
0.016782
-0.063230
0.083115
-0.022492
-0.067228
0.007038
-0.023679
-0.049229
-0.013554
0.110747
0.003826
-0.004541
0.008485
-0.054709
-0.011796
0.056923
-0.000381
0.021484
-0.064790
-0.019533
0.072984
0.009748
-0.022882
-0.100921
0.049036
-0.039241
0.015408
-0.015922
0.034087
-0.010035
0.035721
0.041899
0.055847
0.074606
-0.066848
-0.070256
0.005687
0.082994
0.056907
0.012913
0.009578
0.037130
0.039829
-0.021531
0.059943
-0.003541
-0.007042
0.043446
0.047866
0.109355
0.052679
-0.037477
0.002246
0.056047
0.003190
0.005078
0.105886
0.091985
-0.018356
-0.030712
-0.002307
0.063229
-0.008811
0.001129
0.017412
0.034825
0.048967
0.067463
0.061213
0.060843
0.007443
-0.043988
-0.026001
-0.028046
-0.014141
0.039001
0.046512
0.078999
0.083238
-0.057284
-0.023592
-0.048127
-0.040301
-0.009864
-0.045956
0.012548
0.018873
0.024770
0.000329
-0.020059
-0.070368
-0.064748
-0.061321
-0.103758
-0.007258
0.012522
-0.008285
0.007130
0.001300
0.007322
0.145281
-0.074485
0.051259
0.120701
-0.035810
0.032044
0.011865
0.074803
0.061017
0.068493
0.071633
0.021770
-0.003916
0.026731
0.054468
0.022174
0.012692
0.040970
0.066540
0.059584
0.045290
0.068368
0.060155
0.040497
0.083253
0.017505
-0.029141
-0.033600
0.051837
0.049999
0.112646
0.101771
0.052986
0.024517
-0.049637
-0.095934
0.011433
0.023201
-0.009177
-0.038661
0.143310
0.052136
-0.000559
-0.004099
0.040174
0.018567
-0.045702
-0.000479
0.098750
0.052038
-0.011337
0.041735
0.018812
-0.047128
-0.085499
-0.014136
-0.023945
-0.003120
0.015057
-0.050661
0.051093
-0.014984
-0.001283
0.017246
-0.041296
-0.009290
-0.018134
0.020342
0.042746
-0.054185
-0.026965
-0.046767
-0.024350
-0.101312
0.033500
0.079170
-0.066783
-0.034707
-0.057228
0.009784
0.068290
-0.016602
0.032133
0.073754
0.083573
0.033794
-0.005335
0.060393
-0.057110
0.026706
0.115734
0.023255
0.018183
-0.045981
-0.057179
0.008363
-0.008666
0.034806
-0.035350
-0.000005
0.006124
0.029516
-0.111081
0.038418
0.087870
-0.033808
0.016696
-0.034331
-0.047326
0.061002
-0.004373
-0.068679
-0.002322
0.005985
-0.013121
-0.044195
-0.035582
0.049639
-0.067101
0.019212
0.045476
0.024795
0.027934
-0.028340
-0.017558
-0.024589
-0.041585
-0.017241
-0.054199
-0.050434
-0.022740
-0.017353
0.029000
0.061519
0.071244
0.054562
0.128283
0.049051
-0.001953
0.064174
-0.045101
0.017260
0.020141
-0.000953
-0.035179
-0.018392
0.022721
-0.051994
-0.044742
0.067612
-0.020059
-0.053534
0.034282
0.066904
0.061801
0.022301
-0.095008
-0.016222
0.001277
-0.043700
-0.107604
0.030769
0.030585
-0.055668
-0.018527
0.010183
0.018356
0.006000
0.003089
-0.015072
-0.010239
-0.013502
-0.019887
-0.016118
-0.000461
0.068269
0.016837
-0.024031
0.079642
0.071071
0.063710
0.058834
0.015996
-0.016405
-0.057408
-0.020495
0.036136
-0.125839
0.042175
0.072377
0.053311
0.092212
0.032509
0.070179
0.020367
0.111919
0.032074
0.007442
0.019539
0.047863
0.133176
0.069980
0.062382
0.010178
0.007607
0.016455
0.018857
0.053597
0.019954
0.025551
-0.095690
-0.038541
0.045102
0.053653
0.035635
-0.034889
0.045986
0.058383
0.056844
0.042644
0.055447
-0.002903
0.083146
0.022246
-0.022234
0.021773
0.082542
0.098198
-0.038383
0.022370
0.046102
0.062866
0.113579
-0.016100
0.001473
0.025241
-0.005871
0.075666
0.021676
0.061983
0.066439
-0.026035
0.032456
-0.058350
0.029822
0.018421
-0.007872
0.022648
0.069483
0.022693
0.011090
0.135659
0.021680
-0.006845
0.051149
-0.045063
-0.000960
0.063204
-0.002068
-0.009982
0.028681
0.046312
0.073570
0.012687
-0.051694
-0.014829
-0.002205
-0.000362
0.042509
0.039375
0.005601
0.022770
0.037273
-0.051703
-0.009959
0.060047
-0.020798
0.009599
0.020953
0.007371
0.084379
0.077609
0.003603
-0.011613
0.160082
0.078216
0.025908
0.066539
-0.039071
-0.023480
0.022952
0.024078
0.032091
0.086324
0.060839
0.004036
-0.011395
-0.053549
-0.001212
0.061592
-0.017509
0.010157
0.059535
-0.082167
0.006773
-0.096728
-0.091045
-0.010499
-0.055986
-0.026741
-0.062113
-0.009459
-0.029672
-0.087136
0.019236
-0.021998
-0.076352
-0.062398
-0.038810
0.107148
0.068581
0.059523
0.106431
-0.013050
0.068688
0.055717
-0.035180
0.015410
-0.003762
-0.019372
-0.091988
0.002203
0.013581
-0.032244
0.119320
0.045604
0.037042
0.066116
-0.036453
-0.048741
-0.048558
-0.043457
-0.020262
-0.003281
-0.036284
-0.002783
-0.053799
-0.083408
-0.001322
0.019709
-0.060952
0.013572
0.056494
-0.067660
0.017407
-0.035753
0.021518
0.002198
0.001608
-0.060366
0.016402
0.061412
0.013211
-0.004894
-0.081278
-0.002949
-0.011462
0.037773
0.045021
0.091946
0.005105
0.009700
0.075879
0.057469
0.131858
0.051219
0.014398
-0.039297
0.036622
-0.010106
0.032761
-0.006365
-0.075294
0.035352
-0.073716
0.022122
-0.025939
-0.006360
-0.008220
-0.173111
-0.007340
-0.051280
-0.070348
0.021847
-0.041773
-0.073296
-0.087338
-0.040767
-0.040311
-0.008045
0.001842
0.025236
0.044271
-0.073235
-0.032459
0.008266
-0.043090
0.045027
-0.041877
-0.088722
-0.014695
-0.007079
-0.051724
0.013862
-0.026255
0.036046
-0.003720
-0.115423
-0.040904
-0.059164
0.008637
0.082855
0.008087
-0.056706
0.007113
0.022595
-0.071896
-0.078780
0.016775
-0.062235
-0.024393
0.013127
0.000118
-0.043442
0.000534
-0.015132
-0.011266
0.097267
0.023472
-0.051584
0.026267
0.012214
-0.046366
0.046749
-0.000737
0.011236
0.036349
-0.086749
-0.008619
0.054634
0.005222
0.009810
0.029958
0.096968
0.057258
0.068858
0.015098
0.068162
0.068359
-0.005343
-0.002739
-0.075105
0.045373
-0.009535
0.026787
0.108058
0.049797
0.039753
0.072852
-0.001114
0.036779
0.060052
0.069860
-0.006130
-0.045540
0.009309
0.023404
0.063994
0.012053
0.075929
0.071409
0.013209
-0.068388
0.045665
0.055122
0.008683
0.104828
0.027920
-0.099128
-0.008416
-0.017911
-0.060356
-0.040651
-0.032427
0.037496
0.014534
-0.038113
0.047716
-0.025349
-0.059426
-0.033709
-0.016222
-0.042377
-0.039371
0.021961
0.036358
0.000766
0.046062
0.032156
0.003510
0.012791
0.024457
0.024245
-0.000134
-0.048566
-0.017100
0.000791
-0.011360
-0.012183
-0.062719
0.046054
0.034006
0.007116
0.038114
0.097215
0.084660
-0.028435
0.042322
0.008328
-0.033071
-0.071512
-0.099036
-0.020148
0.036306
0.016427
0.023680
0.037624
-0.033425
0.037743
0.035054
0.008201
0.106771
0.064002
-0.004812
-0.006080
-0.048404
0.002336
-0.016087
0.051385
0.031533
0.039105
0.061292
0.176099
0.099328
0.010905
0.092918
0.004730
0.086751
0.003575
-0.064384
-0.002468
-0.028018
0.044042
0.000975
-0.035354
0.036742
0.083344
0.064935
-0.023643
0.001953
0.010632
0.015826
0.019604
-0.025433
-0.019193
0.081693
-0.005374
-0.026203
-0.004021
-0.077360
0.023393
0.066525
0.056390
0.137730
0.068854
0.151197
0.120253
0.073450
0.055752
-0.049625
0.003339
0.099783
-0.010040
-0.061660
0.009705
0.069663
-0.054779
-0.122154
-0.000568
-0.025967
-0.005268
0.032425
0.032809
0.015998
0.007409
-0.055121
0.034205
-0.010983
-0.015301
0.007098
-0.037220
0.017818
0.000954
-0.008535
0.042577
0.012169
-0.003781
0.020674
-0.017684
0.042771
0.051688
-0.016045
0.020761
0.058141
-0.036869
0.082950
0.067849
0.021522
-0.067193
0.081701
0.078170
-0.006092
-0.001126
-0.007598
0.022415
-0.074299
0.052189
0.045633
-0.089742
0.080234
-0.035457
-0.044369
0.102427
0.028217
0.069015
0.004342
0.001209
-0.139627
-0.045032
0.022608
-0.014425
-0.029543
0.045435
-0.008420
-0.076114
-0.082872
-0.102700
-0.039410
-0.064448
-0.042659
0.015691
0.004667
0.043533
0.056454
0.012826
0.048629
0.101007
0.030257
0.023542
0.066864
-0.006687
-0.034520
0.004556
-0.025040
-0.020930
-0.057652
0.047012
0.045489
0.003441
-0.006565
0.040267
0.076364
0.074942
0.005663
-0.021168
0.000953
-0.035423
0.023924
0.057536
0.041973
-0.047115
0.014926
0.071219
-0.062769
0.030428
-0.006645
0.024368
0.040288
0.041656
-0.038856
0.052954
0.001075
0.059032
0.072631
-0.001252
0.044366
-0.059680
0.026799
0.151136
0.019318
0.115327
0.006879
-0.038695
0.054164
0.053850
0.059928
0.055605
-0.000170
-0.054408
0.010513
-0.017982
-0.033765
-0.068728
-0.128179
-0.048568
0.023613
0.043554
-0.015314
-0.010538
0.052091
-0.042023
-0.097252
-0.000334
0.050267
0.048869
0.034379
0.017578
0.000139
-0.049806
0.040035
0.018165
-0.020272
0.050301
-0.002238
-0.063228
-0.020786
-0.076480
-0.063603
0.021441
-0.015183
0.005200
-0.008307
-0.096952
0.023007
0.069937
-0.012284
-0.017572
0.025377
0.044851
-0.019800
-0.019868
0.044644
0.122429
0.034611
-0.026313
0.122880
0.017559
0.029080
-0.027053
-0.044221
-0.030535
-0.039990
0.018965
0.015623
0.010206
0.019804
0.063263
0.008959
-0.028210
-0.009120
0.041827
0.007364
-0.011031
-0.008550
-0.040638
-0.025167
0.000326
-0.016524
0.022879
-0.053021
-0.124327
0.020990
-0.030472
-0.056542
-0.000032
0.047616
-0.026563
-0.076749
0.074231
-0.004699
-0.000028
-0.030302
0.040963
-0.039941
-0.039330
0.010812
-0.075183
-0.044292
-0.037804
-0.026899
0.012384
-0.073189
-0.014022
-0.016182
-0.047788
-0.018270
0.045596
0.058271
-0.004870
0.038668
-0.034308
-0.031673
0.011725
0.021624
0.010706
-0.080300
-0.048992
0.101142
-0.035756
-0.040386
-0.034536
-0.043473
-0.032014
-0.036548
0.009062
0.009048
0.096493
0.049080
0.004176
0.042362
0.066623
-0.030511
-0.043074
-0.036253
0.012693
-0.002363
0.034307
-0.053961
-0.056839
-0.001864
-0.098798
-0.076191
0.015634
0.047792
-0.005717
0.015688
-0.023775
-0.059549
-0.102376
-0.065166
0.034065
-0.041588
0.075409
-0.002869
-0.009538
0.078911
0.029172
0.022360
0.051125
0.035597
0.001817
0.064675
0.010224
0.026518
-0.023276
-0.016236
0.024791
0.149430
0.128197
-0.002142
0.029754
0.061131
0.019684
0.018676
0.041750
-0.000471
0.082412
0.075091
0.056519
0.083037
0.004620
0.007569
0.121478
0.077383
0.070766
0.029684
0.004594
-0.037266
-0.095950
-0.063639
-0.082042
-0.012405
-0.006636
-0.036110
0.050188
0.048862
0.013950
-0.001362
-0.053993
-0.010640
0.007675
-0.074900
0.033256
0.056393
-0.063193
0.006329
0.059536
0.018154
0.000472
0.014421
-0.071245
0.062493
0.018990
-0.086196
-0.083891
-0.053791
-0.108965
0.006049
0.039570
-0.007862
-0.032354
-0.040946
0.096037
0.054873
0.038174
0.074782
-0.032596
0.004495
0.004943
-0.030030
0.048809
0.104020
0.039664
0.034578
-0.017535
0.031110
0.007989
0.125820
-0.015246
-0.097175
-0.000413
-0.047329
-0.080212
-0.048127
-0.066498
-0.001974
0.048641
0.013740
0.022986
-0.018408
0.010304
-0.009609
-0.011698
0.000263
-0.029265
-0.033800
0.009424
0.100293
0.104536
0.087069
-0.003607
0.017556
0.055768
0.031362
0.030533
0.013044
-0.038985
0.039821
-0.047531
-0.036161
-0.007516
-0.027163
0.102303
0.053745
-0.016721
0.053050
0.105341
0.038871
0.029319
-0.018673
-0.054305
0.016423
0.009817
0.073956
0.064930
0.022764
0.040235
-0.031880
-0.027924
-0.005288
0.024518
-0.015243
-0.017988
0.061907
0.062774
-0.045420
-0.045915
-0.015731
-0.010245
-0.072696
0.013612
0.017790
0.017004
0.024869
-0.032764
0.047386
0.006267
0.026172
0.030509
-0.068028
0.000840
0.044618
-0.023249
0.088920
0.076936
-0.082389
-0.008376
-0.040969
0.005918
0.091527
0.090081
0.059533
0.029438
-0.020470
0.028402
0.027092
-0.067762
0.001365
-0.011438
0.030282
0.052967
-0.033092
0.061553
0.079371
0.003569
0.038969
0.019126
-0.063226
0.014422
0.014798
-0.074304
-0.084293
-0.093773
-0.044757
0.043434
-0.039691
0.034152
-0.055889
-0.046662
0.026817
0.006894
-0.002241
-0.039211
-0.034815
-0.009765
0.053596
-0.021301
-0.104168
-0.020715
0.011182
-0.062223
0.048423
0.085490
0.057182
-0.123617
0.021706
0.016212
-0.015324
-0.069669
0.000529
0.028079
-0.020167
-0.055011
0.032640
-0.009570
-0.048594
0.037938
-0.000728
0.033271
0.056173
0.015590
-0.007640
0.023728
0.009121
0.046130
0.036058
0.017163
-0.009264
0.011714
0.041912
0.023056
0.040843
-0.015610
-0.056788
0.012213
0.042953
-0.010763
0.026649
0.128435
0.051687
0.065815
0.024505
-0.064819
-0.000421
-0.016617
0.006854
0.048747
0.016216
-0.014153
0.059233
0.016013
-0.010865
0.038623
0.018854
0.067292
0.071888
0.024985
-0.036160
-0.014794
-0.005332
0.040675
-0.017944
-0.044087
-0.062114
-0.029629
-0.011982
-0.021666
0.044618
0.085858
0.014161
-0.025982
-0.044148
-0.053044
-0.028269
0.016419
0.059886
-0.034143
0.042409
-0.047804
0.047430
0.027965
0.002852
-0.044357
-0.019079
-0.055210
-0.054044
-0.106515
-0.039190
0.044318
0.056320
0.061208
0.002771
0.006396
-0.033949
0.017397
0.008586
0.037864
-0.048551
-0.066703
0.021164
-0.033795
0.001089
0.014963
-0.003576
0.003161
-0.131284
-0.123050
0.020848
-0.026201
-0.078930
-0.049068
-0.007331
0.017205
0.037717
0.055408
-0.038032
-0.025310
0.022560
0.014510
0.006050
0.089244
0.006503
-0.068677
-0.001221
0.008580
0.033552
0.010799
0.081371
0.024999
0.023589
0.080927
-0.000217
-0.056569
0.022517
-0.013911
0.037219
0.096390
0.086549
-0.022199
-0.038424
0.020970
-0.099639
-0.071573
-0.057565
-0.088458
-0.075675
-0.084728
-0.043094
0.028900
-0.003877
-0.013298
-0.045984
0.027412
0.013836
-0.031682
0.089467
0.044430
0.000891
0.017771
-0.048699
0.029547
0.076879
0.051124
-0.050155
0.098198
0.111285
0.019360
0.027537
-0.023190
0.015550
-0.027252
-0.017874
-0.086821
-0.079605
0.049116
-0.044444
-0.007318
-0.163446
-0.107747
-0.007382
-0.007407
-0.123900
-0.119546
-0.079331
-0.083674
-0.024927
0.020810
0.050087
0.090517
0.012950
-0.107486
-0.046408
-0.050758
-0.120050
-0.056149
-0.052427
-0.042684
-0.069453
0.001282
-0.019917
-0.023353
-0.042808
-0.041353
-0.018753
-0.004632
0.121385
0.044346
0.014269
0.009787
-0.006823
-0.036300
-0.058466
-0.065008
0.107860
-0.004991
-0.011484
-0.002412
0.036289
0.052167
0.054760
0.063637
0.028061
0.045515
0.029117
0.064852
0.106412
0.003996
0.020988
0.005464
-0.016005
0.046842
-0.055040
-0.027156
-0.034358
-0.063407
-0.050607
0.077824
-0.013078
0.019199
0.046492
-0.034667
0.062474
0.044815
-0.088841
-0.001768
-0.037483
-0.060824
0.016184
-0.048383
-0.030972
-0.045989
-0.013270
0.035755
-0.046603
-0.030656
0.026263
-0.038057
-0.005200
-0.005012
0.036059
-0.001574
-0.032724
0.005922
0.007840
-0.024305
-0.007139
0.007340
-0.037416
0.019195
0.073354
0.016663
-0.011765
0.059722
0.073847
0.010879
0.115323
0.041197
0.023504
0.059284
-0.029054
0.026653
0.037538
0.020634
0.061985
0.003250
-0.039924
0.024509
-0.046529
-0.014805
0.012707
-0.092218
-0.043999
-0.041623
-0.004093
-0.053615
-0.048039
-0.043024
-0.012915
-0.050416
-0.041781
0.054492
-0.026934
-0.003522
0.065387
-0.008742
0.005152
-0.023315
-0.006680
-0.023257
-0.033488
-0.034429
0.010815
0.004964
-0.133114
-0.095562
-0.018106
-0.005706
0.019349
0.064859
-0.055063
-0.013293
0.003965
-0.024437
0.008097
0.015141
0.053261
-0.039600
0.038347
0.037400
-0.024065
0.026023
0.036014
0.001520
0.079288
0.039872
-0.022569
0.014586
0.035918
0.034983
0.051404
0.000037
0.022538
-0.000442
0.034924
0.029253
0.030306
0.049328
-0.055040
-0.095528
-0.013407
-0.083561
0.053459
0.029953
-0.009199
0.085938
0.024252
0.023517
0.060048
-0.032797
-0.063878
-0.037775
0.040330
-0.024685
-0.003236
-0.012012
-0.033024
-0.015541
-0.097446
-0.037257
0.009775
0.015273
0.085249
0.096426
0.052933
-0.013006
-0.003760
-0.008513
0.016608
0.021165
0.052321
-0.038464
0.003121
-0.005389
-0.017399
0.007774
-0.049326
0.002729
0.003491
-0.037214
-0.013056
0.005628
0.006892
0.012695
-0.063309
-0.063119
-0.070001
-0.143287
-0.041625
-0.037141
-0.020775
-0.016821
-0.022499
0.028827
0.096191
0.006175
0.005256
0.009769
-0.078784
-0.017983
0.097655
0.065118
0.057141
0.136180
0.024972
-0.002160
0.070620
-0.046092
-0.097866
-0.041010
0.000086
-0.035064
0.004266
0.000700
-0.000737
0.032770
0.137327
0.090608
0.028116
0.034490
-0.006654
0.081189
0.021108
0.036736
0.115117
-0.073309
-0.054757
0.081487
-0.106619
-0.045633
-0.013873
-0.039523
0.054926
0.125199
0.015925
-0.018396
0.091259
-0.019959
-0.045073
-0.027260
-0.030416
0.070122
0.100730
0.084951
0.069186
0.014250
-0.006816
0.018028
0.149936
0.080277
0.044610
0.058733
-0.038248
0.024274
-0.024283
-0.072585
-0.037876
-0.087323
0.017357
0.025312
0.028348
0.038945
-0.081077
0.026964
0.031412
0.049102
-0.002616
-0.083031
-0.082079
-0.080553
-0.036002
-0.072754
-0.060958
0.006524
-0.047831
-0.135879
0.002447
0.047530
0.030432
0.049860
0.014255
0.099665
0.059497
-0.015924
-0.025986
-0.015654
-0.002648
0.012175
-0.031562
-0.049815
-0.035784
-0.016126
-0.023945
-0.028122
0.077484
-0.011544
-0.011720
0.008509
0.030179
0.060400
0.046445
0.060062
-0.041577
-0.062549
-0.041399
0.020439
0.008915
0.029452
0.078723
0.055529
0.017876
0.036965
-0.016769
-0.023398
-0.083489
-0.118221
0.003473
0.010148
0.004212
-0.022148
-0.064167
0.029052
-0.025129
-0.038366
-0.097876
0.060074
0.028655
-0.017889
0.081301
0.132009
0.030127
0.060889
0.073534
-0.010773
-0.022869
-0.040912
-0.011942
0.009259
0.034045
-0.034082
0.010313
0.069972
-0.057401
-0.084413
0.028851
0.006042
0.025605
0.062610
0.057734
-0.027035
0.052341
0.109695
0.032561
0.049538
0.020175
-0.040479
0.008941
-0.088899
-0.058645
-0.019045
0.033488
-0.032494
-0.107351
-0.095515
-0.042898
-0.031247
0.045239
0.097702
0.000033
0.056794
0.058149
0.069096
0.022329
0.046802
0.033851
-0.062606
-0.029885
0.041565
0.004043
0.031574
0.048325
0.048849
0.043989
-0.011399
-0.014168
0.023937
-0.015992
0.039261
-0.053969
-0.074852
0.037949
0.023368
-0.002753
-0.018845
-0.013280
0.016631
-0.000946
0.043920
0.026297
-0.049588
0.046712
-0.012926
0.006424
0.029904
-0.023993
-0.022020
-0.059446
-0.113944
-0.039635
-0.018206
0.000569
0.033960
-0.022977
0.009775
0.009737
0.054377
0.109991
0.078982
-0.008450
0.031159
-0.013943
0.036605
0.079410
0.020113
0.054398
-0.066010
-0.042137
-0.074369
0.007890
-0.021612
-0.147620
-0.083492
-0.044037
0.004999
0.021992
0.049967
0.029119
0.011611
0.006223
-0.065112
-0.061518
-0.031125
-0.014229
-0.028377
0.029847
-0.008951
0.022877
0.034338
-0.024164
0.041725
-0.000732
0.049708
-0.014602
0.072122
0.018284
0.031962
0.002440
-0.087394
0.069740
0.040684
-0.011960
-0.018531
-0.059272
-0.032163
0.002012
0.097101
-0.040429
-0.122235
0.047894
-0.037837
-0.048744
-0.079591
-0.115769
0.043636
0.092624
0.029407
-0.005637
0.015362
-0.039968
0.029163
-0.001531
0.058045
0.010801
0.074795
0.068728
-0.023972
0.040152
0.024546
-0.005521
0.036762
0.039159
-0.056536
0.005716
0.067740
0.069378
0.132091
0.084193
0.039299
0.031107
0.031699
0.045479
-0.063425
0.016129
0.044668
-0.030252
0.065086
0.005247
-0.095295
0.156880
0.024378
0.015386
0.022523
-0.100253
-0.021664
0.029590
0.006516
-0.041773
0.008826
-0.029946
-0.050202
0.050849
0.010137
-0.040069
0.022223
0.037986
-0.016118
0.020454
-0.024896
-0.022936
-0.028799
-0.124848
0.059880
0.074900
-0.113614
0.005450
0.031279
0.018556
0.042829
0.112406
-0.015326
0.031179
0.056560
-0.038166
0.019819
-0.019663
0.022364
0.114300
-0.034447
0.036108
-0.001278
0.012490
0.070933
-0.087218
0.012009
-0.005276
0.105121
0.040470
-0.014222
0.035406
-0.081221
-0.091324
-0.050110
0.021958
-0.010002
-0.009969
0.003368
-0.037406
0.004999
-0.014401
-0.015935
-0.020456
0.022506
-0.036508
-0.046099
-0.094735
-0.055975
0.073621
0.036143
-0.007866
-0.038216
-0.035386
0.025237
0.005939
0.020323
0.045206
0.011182
0.118084
0.057637
0.004994
0.070308
0.025654
0.052548
-0.002949
-0.066080
0.000475
-0.041227
0.017805
0.056847
-0.001183
-0.081947
0.057710
-0.047121
-0.023392
0.062969
0.062712
0.025264
0.008808
-0.001002
0.054813
0.015399
-0.107888
0.044931
0.016817
0.029708
0.006207
-0.023553
0.012628
0.037101
-0.063057
0.060275
-0.010443
0.004267
-0.040342
-0.065401
-0.003928
-0.098567
-0.011010
0.037360
0.022249
0.005627
-0.013188
0.083919
0.040925
-0.000226
0.019758
0.049268
0.027335
-0.084484
-0.035370
0.025856
-0.007131
0.059147
0.033352
-0.064818
-0.084531
0.058630
0.006203
-0.023859
0.036306
-0.044445
-0.030081
-0.092055
0.033895
0.146119
0.004927
0.020406
0.010837
-0.064296
-0.036128
0.041781
0.011199
-0.018496
0.040929
0.074267
0.033896
0.085517
0.082070
0.022789
-0.037554
0.058788
0.047536
-0.036208
0.005476
0.013357
-0.001851
0.075130
0.070371
0.048627
0.074700
0.006742
0.024691
0.057656
0.003868
-0.060364
-0.018709
0.051745
-0.088018
-0.050171
0.011917
-0.065562
0.000180
0.026011
-0.034269
-0.011554
-0.007619
0.060161
0.038666
-0.009663
0.022170
0.016978
0.038804
0.001430
0.050736
0.042080
0.001763
-0.049427
0.013141
-0.017908
0.015035
-0.049442
-0.078054
0.013410
0.072197
0.011089
-0.037151
0.113008
-0.024641
-0.074828
0.040132
0.009286
-0.009003
-0.031206
0.016039
-0.029989
-0.094994
-0.017147
-0.062576
-0.065394
-0.025658
0.016965
-0.057512
-0.002454
0.011147
0.016895
0.076055
-0.023257
-0.008191
0.020519
-0.017129
0.074959
-0.058538
-0.133951
-0.026677
-0.044490
-0.081158
-0.041737
-0.044771
0.089735
0.004717
-0.104710
-0.023338
0.044251
0.020912
0.043004
0.005352
-0.008879
-0.036128
0.063061
0.041284
-0.014357
0.065427
0.059661
-0.029417
-0.022355
0.090464
-0.016964
-0.019748
0.009350
-0.019331
-0.068000
0.116009
-0.081451
-0.002892
-0.012956
-0.034236
0.003955
-0.059693
-0.060225
-0.044660
-0.077116
-0.078711
-0.048901
0.017150
-0.051528
-0.013202
-0.019545
-0.010029
-0.041727
-0.009422
-0.025719
0.076828
0.057520
-0.004883
0.064604
0.003045
0.043568
0.063581
-0.041088
0.041858
0.079041
-0.048647
-0.043321
0.056989
0.052733
0.002686
-0.019216
0.026596
-0.025121
0.038714
0.019416
-0.041520
-0.047684
-0.040949
-0.026155
0.024201
0.020600
-0.032611
0.033733
0.024837
-0.010366
0.016992
0.011224
0.128362
0.066348
0.015488
-0.009707
-0.026915
0.071599
-0.066386
-0.116847
0.027938
-0.001708
0.082762
0.023325
0.122629
0.034453
-0.073857
-0.077366
-0.024249
0.015195
0.022577
0.023162
-0.012767
0.054239
0.006197
-0.067372
0.042642
-0.065088
0.040963
0.093308
0.034306
0.074017
-0.048927
-0.035300
0.106954
0.022693
0.043605
-0.006621
0.073184
0.048956
-0.057208
-0.008395
0.024909
-0.083873
0.056782
0.053417
0.013190
0.082697
-0.019494
0.023881
0.038030
0.015355
0.037768
0.103705
0.056970
0.026754
0.017778
0.021900
0.090173
0.081825
-0.041956
0.087427
-0.017824
-0.083624
0.062033
-0.028819
-0.077398
-0.061139
-0.035069
0.041888
0.034570
0.065880
-0.013907
0.046088
0.043498
0.046594
0.016475
-0.088381
-0.000124
0.091058
-0.026607
-0.028798
-0.028005
-0.042873
-0.055256
0.026523
0.019132
0.072714
0.126670
0.043093
0.012931
0.076201
-0.022777
0.044675
0.058445
-0.019918
0.047583
0.026942
-0.051480
0.004099
0.018190
0.025654
-0.033870
-0.015632
-0.002693
0.027913
0.038344
-0.048400
0.005715
-0.049662
-0.094364
-0.033605
0.002397
0.003753
0.015855
0.013947
0.033492
0.020251
-0.006414
-0.016228
0.043893
-0.008170
0.008389
-0.020202
0.001587
-0.001783
-0.045289
-0.009268
0.035086
-0.009835
0.041982
0.074936
-0.031488
0.093250
0.106510
0.025576
0.078231
0.039766
-0.052942
0.047198
0.010497
0.104123
0.056765
-0.106831
-0.019471
-0.042613
-0.140636
0.017460
-0.098550
-0.092747
0.004228
0.020788
-0.025834
-0.092543
0.009084
-0.027319
0.035639
0.049722
0.036487
0.038916
-0.088203
0.001279
-0.047911
-0.070884
0.005795
-0.005701
0.016941
0.072375
-0.042376
0.030591
-0.062497
-0.136378
-0.019407
-0.062953
-0.045500
-0.077124
-0.050105
-0.031344
-0.008931
0.039531
-0.033815
0.071884
-0.076468
-0.048005
0.023073
-0.025666
0.015286
-0.067891
-0.059760
0.055631
0.017489
0.055471
-0.015649
0.103921
0.063805
0.076642
0.072790
0.005244
0.089839
0.003823
-0.057834
-0.052514
-0.083522
-0.036107
0.024936
-0.016630
-0.004081
-0.029646
0.018213
0.039711
-0.012590
-0.003130
0.012458
-0.078552
-0.113154
0.089426
-0.074694
-0.064844
0.031202
-0.060726
-0.030535
-0.065522
-0.022922
-0.026898
-0.006476
-0.080506
-0.009706
0.045027
-0.039589
0.011607
0.111777
0.033035
0.049065
0.031928
0.007852
-0.014729
-0.100224
-0.053657
-0.048942
-0.058622
0.040415
-0.042710
0.069854
0.024161
-0.011399
0.081522
-0.071329
-0.021506
-0.000085
0.000307
-0.000750
-0.059811
0.043450
0.058605
-0.012799
0.042984
0.020943
-0.061530
-0.042280
-0.016744
-0.002268
0.048085
0.056265
0.004690
0.103095
0.008175
-0.092955
0.055153
-0.091750
-0.056036
-0.008533
-0.039173
0.012172
0.046445
-0.022742
0.004294
0.029471
-0.089882
-0.016370
0.044298
0.062404
-0.041288
0.033835
0.030805
0.016931
-0.011501
-0.017302
0.092536
0.113458
-0.049080
0.014752
0.051596
-0.060764
-0.033324
-0.040124
-0.032939
0.023937
-0.084085
-0.031353
0.046320
-0.083498
-0.050063
0.057505
-0.023417
-0.067777
0.040989
0.012140
0.116182
0.026225
-0.008613
0.089242
0.062467
0.007086
-0.008790
0.021910
0.014554
0.072502
0.096845
0.058280
0.033040
0.042745
0.028469
-0.037690
0.076002
-0.040041
-0.039774
0.104461
0.046809
0.047849
0.083578
0.018000
0.055725
0.019793
-0.034428
0.053287
0.055243
0.055847
-0.034091
-0.012631
-0.025257
-0.031258
0.020214
0.030880
0.058238
-0.052225
-0.071831
-0.022319
0.092542
0.054822
0.107582
0.055043
-0.062340
-0.051855
-0.036315
-0.039273
0.040967
0.042410
-0.075734
-0.027986
0.032308
0.007047
0.027037
-0.043781
0.006020
-0.098584
-0.056779
0.010193
-0.113742
-0.011245
0.032393
-0.003268
0.031340
-0.022342
0.050513
0.060234
0.038422
0.045739
-0.098184
0.051553
0.020448
-0.052957
0.026481
0.060204
-0.015215
-0.030184
0.086970
-0.017886
-0.092148
-0.048661
-0.008568
0.050541
0.039961
-0.135026
-0.020013
0.023630
-0.045220
-0.015596
-0.066494
-0.006411
-0.006815
-0.066663
0.060009
0.098301
0.019848
0.130896
0.044092
-0.073743
0.083461
0.106354
0.040540
0.027187
-0.004320
0.058411
-0.018179
0.002981
0.059169
0.006643
0.018951
-0.047745
0.013349
-0.073571
0.015381
0.049763
-0.091543
0.007215
-0.038434
-0.042062
0.045005
-0.032583
-0.024000
0.073407
0.073167
-0.010213
0.004850
-0.047924
-0.056682
0.022755
0.117437
0.117186
0.072138
0.046681
0.055709
0.013400
0.017718
-0.007350
-0.027007
0.011227
-0.078435
-0.042887
-0.026565
-0.037304
-0.007047
0.031879
0.032387
-0.060711
0.007250
0.008177
0.027379
-0.009893
-0.086668
0.029848
0.024500
0.012324
-0.034582
-0.056306
0.099178
-0.065889
-0.020733
-0.011964
-0.075443
-0.042790
-0.057378
-0.039227
-0.008005
0.020365
0.057744
0.053400
0.028759
0.062060
0.042924
0.109721
0.081737
0.055512
0.053070
0.000212
-0.022201
0.030770
-0.012260
-0.034279
0.025935
-0.014293
0.006843
0.003572
0.016640
-0.009017
-0.048357
-0.078265
-0.094035
0.057717
-0.049780
-0.005565
-0.020974
-0.125799
-0.083621
-0.076555
0.014098
0.077124
0.063109
0.075095
-0.018647
-0.089207
0.019881
0.021442
-0.038065
-0.005809
0.021691
-0.065558
-0.013245
0.008407
0.049024
0.031027
-0.041822
0.078417
0.017344
0.051708
-0.026086
-0.033357
0.074052
0.001557
0.015095
0.037221
0.072365
0.024051
-0.025392
0.052351
0.088332
-0.068557
0.022732
-0.024074
-0.034160
0.021758
-0.114279
-0.058908
-0.061074
0.012078
0.049631
0.028610
0.100682
0.084391
0.021913
0.001897
0.108222
0.031552
-0.006031
-0.038896
-0.061612
-0.043477
0.035420
0.030885
-0.095555
-0.050582
0.022618
-0.050876
-0.062553
-0.096630
-0.075652
-0.037704
-0.009352
0.002376
0.006496
0.048484
0.053667
0.038027
0.000166
-0.049238
0.096957
-0.008882
0.015789
-0.041828
-0.030315
0.036188
-0.037230
0.102880
-0.010194
0.015288
-0.013289
0.000953
0.058127
-0.027511
0.026430
-0.047909
-0.046091
-0.028229
-0.005957
-0.034413
-0.016467
-0.026351
0.057787
0.000251
-0.019446
-0.010158
0.031987
0.002775
0.051577
-0.100747
-0.023375
-0.029256
0.027058
0.032216
-0.060173
-0.020121
-0.106419
0.023747
-0.048874
-0.107081
0.004653
-0.085699
-0.042999
-0.117172
-0.041061
0.068093
-0.042538
0.017470
0.016171
-0.034676
0.030285
0.011557
0.076946
-0.025433
-0.033196
0.010456
0.017998
0.083347
-0.067623
0.016078
0.023774
-0.046623
0.019545
-0.064079
0.015800
0.059733
-0.090334
-0.037280
-0.067144
-0.011384
0.012490
-0.063051
0.031720
0.095996
0.015694
-0.040367
0.040056
0.000863
-0.003511
0.041019
0.019638
0.007046
0.043095
0.121562
-0.046206
0.010278
0.012142
-0.016804
0.042818
0.031734
0.057463
-0.055318
-0.079307
-0.011997
-0.015385
0.022003
0.023973
-0.031843
-0.044097
0.007306
0.035939
-0.037900
0.001900
-0.012019
-0.037459
0.025186
-0.021737
0.011942
0.096367
-0.035764
0.046692
0.039891
-0.036501
-0.018666
-0.001472
0.001767
-0.065170
0.001057
-0.026398
-0.018091
0.013912
-0.031442
0.059540
-0.000523
0.049929
0.030306
-0.013652
0.054781
0.028327
-0.102814
-0.008152
-0.013511
-0.096282
0.061346
0.024324
-0.069035
0.012788
-0.024052
-0.058753
-0.001341
0.015115
-0.002568
0.021361
0.009284
0.009205
0.049013
0.019499
0.040186
-0.019006
0.044103
0.086606
-0.054647
-0.016849
0.000163
-0.046930
0.026292
0.035060
-0.058545
0.015558
0.035679
0.044011
0.033613
-0.073213
-0.065591
-0.041403
-0.039447
0.078453
0.020117
-0.014848
0.065001
0.003160
0.045814
0.048798
-0.015865
0.054050
0.039822
0.011938
0.020163
0.095875
0.094084
0.009974
0.094890
0.011072
0.089676
0.057095
-0.028793
0.012250
0.030437
-0.064013
-0.062813
-0.089142
-0.036345
0.001668
0.038196
-0.009868
-0.027243
0.001996
0.002445
0.011931
0.043470
-0.077698
-0.066512
-0.066770
0.018560
-0.001452
-0.049798
-0.020213
0.024154
0.025970
-0.074471
-0.051460
0.043966
0.038409
0.060920
-0.024201
-0.020017
0.014761
-0.041770
0.089372
0.045355
0.137520
0.038871
-0.066168
0.065782
-0.033001
0.018732
0.004918
-0.063873
0.042080
-0.081551
-0.046950
0.020165
-0.041617
-0.023139
0.053607
0.024648
0.010336
-0.028269
-0.020603
0.089345
-0.029946
0.026798
0.019391
0.011566
-0.024474
0.048470
0.087204
-0.000958
-0.002582
0.017196
0.080577
-0.003143
0.046518
-0.019790
0.005965
0.006547
-0.046279
-0.001766
0.051255
0.032819
-0.008549
-0.000525
0.076566
0.046754
0.068606
0.011249
0.078865
-0.025261
-0.061850
0.036096
-0.005954
0.010947
0.013961
0.009771
0.092900
0.043653
0.065073
0.022644
0.003548
-0.003291
-0.051094
-0.029356
-0.031609
0.005253
0.054991
-0.054117
-0.065301
0.021906
0.056221
-0.028681
0.037836
-0.000846
0.000197
0.015534
0.014706
0.074599
0.014301
-0.063061
-0.012471
-0.013251
-0.059428
-0.026604
-0.083517
-0.075122
-0.033660
-0.032208
-0.017429
-0.062669
-0.010350
0.007485
-0.015662
0.086445
0.036247
0.069283
0.060301
-0.031157
0.100736
0.048122
0.009802
-0.018773
0.072904
0.099564
-0.084386
-0.056647
-0.046538
-0.122630
-0.048075
-0.041066
0.039633
0.026043
-0.019353
-0.046530
-0.043931
-0.059197
-0.001874
0.004842
0.008349
0.062887
0.002045
-0.014032
0.016710
-0.093492
-0.087929
0.007394
-0.059908
0.021878
0.030177
0.036118
-0.039413
-0.013446
0.012221
0.032319
-0.051803
0.049898
0.046002
-0.046531
-0.001565
0.026505
0.070785
0.017626
0.011797
-0.064860
0.031066
-0.019495
-0.049561
0.010218
0.005256
-0.073649
-0.051438
0.016899
-0.065057
-0.050998
-0.042583
-0.040150
-0.037451
-0.054132
-0.025706
0.067223
0.025497
-0.036981
0.017633
-0.020051
0.079325
0.012543
-0.052024
-0.002543
-0.009481
0.053714
-0.027427
0.000507
-0.010835
-0.031824
-0.005964
-0.023113
0.083710
-0.000500
0.001813
-0.025377
-0.012500
-0.050289
-0.042429
0.089405
0.032322
-0.008627
0.029170
0.022394
-0.015468
-0.002133
-0.028304
-0.100135
-0.001883
-0.013746
-0.013770
-0.013980
-0.072292
-0.007646
-0.033956
-0.036087
-0.050518
-0.045759
-0.063866
-0.023632
0.094532
0.095913
0.077949
0.076804
0.041887
-0.045345
-0.093122
-0.017998
-0.063299
-0.067839
-0.004670
0.018818
-0.009517
-0.044269
0.022326
-0.040114
0.017649
-0.006812
0.073033
0.108773
0.007978
0.015858
0.046705
-0.026197
-0.033273
0.033505
0.007544
0.044907
0.068024
0.051698
-0.046987
0.037628
0.037097
-0.067274
0.087291
0.062015
0.018345
0.018625
-0.004818
0.063798
-0.046172
0.083769
-0.005933
-0.066374
0.060549
0.062365
0.029973
-0.060374
0.041251
0.014999
-0.109579
-0.011054
-0.021293
-0.016620
-0.012964
0.028983
-0.016829
-0.003705
-0.012800
0.037298
0.035249
0.051874
0.100370
0.008440
0.002899
-0.068080
-0.013309
0.073492
0.043167
0.046050
0.063614
0.088167
0.063930
-0.051625
0.011286
-0.003893
-0.050814
-0.011974
-0.022897
0.008555
-0.033924
-0.023760
0.005431
-0.034397
-0.076032
-0.034815
0.007540
-0.002779
-0.001986
0.063203
-0.013600
0.000561
-0.053688
-0.054397
0.025294
-0.013200
0.022219
0.021260
0.007962
0.001341
-0.055258
-0.086285
-0.014461
-0.046188
-0.019751
-0.002032
-0.004562
0.115752
-0.001450
-0.014269
-0.029493
-0.059504
0.027275
0.019054
0.010852
-0.041900
-0.024155
0.046253
-0.047880
-0.043549
0.027212
-0.074102
0.128366
0.052292
-0.054378
0.086441
-0.031315
-0.055523
-0.034996
0.044879
0.053799
0.032240
-0.007684
-0.034730
0.011250
-0.029518
-0.060166
-0.012059
0.006780
-0.069853
-0.011005
0.010740
-0.037934
-0.012343
0.002465
-0.016649
0.085946
-0.019745
0.008097
0.079601
-0.003051
0.022177
0.032563
-0.036092
-0.026787
-0.086360
-0.059035
-0.053161
0.054873
0.028752
-0.039406
0.038428
0.017691
-0.016128
0.071579
0.102388
-0.024432
0.058653
0.011637
0.006914
0.026111
-0.021668
0.003198
-0.053467
0.066274
0.083271
0.063952
0.088586
0.045869
0.040776
-0.039959
0.018849
0.010979
-0.076097
-0.114657
0.064965
0.008330
0.018273
0.017827
-0.058834
-0.032413
-0.012771
0.067761
-0.001080
-0.066973
0.022904
-0.045862
-0.072217
-0.041714
0.016051
-0.021019
-0.004765
-0.022795
-0.009561
-0.053173
-0.012485
-0.011371
-0.055412
-0.043393
-0.016799
0.074369
0.002772
-0.011915
0.059951
0.021366
-0.103395
0.020488
0.047513
0.035272
0.026953
-0.011195
-0.014789
0.061298
-0.053383
-0.000435
-0.005650
-0.085445
-0.020276
0.032371
-0.090090
-0.111167
-0.024773
0.038765
-0.034611
0.042043
0.030297
-0.069691
0.063843
0.103369
0.006059
0.011659
0.016321
-0.016216
-0.025029
0.007695
-0.024668
-0.014557
-0.013695
-0.000493
0.007571
-0.011777
0.028537
0.025728
0.029019
0.073583
0.062195
-0.029501
0.011445
0.045778
0.039447
0.036385
-0.082792
0.000049
-0.023932
0.027918
0.025147
-0.038656
0.014067
0.068993
-0.028456
-0.022716
-0.057711
-0.022293
0.030418
0.010504
0.068293
0.043405
0.080504
0.053012
0.052451
0.052972
-0.059814
-0.025590
-0.025745
0.023286
0.027694
-0.038194
0.106808
-0.005944
-0.003280
0.029319
0.001279
0.039320
0.039246
0.057683
0.007980
-0.001736
-0.038542
-0.001292
0.034010
-0.053336
-0.017428
-0.011777
-0.008025
0.013607
0.005079
0.041051
-0.031663
0.002580
-0.023340
-0.026149
-0.028143
0.055526
-0.051862
-0.043500
-0.062084
-0.028491
0.033365
0.003722
-0.049090
-0.006577
-0.047904
-0.057638
-0.094601
-0.004860
-0.023634
-0.102054
-0.005085
0.069066
0.071112
0.011681
-0.050198
0.058126
-0.002101
-0.138043
-0.007054
-0.013028
-0.027557
0.064969
-0.015571
-0.023254
-0.036138
-0.038590
-0.017225
-0.083446
-0.043632
-0.014430
-0.087272
-0.052184
-0.043798
-0.039178
-0.047137
-0.003711
0.033110
-0.038313
-0.017106
0.034376
-0.051304
-0.108975
0.121114
0.047594
0.079645
0.018000
-0.016652
0.017419
-0.035531
0.073877
-0.040963
0.001141
-0.009938
-0.003226
0.114408
-0.028099
0.004462
-0.019046
-0.117441
-0.107823
-0.127739
-0.056691
-0.044660
-0.029375
-0.015207
0.027626
-0.074868
-0.082951
-0.003091
-0.056251
-0.032943
0.006296
-0.052867
-0.002188
-0.066849
-0.063052
-0.022886
0.065396
0.004168
-0.037042
-0.035746
-0.051016
0.100823
0.079498
-0.058922
0.081110
0.065304
-0.050925
0.010385
0.029659
-0.055144
0.004575
-0.045432
-0.030569
-0.013134
0.060237
-0.019465
0.006734
0.008586
-0.027184
0.014128
-0.043931
-0.109287
-0.045755
-0.017838
-0.049521
-0.098402
-0.081722
-0.040357
0.003476
-0.029977
-0.031319
-0.012049
-0.071176
0.040275
-0.038427
0.058387
0.064790
0.020497
-0.002952
-0.042956
-0.030289
-0.085605
-0.021842
0.075023
-0.011575
0.028155
0.113839
0.037002
-0.056709
-0.013333
-0.005512
-0.091352
-0.003396
0.035854
0.003311
0.033320
-0.015957
0.004744
0.005679
0.022812
0.086814
0.053989
-0.035919
-0.052713
0.049378
0.019836
0.036795
-0.018858
-0.070157
-0.032764
-0.000111
0.003454
0.033924
0.076390
-0.043545
-0.021942
0.054612
0.098360
0.089187
-0.070805
0.008687
0.037342
-0.026577
0.025903
-0.033934
0.021881
-0.001282
-0.009923
-0.067284
-0.045853
-0.058733
0.002722
-0.055292
-0.125517
-0.000156
0.048027
0.073759
0.051536
0.012510
-0.038335
-0.032969
0.053730
0.119323
-0.014789
0.008774
-0.006732
0.000033
-0.011791
-0.093663
0.009651
-0.030133
-0.003078
0.010640
-0.079639
0.018428
-0.013674
-0.038124
0.007568
0.018946
0.038536
-0.037768
0.030099
0.113900
-0.011160
0.030577
0.045298
0.021729
-0.053262
-0.041715
0.066667
0.018533
0.004968
0.054799
0.108194
-0.017167
0.018952
0.019598
0.006318
0.017420
0.028683
0.069196
0.016801
-0.025656
-0.059948
-0.044394
-0.010150
-0.023948
-0.068986
-0.075833
0.008870
0.022611
0.013718
-0.049565
-0.006662
-0.064907
-0.007214
-0.009171
-0.002777
-0.092162
-0.092043
0.028326
-0.038471
-0.089247
0.067024
0.088568
0.045676
0.000884
0.013317
0.037885
0.074101
-0.026902
-0.003103
0.027414
-0.038984
-0.039345
0.034986
-0.030747
-0.013685
0.056116
0.045884
0.093925
0.088319
0.003454
0.022473
-0.026608
0.009789
-0.045819
0.037502
0.059567
-0.074458
-0.000243
-0.003943
-0.055854
0.011907
-0.050069
-0.039175
-0.000540
0.056523
0.034059
-0.025916
-0.077313
-0.054425
0.020424
0.031742
-0.003445
0.036742
0.048598
0.048117
-0.042312
0.008382
0.031811
0.017524
0.025568
-0.005126
0.023658
0.016021
-0.035471
-0.064277
-0.060784
0.015056
0.090235
0.002048
-0.090533
-0.064074
0.037995
-0.029125
0.027118
0.033909
-0.002544
-0.036845
0.110989
0.053543
-0.054645
0.000028
-0.018519
-0.030421
-0.002833
0.062016
0.003503
0.018960
0.104490
0.024909
0.064505
0.055666
0.040704
0.047950
0.000466
0.048848
0.125975
-0.073570
-0.007318
0.000623
-0.031519
0.039146
-0.049286
-0.082408
0.001457
-0.008434
-0.023085
-0.046274
0.052426
0.053306
-0.000101
0.038061
0.014861
-0.011213
0.041626
0.037096
-0.011030
0.012364
-0.003409
0.014741
0.010344
-0.024605
0.039892
-0.026610
0.093958
0.114269
-0.005487
0.124862
0.065048
-0.011780
0.046225
0.036812
0.029119
0.029723
-0.120097
-0.077463
0.008779
-0.042915
-0.015808
-0.067178
0.000031
-0.004332
-0.044849
0.024960
0.029613
-0.005697
-0.008626
0.063654
0.073788
0.065469
0.071016
0.017824
-0.005859
0.000848
0.039817
0.040187
0.044401
0.038615
0.007124
-0.012853
0.001444
0.062470
0.034333
0.110296
0.011872
-0.048004
-0.047946
-0.138525
-0.093372
-0.039085
-0.098156
-0.013293
-0.017255
0.003229
0.000866
0.038766
0.026670
0.003936
-0.003268
0.024922
0.031912
0.026224
0.106564
0.064087
0.036201
0.077038
0.017157
-0.016072
0.025209
0.051630
-0.059246
-0.042977
0.053141
0.071010
0.104662
-0.016477
-0.019057
0.086708
0.117131
-0.024359
0.054640
-0.006165
-0.050135
0.015797
-0.064879
-0.048521
-0.033464
-0.032368
-0.015392
0.092997
0.052186
-0.005206
0.010157
0.032867
0.045823
-0.044594
-0.004969
0.029024
-0.012496
0.091425
0.059989
0.050174
0.051967
-0.001750
0.056468
-0.052379
-0.000068
0.066950
-0.057798
-0.029642
0.053390
-0.033583
0.006286
-0.073757
0.006484
-0.026389
0.033757
-0.048471
0.019928
0.033342
-0.061915
-0.018127
-0.079151
-0.016556
0.048761
-0.041169
-0.092578
0.004184
0.037860
0.028521
0.023103
0.058038
0.056001
0.021768
0.022349
0.024095
0.005503
0.015806
0.022911
0.053478
0.039157
0.076684
0.074927
-0.003537
-0.031744
-0.033656
-0.032800
-0.063073
0.023649
0.076124
-0.006665
0.013632
-0.014490
-0.029167
-0.046020
0.041377
0.041008
0.023888
0.011827
0.002693
-0.005947
-0.032967
0.040795
-0.043258
-0.005524
0.006771
-0.031995
-0.014085
-0.082564
-0.079706
0.050267
-0.044163
-0.103191
-0.030682
0.007708
0.019124
-0.034078
-0.013203
-0.031448
0.057413
-0.000828
0.058250
0.025387
0.013121
0.039759
-0.055367
0.023876
-0.014615
-0.014727
0.005587
0.061741
0.010708
0.040340
0.090509
0.081693
0.106537
0.017626
0.024110
-0.060236
-0.019729
0.016313
0.040109
0.042338
0.002846
0.003240
-0.045281
-0.092986
-0.011782
0.035374
0.067473
-0.022567
0.022437
0.019158
-0.015747
-0.025716
0.011813
-0.040512
-0.053715
0.007717
-0.037171
-0.027170
-0.088807
-0.012656
0.028278
0.069292
0.066365
0.021572
0.003817
-0.046557
-0.026534
-0.010105
-0.000774
-0.059610
0.006772
0.069560
0.018911
0.057034
-0.048890
0.008389
0.057391
0.041814
-0.021460
-0.039620
-0.083774
0.112631
-0.015322
-0.073844
0.095278
-0.057705
-0.040349
0.022772
-0.016409
-0.109917
-0.054837
0.016875
-0.031718
-0.050467
-0.072629
-0.097036
-0.011372
-0.076554
-0.070957
0.032034
-0.029811
-0.030063
0.020298
-0.074996
-0.018151
0.030364
-0.077496
-0.005774
-0.035392
-0.047611
0.008190
0.090235
0.033327
0.009022
0.067208
0.001505
-0.023484
0.035313
-0.014707
0.062830
0.019413
-0.049874
0.091459
-0.022161
-0.017909
0.032968
0.019667
0.068649
0.020709
0.027278
0.108427
-0.010177
-0.010459
-0.009627
-0.041060
0.037785
0.012679
0.036751
-0.015215
0.007014
0.012092
-0.097273
-0.076720
-0.091209
-0.048708
-0.046249
0.013243
-0.003129
-0.034441
0.012462
-0.047078
0.022045
-0.003240
-0.044477
-0.080735
0.021595
0.001335
-0.021830
0.017905
-0.049039
0.008979
-0.011265
0.022993
0.021191
0.037290
-0.054043
-0.017385
0.050080
0.036599
0.008150
-0.024856
-0.021565
0.031203
-0.029176
-0.033973
0.001964
0.038526
-0.054926
-0.128735
-0.019197
-0.031794
-0.093379
0.037929
-0.014741
0.031539
0.028763
-0.094023
-0.081464
-0.018659
0.080125
-0.034455
0.075404
-0.011972
-0.016550
0.063873
0.005652
-0.000691
0.024234
-0.001551
-0.013174
-0.003484
0.088825
0.053741
-0.074503
0.026281
-0.003290
-0.055855
-0.016441
-0.108072
-0.018179
-0.001496
-0.014269
0.032891
-0.025268
0.029374
0.021332
0.004511
0.094700
0.042175
-0.039229
0.011780
0.024073
0.017428
0.031298
0.040680
0.031666
0.018753
0.019389
-0.005044
-0.075124
0.018247
0.011476
-0.019318
0.025022
-0.000645
-0.012587
-0.007135
0.042043
-0.048878
-0.065217
0.072178
-0.004556
0.030004
0.041166
0.047468
-0.079981
-0.062095
-0.002087
-0.006142
0.019500
-0.031384
0.009040
0.080878
-0.015853
-0.003604
0.054416
-0.059679
-0.011505
-0.020311
-0.110757
-0.057132
-0.063903
0.058437
0.006521
0.013530
0.057565
0.064005
0.048066
0.023639
0.003285
0.082260
0.042110
-0.016327
0.095959
0.023819
0.018358
0.005405
-0.057594
-0.060734
0.053816
-0.000651
0.031048
-0.046164
-0.063041
0.076998
0.042105
0.084606
0.044379
0.066433
0.105727
0.068383
0.082678
0.078042
0.045100
-0.017268
0.003762
0.038727
-0.065122
-0.003739
0.024887
-0.073381
-0.007902
-0.081254
-0.066714
0.050355
-0.107574
-0.039265
-0.039551
0.054388
0.022936
-0.006345
0.050873
0.004438
-0.091590
-0.063301
-0.057833
-0.004857
0.014657
-0.130666
-0.039615
-0.043046
-0.040927
0.040254
-0.083142
-0.040617
0.105302
0.024185
-0.022413
0.002435
-0.008772
0.017593
-0.015905
0.103809
0.141193
-0.011358
0.026200
0.070776
0.010657
-0.058551
-0.049905
0.064559
-0.112926
-0.077860
0.039602
0.040354
-0.032094
0.044949
0.073443
0.030072
-0.083101
0.025347
0.102145
0.010516
0.050684
0.003493
-0.011044
0.043891
-0.023084
-0.037507
0.067842
-0.053253
0.066355
0.006875
-0.071288
0.030214
0.011462
-0.009583
0.048491
0.082691
0.085795
0.068627
0.079859
0.079943
0.071038
0.008326
0.002327
0.066141
0.032345
0.098428
0.063196
-0.010298
0.003734
-0.007149
-0.005260
0.003384
0.006322
0.002663
0.010741
0.028710
0.068271
-0.119927
-0.044574
0.007345
0.026788
-0.054052
-0.003546
0.038166
-0.048259
0.000273
0.066918
0.062259
-0.051505
-0.020318
0.003502
0.030177
-0.008635
-0.051430
-0.076015
-0.004887
-0.056418
-0.076913
0.015001
-0.000032
-0.043390
-0.032822
0.014674
-0.061183
0.011464
0.019950
0.057868
0.010266
-0.006111
0.032929
0.008308
0.032142
0.074169
0.008322
0.033649
0.104467
-0.010290
0.077702
0.056410
0.001409
-0.018418
0.057198
0.042970
0.027704
-0.052726
-0.008672
0.028698
-0.028693
-0.001008
0.017894
-0.010988
-0.040603
0.005195
-0.048741
-0.027901
-0.080669
0.032243
0.039794
-0.083395
0.014873
0.048984
0.061312
0.073782
0.090193
0.023087
-0.060970
0.012029
0.026261
-0.015893
0.006077
0.046764
0.139600
0.068034
0.068367
0.058408
0.040041
0.053056
-0.010797
-0.046345
0.033785
0.041659
0.061474
0.007700
0.017604
0.049097
-0.006039
0.019872
0.049409
0.018907
-0.100402
-0.009246
-0.006171
0.008492
0.085371
0.042398
0.038276
0.083804
0.076841
0.032043
0.038781
0.013224
-0.031595
0.039989
0.047647
-0.040417
0.043183
-0.042489
-0.031942
0.037455
-0.005580
0.016162
-0.015068
0.100152
0.065782
0.016155
0.051970
-0.039703
-0.017220
-0.057219
0.009384
-0.037100
-0.017200
-0.002738
0.019469
0.009558
-0.024288
0.014718
-0.014168
0.013550
0.018450
-0.036939
0.019901
-0.010131
0.015506
-0.009671
-0.021739
-0.012026
0.023329
-0.019976
0.009329
-0.018177
-0.007545
-0.028108
0.024439
0.048740
-0.044700
-0.022428
-0.045235
-0.084712
0.022184
-0.005621
0.051681
-0.010507
-0.003739
0.071913
-0.011909
-0.042958
0.085805
0.000323
-0.036291
0.082965
-0.029678
-0.042745
0.001387
-0.085761
-0.076221
0.013455
-0.021839
-0.031906
-0.044932
-0.051279
-0.031864
-0.049158
0.015343
-0.021780
-0.130635
-0.034186
-0.010040
0.002659
0.110882
0.058187
0.052419
0.005964
-0.123461
0.026679
-0.028331
0.039341
0.059541
0.033559
-0.009232
0.028303
0.057797
-0.061163
-0.019798
0.030552
0.071198
0.008194
0.060433
0.093333
0.005626
-0.002050
-0.047880
0.000468
0.052063
-0.071515
0.032678
-0.004504
-0.060157
0.038600
-0.026386
0.023370
0.018715
-0.059032
-0.078544
-0.002258
-0.031530
-0.062424
-0.072879
0.004220
-0.016494
0.019192
-0.050629
-0.016554
0.062580
-0.014085
0.010957
0.016511
0.001619
-0.014849
0.040571
-0.030150
-0.011906
-0.003626
-0.016028
0.074575
0.003542
-0.004593
0.042652
0.021809
0.025691
0.072313
0.003188
-0.047073
-0.039713
-0.008300
0.030391
-0.011679
-0.048727
-0.061253
-0.019170
-0.034311
-0.026847
-0.055234
0.035249
-0.061908
-0.012887
0.093029
0.038624
0.009891
0.053797
0.024100
-0.019684
-0.009355
-0.028016
-0.028149
0.037842
0.016343
0.060865
0.005161
-0.061233
0.044453
-0.002701
-0.023640
0.049301
-0.011144
0.056575
0.032015
0.047924
-0.041237
-0.081169
0.027505
0.051420
0.036810
0.063417
0.022374
0.079884
0.036887
-0.005333
-0.047814
-0.055010
-0.000084
0.000973
-0.060532
-0.029779
-0.023723
-0.036617
0.034212
0.008359
0.056470
0.004071
0.007020
0.043531
0.045445
-0.006658
-0.063228
0.034640
-0.001154
0.022890
0.034242
-0.001948
0.002241
-0.027851
0.009546
0.010470
-0.021383
0.050123
0.008915
0.043767
0.008016
-0.023465
0.020482
0.028499
-0.034094
0.002837
0.003533
0.008854
0.045143
0.033928
0.078806
0.077788
-0.041887
-0.070148
-0.075391
-0.093257
-0.123754
-0.036543
0.013411
-0.050958
-0.080770
-0.000751
-0.006205
-0.015536
0.019248
0.067514
-0.021170
-0.063341
0.052993
-0.017084
0.000052
0.032266
-0.004036
0.056604
0.026279
0.008953
0.008765
0.004512
0.057695
-0.005999
0.018220
0.020367
0.029648
-0.028454
-0.052869
-0.105829
-0.070083
-0.052406
-0.020209
0.043229
-0.012227
0.060095
-0.016941
0.060347
0.075556
0.036880
0.102422
-0.008636
-0.065279
0.049125
-0.052712
-0.030247
0.052623
0.030259
-0.045256
-0.036700
0.073394
-0.005126
-0.023003
-0.016822
-0.027733
-0.001490
-0.044731
-0.055499
-0.028546
-0.025033
-0.036057
-0.030824
-0.057362
0.053455
-0.010474
0.043211
0.047819
0.017973
0.036514
0.034077
0.073064
0.035363
0.018477
-0.035805
-0.030565
-0.007698
0.048471
0.099002
0.082912
0.001592
-0.027463
-0.044278
0.013987
-0.004810
-0.074635
-0.042071
-0.065924
-0.110302
0.007390
-0.086854
-0.019986
0.024649
-0.022262
-0.026707
0.019385
0.100695
0.016540
-0.048647
0.028534
0.015582
0.049729
0.012327
0.002497
-0.007553
0.028154
0.092539
-0.024795
-0.013514
0.065449
-0.053173
-0.005759
0.056450
0.019658
-0.079312
0.038546
0.004648
-0.111128
-0.105482
-0.112441
-0.083563
0.045445
0.049275
-0.006329
-0.061668
-0.011722
0.072027
-0.011507
-0.053646
-0.023508
-0.018216
-0.078596
-0.069501
-0.043743
-0.065972
-0.010851
-0.016779
0.019109
0.151946
0.063530
-0.002055
0.102309
-0.001029
0.061995
-0.000264
-0.007961
-0.004418
-0.006564
-0.000872
-0.046298
-0.014495
-0.016724
0.008888
-0.047052
-0.074538
0.012586
-0.030318
-0.039421
-0.027942
-0.024278
-0.031009
-0.064517
-0.052780
-0.060510
-0.049894
0.003788
0.061744
0.067919
0.028004
0.099154
0.060765
-0.027275
0.000626
0.020115
-0.063736
-0.016290
-0.036965
0.002709
0.054834
-0.014867
0.044592
0.012238
-0.044498
-0.025334
-0.056862
-0.035584
-0.012762
-0.073595
0.077114
0.017200
-0.093188
0.057484
-0.053188
-0.006813
0.057285
0.011390
0.009396
-0.087534
-0.084433
0.000446
-0.036180
0.020400
0.003230
-0.013669
0.069651
0.083178
-0.005335
-0.022306
0.010317
0.091737
0.041490
-0.003569
0.085782
0.010293
0.051360
0.026192
0.015004
-0.008203
0.025414
0.037476
-0.013736
-0.001343
-0.053847
-0.096779
-0.002920
-0.025268
-0.024896
0.096248
0.017355
-0.064663
-0.028230
-0.176714
0.020331
0.028260
0.022006
0.071783
0.030324
-0.040659
-0.108890
0.043138
0.094435
0.043499
-0.018876
0.078322
0.008254
-0.017384
0.054256
-0.012202
-0.025906
-0.088599
-0.042254
-0.034994
-0.057263
-0.069958
0.004523
0.069348
0.003340
0.032766
0.047291
0.005418
-0.045464
-0.045939
-0.024194
-0.078036
-0.003497
-0.028678
-0.004937
0.001916
-0.013222
-0.015428
-0.033047
-0.048476
-0.060012
-0.049473
-0.048087
0.004605
-0.066753
-0.043919
0.034797
-0.046481
0.029914
0.098087
0.002719
0.014482
0.046068
-0.043143
-0.038114
-0.030140
-0.047883
-0.077703
-0.025145
-0.017826
0.079016
0.062796
0.000118
0.000521
0.000136
0.004098
0.049644
-0.006824
-0.040848
-0.011742
-0.092784
0.008345
0.084604
-0.006088
-0.005605
-0.124120
-0.100216
-0.056528
-0.069018
-0.102806
-0.066699
-0.048175
-0.034908
0.041845
0.017804
0.032047
-0.026444
0.054832
0.004126
-0.011611
0.045661
0.025683
0.091742
0.101919
-0.014475
0.006592
-0.014030
0.003553
-0.089285
-0.098076
0.026539
0.032016
0.043413
-0.077791
-0.109692
-0.017813
-0.001118
-0.036812
-0.001772
0.013545
-0.051557
0.043040
0.001428
-0.021486
-0.093239
-0.055779
-0.021742
0.054177
0.036431
0.077622
0.091818
0.045889
0.023076
0.029473
-0.036093
-0.011136
0.053525
0.004583
0.022509
0.062574
0.080154
0.086888
0.066721
0.031645
0.002710
0.054901
0.037613
-0.022878
0.001688
0.061103
0.028766
0.034346
-0.012972
0.031513
0.003125
-0.063840
0.006234
0.066796
0.040626
0.076997
0.026668
0.031710
-0.003996
-0.018061
-0.012115
-0.089440
-0.052712
-0.065693
0.001389
-0.003710
-0.111997
-0.050276
0.047537
0.011102
0.025921
0.029475
0.034891
0.010488
0.014586
0.027045
-0.017424
-0.007547
-0.013410
-0.016737
-0.016625
0.018719
0.041890
0.069051
0.017618
-0.034919
-0.034035
0.022506
-0.019918
-0.059211
0.014241
0.062344
-0.044750
-0.016624
0.062720
-0.002713
-0.041650
0.034072
-0.022091
0.016921
0.063582
-0.018908
-0.019787
0.041224
0.058138
-0.013156
0.026061
0.018463
-0.009675
0.064416
-0.027949
-0.026636
-0.019012
-0.024536
-0.020259
-0.013184
0.076408
0.051680
-0.024012
0.020882
-0.023898
0.033445
-0.045114
-0.032704
0.038735
0.024356
0.025106
0.054613
0.041894
0.033636
0.006833
-0.085538
-0.051655
-0.032505
-0.109022
-0.043357
-0.033089
0.009248
0.033655
-0.022157
0.038477
0.050852
0.001334
-0.001875
-0.042967
-0.055456
0.011119
-0.059352
-0.001114
0.083100
0.066360
0.036562
-0.003953
-0.019474
0.121875
-0.076922
-0.011414
-0.007821
-0.002450
0.078160
-0.013256
0.034787
-0.027603
-0.049958
-0.002329
-0.063680
-0.015195
0.011116
-0.021605
-0.059247
-0.012555
0.064573
0.049045
-0.016718
0.017947
-0.019102
-0.071702
0.013865
0.035365
0.063302
0.066033
0.016853
0.081485
-0.030745
-0.065418
0.045950
0.091826
-0.005195
0.038424
0.015383
-0.044078
-0.009526
0.003237
-0.074705
-0.029175
-0.028890
-0.034513
0.071935
-0.001310
-0.026745
0.065051
0.067585
-0.004860
0.043540
0.094272
-0.040134
0.054461
-0.038709
-0.041148
0.050468
-0.038468
-0.025865
0.059420
0.081946
0.019911
0.018723
0.087744
0.033530
-0.015305
-0.065114
0.031339
0.051792
-0.013829
0.010039
-0.013067
-0.015371
0.102830
0.058709
0.036947
0.004070
-0.018150
-0.026362
0.021383
0.028910
0.030601
0.028221
0.035503
0.001645
0.015773
0.000592
0.022937
0.011698
-0.081208
-0.029294
0.042800
-0.074967
-0.031882
0.022889
0.051955
0.051527
0.064462
-0.007361
-0.021260
-0.011175
-0.075744
-0.009206
0.006818
0.090310
0.012199
-0.035143
0.011209
-0.006446
-0.042515
-0.056118
0.075719
-0.032994
-0.056686
-0.031513
-0.127028
0.017031
0.054566
0.033250
0.076195
0.065768
0.039397
0.054222
-0.050060
-0.005769
-0.024985
-0.073121
0.004128
-0.016081
-0.042180
0.065682
0.014833
0.032461
0.011617
-0.070992
-0.005201
0.069330
0.040397
-0.033298
0.045297
0.030333
0.004080
-0.032955
-0.068572
0.006082
-0.014040
-0.014856
0.059318
-0.078784
0.056854
0.030763
0.014849
0.047074
0.080004
0.037167
-0.028300
-0.020597
-0.095606
-0.011380
0.019157
0.063373
0.027872
-0.025427
-0.018942
0.036759
-0.012157
-0.003220
0.023698
0.020896
-0.072674
0.029132
0.051726
-0.037685
-0.086081
0.002103
0.004925
-0.047228
0.009049
0.076616
-0.031684
0.033049
-0.005594
0.025133
0.022416
-0.034108
0.007327
0.005245
-0.053051
-0.071443
0.008703
-0.052844
-0.052400
-0.064182
-0.054244
-0.044807
-0.012065
-0.000171
0.016416
0.062651
-0.050254
-0.111005
-0.016716
0.026476
-0.056858
0.051410
-0.099411
-0.044305
0.061380
-0.016247
0.106369
0.060769
-0.032479
0.061705
-0.046488
0.100351
-0.006319
0.021309
0.031531
-0.024265
0.051547
-0.025265
-0.011943
0.024568
-0.052778
-0.033274
0.027807
-0.016735
-0.020797
-0.023321
-0.007530
-0.008101
0.003323
-0.082073
-0.124249
0.041867
0.072811
0.008791
-0.037135
-0.072422
-0.098712
0.027453
-0.012916
0.043642
0.053529
0.004162
0.069468
0.050734
-0.018668
-0.025491
0.047198
0.090742
0.008157
0.067390
0.054066
0.037095
0.015778
-0.052723
-0.138218
-0.070981
-0.039215
-0.038120
0.012041
-0.047358
0.016630
0.026031
0.007041
0.023177
0.029074
-0.063528
-0.009328
0.023345
-0.024847
0.028585
-0.087620
-0.064486
-0.028627
-0.032521
-0.012720
0.010742
-0.034314
0.046231
0.006819
-0.168951
-0.026242
-0.030282
0.006502
0.015350
-0.055040
0.020061
0.080213
-0.043126
-0.020465
0.031855
-0.023494
-0.006749
0.082481
0.019518
0.011948
0.016200
-0.050839
-0.028460
-0.012244
-0.086584
0.026999
-0.043660
-0.006357
0.010060
0.020064
-0.007501
-0.093209
-0.012356
0.024502
-0.002648
-0.012257
0.031278
-0.000068
-0.051931
-0.037012
-0.041248
0.016147
-0.097849
-0.056809
0.005536
-0.012629
-0.035617
-0.002900
0.047292
-0.057485
-0.085895
-0.004848
0.032398
-0.052003
0.034451
0.000762
-0.006541
0.148166
0.012436
0.004926
0.042585
-0.025029
0.049380
-0.006397
0.054866
0.094604
0.076019
0.001663
-0.085867
0.049159
0.010686
-0.010247
0.032671
-0.009832
-0.065762
-0.062313
-0.011357
-0.028438
-0.027493
-0.037334
0.029265
0.027433
-0.001589
-0.007108
-0.054388
-0.052356
-0.039789
0.041403
-0.012242
-0.100623
0.027899
0.055612
-0.053733
0.128579
0.055435
0.046344
0.045111
0.003591
0.017991
-0.064491
0.004241
0.032680
-0.027902
-0.040557
-0.017880
-0.013048
0.024151
0.095512
0.048953
0.028697
0.052972
0.066175
-0.045173
-0.068056
0.015446
-0.075320
-0.051509
-0.008822
-0.021649
-0.121834
-0.017116
0.020013
-0.032077
0.034437
-0.054944
-0.084465
0.047633
-0.015268
-0.080117
-0.021708
0.011366
-0.040256
0.000059
0.002262
0.058057
-0.045931
0.017745
-0.009190
-0.030716
-0.029640
-0.027483
-0.074731
-0.054563
-0.083850
-0.035062
-0.033235
-0.052315
-0.040319
-0.095887
-0.052661
-0.022868
0.069917
-0.000284
0.050932
0.075658
0.016362
0.037137
-0.046589
0.091136
-0.001330
-0.080342
-0.040393
-0.042510
-0.046183
-0.087340
0.039944
-0.092818
0.007558
0.148619
-0.098768
-0.040476
0.021316
-0.030381
-0.066729
0.036182
0.033370
0.067355
-0.005297
0.060942
0.007827
0.003550
0.055026
-0.025649
-0.021412
0.026663
-0.023421
0.039512
-0.032516
-0.026613
-0.025626
0.024143
0.027142
0.022654
0.045626
0.038248
0.021055
-0.043101
-0.020193
-0.077907
-0.052409
-0.015054
-0.034249
-0.016937
-0.034627
0.046204
-0.046660
0.012549
0.015999
-0.075798
-0.007529
0.021701
0.047968
0.090553
0.076480
0.078299
0.043634
0.019970
0.041674
0.028221
-0.034624
0.017683
0.045044
-0.028030
-0.013490
0.017860
0.036090
0.047685
-0.065880
0.015035
0.009278
-0.024147
0.038633
-0.025893
-0.014521
0.005589
-0.008307
-0.019421
-0.024532
0.024792
-0.064945
0.036545
0.056913
0.037550
0.053730
0.012719
-0.011029
0.025083
-0.103688
-0.057474
0.067771
0.064387
0.025680
0.033139
-0.046406
0.005136
0.044260
-0.034386
0.033991
0.078655
0.097157
0.034130
0.116586
0.020427
0.042286
0.063629
-0.045518
0.065822
-0.059306
0.101356
0.097039
0.022636
0.070368
0.009969
0.020955
0.093364
0.103198
0.131145
0.084948
-0.001279
0.046673
0.069754
0.038020
-0.030771
0.074089
0.044504
0.045880
0.053845
0.058443
-0.003555
-0.027709
-0.060888
0.000764
0.067488
-0.025687
-0.058567
0.039359
-0.041925
0.026868
-0.030821
-0.053977
-0.004189
-0.037953
-0.017496
-0.018314
-0.016970
-0.051419
-0.011024
0.022541
-0.030369
-0.026900
-0.090511
0.025604
-0.044708
-0.091165
0.003349
-0.054393
0.032913
0.035009
0.050968
0.019038
0.002770
0.003410
0.044888
0.039032
-0.055016
-0.048679
-0.077972
-0.004216
0.063858
-0.028271
-0.054571
0.036284
-0.082902
0.015237
0.033624
-0.100705
-0.092628
-0.037911
-0.022514
-0.054082
-0.038100
0.006797
-0.097787
-0.028443
-0.062419
0.073170
0.085268
-0.027724
-0.003962
-0.055720
0.063674
-0.001939
0.001886
0.014859
-0.108871
-0.006367
0.050646
0.035879
0.091657
0.030607
0.022616
-0.054655
0.053885
0.002738
0.018054
-0.001353
-0.085748
-0.005509
-0.013277
-0.004287
0.039716
0.038901
0.048077
0.055764
-0.004583
0.002084
0.020077
0.024779
-0.034106
0.001111
0.022347
-0.010087
0.077510
0.061781
-0.002291
-0.029205
-0.016670
-0.022267
-0.027589
-0.066834
0.003962
-0.007016
-0.065109
0.072297
0.056644
0.000812
0.024980
0.022279
0.069520
-0.007147
0.107567
0.000606
-0.065075
-0.049916
-0.076358
-0.022748
-0.013653
-0.049250
-0.053118
-0.047070
0.009198
0.052069
0.006780
-0.063795
0.017461
0.063196
0.066119
-0.068104
-0.041309
0.020678
-0.080874
-0.020718
0.004537
0.067988
0.019308
0.028646
0.010397
-0.000779
-0.003797
0.041833
0.093945
0.012827
0.011023
0.008438
-0.029550
0.024848
-0.041629
0.023378
-0.022404
0.002955
-0.011091
0.031812
0.034648
-0.050972
0.027237
0.008172
0.019915
0.008401
-0.048901
0.025891
-0.030191
0.074603
-0.068568
-0.032160
0.041598
-0.080928
0.060177
0.041970
-0.021794
-0.085580
-0.010896
0.029841
-0.062839
-0.032278
-0.043897
-0.023521
-0.104372
-0.020930
-0.073190
-0.037975
-0.040662
-0.049610
0.036672
-0.069484
-0.038580
0.002780
-0.045974
-0.054643
0.058778
0.007298
0.019484
0.142576
0.026172
-0.007384
-0.021486
-0.014509
0.008431
0.067612
-0.040951
-0.107388
-0.043937
-0.040895
0.032613
-0.016400
0.021901
0.070300
0.014096
0.054801
-0.038485
-0.051483
-0.085925
-0.132372
-0.069203
-0.023541
-0.032892
-0.019487
-0.133843
-0.059398
0.113297
0.020914
0.003064
0.029185
0.046948
0.040220
-0.017096
-0.048470
-0.064860
-0.012875
-0.021861
0.034353
-0.053603
-0.006060
-0.029461
-0.035464
-0.033467
-0.007747
0.088343
-0.021694
0.050297
-0.031456
-0.000164
0.024877
0.010440
0.078792
0.025410
0.056931
-0.002590
0.043011
0.091557
0.039796
0.037741
0.077856
0.066277
0.032625
-0.028005
0.007903
0.011664
0.011408
-0.037576
-0.005841
-0.013313
-0.010003
0.014291
0.055741
0.052701
0.047016
0.069204
-0.015009
-0.028564
-0.012524
-0.033064
0.074580
0.022969
-0.061897
0.047696
0.015528
0.032056
0.033054
0.022879
0.036709
0.038289
-0.018385
-0.020791
-0.048417
0.017661
0.011626
-0.026982
-0.019656
-0.045733
-0.012273
0.089260
-0.097808
-0.007016
0.073113
-0.106855
0.017703
-0.004130
-0.067827
0.067509
-0.076238
-0.022420
0.021291
-0.070124
-0.043996
-0.032362
0.019566
0.038751
0.028859
-0.018557
0.058011
-0.016871
-0.066215
0.083302
0.014028
-0.095765
0.007182
-0.017950
0.025337
-0.018243
-0.015062
0.018670
0.030415
0.044463
-0.017680
0.031151
-0.005483
0.023498
0.001225
0.051963
0.007207
-0.021720
-0.009883
-0.023494
-0.019105
-0.115832
-0.022121
0.055193
0.033619
0.065066
0.001083
-0.071112
-0.014996
0.070139
0.010600
0.014344
-0.037126
-0.012555
0.001041
-0.045303
-0.045807
0.027682
-0.021234
0.074662
-0.023900
-0.036058
-0.006711
0.003144
-0.066241
-0.000711
0.025402
-0.073587
0.018826
-0.035904
-0.039199
0.028511
-0.007516
-0.032699
-0.009551
0.007135
-0.093210
-0.077176
0.030951
0.060797
0.038160
-0.052410
0.005737
0.033471
-0.066506
0.027329
-0.055393
-0.004508
-0.103017
-0.036505
-0.030725
-0.065287
0.025593
-0.029584
-0.022015
-0.012556
0.005914
0.004217
-0.064956
-0.042418
-0.053438
-0.058962
-0.029261
0.028085
0.054388
0.062383
0.024348
0.043037
0.110003
0.012835
0.018990
0.013253
-0.041752
-0.012628
0.044458
-0.004275
-0.004860
0.058516
-0.023327
-0.017812
-0.009758
0.091512
-0.037816
-0.044844
0.007025
-0.054625
-0.005780
-0.018328
-0.065881
-0.120621
0.020257
-0.011561
-0.000211
0.018076
-0.039193
-0.105488
-0.044114
-0.049409
-0.054817
-0.053450
-0.077424
0.034620
0.028398
-0.027055
0.004745
0.060329
-0.032852
-0.086620
-0.071749
-0.016045
0.017685
0.047737
-0.032361
-0.004672
0.004655
-0.066105
-0.020978
-0.020645
-0.107742
-0.016527
-0.039925
-0.003060
-0.071912
-0.070744
0.032172
-0.003965
-0.053069
0.044994
0.018423
0.050396
0.077332
0.032397
-0.010906
-0.079248
0.045906
-0.043242
-0.022726
-0.009648
0.072534
0.079333
0.013583
0.117472
0.050414
0.117925
0.031346
-0.051074
0.052574
0.066536
-0.026861
0.005115
0.087695
0.054494
-0.018468
0.008507
-0.040450
-0.050555
-0.089253
-0.002683
-0.064073
-0.129340
0.040514
0.007938
-0.024960
0.033230
0.059380
0.004468
-0.073712
-0.085053
0.006207
-0.078143
-0.004075
-0.010580
-0.011323
-0.042800
-0.031905
0.072040
0.025561
-0.070680
-0.053486
-0.006766
0.009493
-0.094521
-0.074319
-0.051587
0.036799
-0.002481
-0.001434
0.002284
0.015115
0.044048
0.024294
0.011336
-0.055026
-0.005580
0.074912
0.086663
0.007247
-0.021928
-0.005407
-0.002256
0.022274
0.018383
0.012081
0.027585
-0.011644
0.010795
0.013846
-0.036430
-0.030318
0.073388
-0.031952
-0.056966
-0.027021
-0.057091
-0.030301
0.015667
-0.009206
-0.040086
0.015894
0.055631
0.054957
-0.011464
-0.013993
0.031889
0.020760
0.038121
0.060692
-0.009792
-0.046245
-0.037971
0.009735
0.028583
0.022817
-0.003064
-0.007616
0.075739
-0.035818
-0.011630
0.032868
-0.041446
0.041320
0.052305
0.008866
0.073064
-0.015948
-0.011935
-0.027365
-0.020800
-0.023740
-0.008165
-0.040134
-0.053657
0.084624
-0.046872
-0.013980
0.044504
0.015177
0.036089
0.029326
-0.078045
-0.014409
0.027548
0.028041
0.025606
0.064440
0.021202
0.098489
-0.074765
-0.041831
-0.011408
-0.034655
-0.051846
-0.013500
-0.012399
-0.045848
-0.031068
-0.014002
-0.031209
-0.001916
-0.042131
0.011966
0.023821
-0.108841
-0.004590
0.068990
0.144349
0.059110
-0.032411
0.017298
0.092976
0.053416
0.004548
0.000966
0.030278
0.003902
-0.057210
-0.004944
-0.031435
0.041478
0.048742
-0.013989
0.049903
-0.018556
-0.047688
-0.007688
0.022346
-0.094589
-0.020214
0.041700
-0.046936
0.059282
0.026752
0.013496
0.024678
0.095239
0.035971
0.049995
0.072638
0.054597
0.066833
0.053537
-0.021209
-0.027175
-0.049345
0.075241
-0.007808
0.018212
0.018695
-0.021468
0.025413
-0.047501
-0.073092
-0.035833
-0.011618
0.038240
0.013536
-0.123780
-0.027048
-0.080894
-0.034684
-0.047656
-0.039883
-0.052307
-0.039755
-0.039769
-0.033579
-0.063364
-0.061128
-0.046837
-0.010472
0.041784
0.008684
0.047220
0.054218
0.026890
0.006907
-0.005847
0.019029
-0.153788
-0.058359
-0.026438
-0.086639
-0.010369
0.004062
-0.012175
0.106766
0.085101
-0.035963
0.024521
0.076753
-0.004596
-0.089793
0.009042
-0.002010
0.010094
0.036553
-0.017240
0.012345
-0.034773
-0.018462
-0.008844
-0.021808
-0.024209
-0.025222
-0.090403
0.012423
-0.017320
-0.023919
-0.009303
0.036342
-0.008675
-0.009107
0.003390
-0.007333
-0.035293
-0.090997
-0.043310
0.000556
0.027121
-0.083239
0.077224
-0.065262
-0.114778
-0.037731
-0.090504
-0.044784
0.020034
0.011681
0.039936
0.080641
0.056922
-0.028845
-0.040479
0.040159
0.012321
-0.097064
-0.029032
0.071348
-0.042380
-0.013817
0.021018
-0.002017
-0.016437
-0.052965
-0.050944
0.016848
-0.070286
-0.023966
-0.065986
-0.096563
-0.060083
-0.049470
-0.024044
-0.070589
0.055976
0.097217
0.018683
0.072969
0.045972
0.012428
0.010367
0.028483
-0.065227
-0.054831
-0.045019
0.010737
0.086405
0.040501
-0.005711
0.013280
0.019625
-0.000402
0.006334
0.051405
0.053303
0.000647
0.023493
-0.019280
0.054292
0.027087
-0.042199
0.019217
-0.031330
-0.042026
-0.036362
-0.136074
0.035177
0.055809
0.022391
0.067828
0.023066
0.043020
0.066875
0.040411
0.028140
0.018180
-0.009208
-0.026960
-0.008840
0.001751
-0.006177
-0.125896
0.061322
0.014777
-0.166005
0.048994
0.032924
-0.029792
0.010788
-0.052664
0.011037
-0.003662
-0.099363
0.003166
-0.030136
0.052342
-0.057534
-0.036631
-0.003029
-0.026579
-0.025552
-0.054691
-0.003176
-0.007402
-0.030734
-0.027341
0.031386
0.025351
-0.026239
0.037752
-0.012548
-0.051871
-0.116396
-0.038668
0.014234
-0.033612
0.070894
0.015149
-0.069954
0.001176
0.066812
0.018311
0.052087
0.171107
0.073477
-0.027927
0.039341
-0.000035
0.018576
0.024752
0.035467
-0.070620
0.007950
0.009075
-0.020818
-0.037577
-0.036225
0.033066
-0.059064
0.033987
-0.048753
-0.052876
0.088569
0.014343
0.062079
0.033992
-0.019356
0.002693
0.059084
0.055373
-0.037299
0.034162
0.076798
-0.012006
0.025981
0.037915
0.007874
0.082040
0.040512
0.049920
0.092155
0.046417
-0.018775
-0.065862
0.039200
0.073642
0.002090
-0.056327
0.035695
0.052514
0.008762
0.032468
-0.023652
-0.059454
-0.001690
-0.049963
-0.100245
-0.047255
-0.056368
-0.003711
-0.069305
0.008484
0.034537
0.033178
0.003218
0.003336
-0.031864
-0.055499
-0.004243
0.074123
0.038490
-0.149361
-0.016459
-0.022817
-0.068618
-0.046595
-0.006297
0.034262
-0.083025
-0.046555
0.082219
0.011545
0.043113
0.049630
-0.016450
0.028228
0.046323
-0.036258
-0.001535
0.048052
0.004592
0.020141
0.088161
0.060126
0.059976
0.014811
0.059681
0.082160
0.021206
0.026440
0.009411
-0.060639
-0.034254
0.020604
-0.024952
0.027294
0.079995
-0.045548
-0.064625
0.025940
0.055486
0.026452
0.023330
0.013879
-0.074563
-0.013293
0.034232
0.010811
-0.054366
-0.047675
-0.007832
-0.009311
0.018254
0.026647
-0.013993
0.012991
0.046272
-0.018059
-0.040329
-0.054240
0.042953
0.088483
0.070439
0.093814
0.042450
0.022668
0.036956
0.096832
0.037886
0.035572
-0.030679
0.030749
-0.004565
-0.054868
-0.034142
-0.049068
0.020475
-0.004542
-0.053407
-0.039931
0.011613
0.083802
0.004171
0.013146
0.010396
0.006055
0.055325
-0.020555
0.002972
-0.048511
-0.012968
-0.026948
-0.003863
-0.022254
-0.060185
-0.035477
-0.090483
0.042474
0.044889
-0.009596
-0.047935
-0.060910
-0.068641
0.054039
0.002901
-0.072154
-0.077001
-0.030952
-0.083623
-0.015328
-0.060516
-0.129044
-0.009394
-0.012220
-0.058849
0.041219
0.000551
-0.122186
-0.009132
0.045162
-0.080570
0.012629
-0.073628
-0.001379
-0.034624
-0.131917
-0.087976
0.007014
-0.040349
-0.020029
0.034554
-0.005394
-0.068655
-0.076396
-0.070173
0.063074
0.006372
-0.054936
0.080841
0.077256
-0.014393
-0.004205
-0.001411
-0.073433
-0.038031
-0.032506
-0.018301
-0.025643
-0.027713
0.013292
0.006185
-0.038754
-0.073640
-0.103024
-0.054998
-0.008040
-0.010453
-0.062138
-0.061450
-0.026557
-0.051059
0.034733
-0.075067
0.005799
0.112203
0.056489
-0.018879
-0.055281
0.012956
-0.045067
-0.024118
0.005065
0.003847
0.039602
-0.004197
0.061458
0.066798
-0.026437
-0.003687
-0.037773
0.035685
-0.024652
-0.024898
0.019015
0.016291
0.002666
-0.078201
-0.005081
0.023569
-0.002035
-0.010303
0.007860
-0.035022
0.001506
0.011262
-0.105798
-0.025191
0.033516
0.026940
-0.001687
-0.030901
-0.021859
0.110037
0.010441
0.110026
0.016344
0.021414
0.076426
-0.024148
-0.078140
0.054621
0.060480
0.021763
0.040953
-0.056554
0.007058
-0.036010
-0.126346
-0.043175
-0.036543
0.000447
0.004661
-0.052026
-0.003994
-0.022900
-0.068483
-0.061546
0.017552
-0.021602
-0.078067
-0.016041
0.000082
-0.033034
-0.051257
-0.017893
-0.000854
-0.012822
0.051452
0.072200
0.015749
0.007725
0.060869
0.030811
-0.009404
-0.069612
-0.006947
-0.032366
-0.120288
-0.010295
-0.077575
0.007940
0.007045
-0.064717
-0.000072
-0.012110
-0.004308
-0.025363
0.027436
0.089253
0.010701
-0.031688
-0.048153
-0.007146
-0.012562
-0.008992
-0.042350
-0.102006
0.022124
-0.102863
-0.042616
0.012603
-0.061419
-0.029135
0.016921
-0.064806
0.042925
0.007123
-0.117180
0.047487
0.041652
-0.014734
0.056992
-0.013652
0.055485
0.048705
-0.059088
0.013195
-0.024449
-0.063649
0.078821
-0.083325
0.019028
0.034884
0.002741
0.000838
-0.055293
0.009003
0.020050
-0.029853
-0.072562
-0.010026
0.005163
-0.012977
-0.014342
-0.008660
0.015952
-0.080719
-0.088316
-0.050617
-0.102248
-0.055644
0.028958
-0.083941
-0.086444
-0.025034
-0.023069
-0.081492
-0.092319
-0.070410
-0.006371
-0.034804
-0.108925
-0.039088
0.023348
0.057587
0.020855
0.123439
0.146049
0.007481
0.018065
0.016898
0.010068
0.023415
0.012719
0.020107
0.015600
-0.022514
-0.094813
0.013840
0.100802
-0.014653
0.034126
0.112356
0.037579
0.009396
0.019339
0.035443
0.036508
-0.002241
-0.041755
-0.026425
-0.022938
0.019025
0.005222
0.045775
-0.031451
-0.033296
-0.018886
-0.035249
-0.070327
-0.066107
0.000873
-0.101476
0.005709
0.023114
-0.027826
-0.024638
0.013414
0.007517
0.021356
-0.010311
-0.007615
-0.024654
0.059132
0.080643
0.110917
0.013988
-0.097883
0.031487
0.017258
0.068082
0.105726
0.108535
0.032393
0.026167
0.132327
0.042428
0.032147
0.083200
0.001075
0.003093
0.024444
-0.007644
-0.052908
-0.049617
-0.042806
0.040345
0.014513
-0.027475
0.049279
0.067971
-0.037921
-0.005539
-0.078266
-0.062832
0.034905
-0.071222
0.031174
0.091112
0.009629
0.065859
0.051479
0.030801
-0.032050
-0.003642
-0.033485
-0.047590
0.146131
0.027192
0.106149
0.128710
-0.003551
0.048706
0.118914
-0.050598
0.071069
0.114586
0.033444
0.045464
0.068429
0.043189
0.022146
0.091382
0.023376
0.047287
0.056288
0.025597
0.088478
0.071333
0.008584
0.074761
0.086016
-0.023031
-0.099031
0.039122
0.074204
0.049808
-0.011386
-0.048400
0.009369
-0.029884
-0.003019
-0.003402
-0.088291
-0.010209
0.023611
0.054790
-0.005889
-0.020558
0.010584
0.007949
0.062606
-0.025923
0.092911
0.141536
-0.064561
-0.046864
-0.029158
-0.082720
-0.001102
-0.086872
-0.079048
0.024673
-0.029521
-0.065234
-0.072699
-0.060130
-0.026655
-0.101010
0.003494
0.046840
-0.042734
0.043404
0.093549
-0.002235
0.002900
0.078000
0.028261
0.028747
0.008919
0.031554
0.098710
0.022998
-0.022629
0.064092
-0.028053
0.043377
0.066646
0.012579
-0.037112
-0.010848
-0.005864
-0.039948
-0.028281
-0.014885
-0.029779
-0.010141
0.076295
-0.005239
0.006109
0.036470
-0.049416
-0.034335
0.068183
-0.021308
-0.030446
-0.001999
-0.046897
-0.031153
-0.027553
0.004405
-0.003327
0.026230
-0.046324
0.072501
0.055697
0.003562
0.007157
0.078027
-0.029841
0.048850
0.030066
0.024838
0.078993
0.061669
0.079153
0.051434
0.023918
-0.017761
-0.043778
-0.009023
-0.086504
-0.010927
0.000500
-0.077504
-0.049488
0.013464
0.014009
-0.087208
0.011299
0.091043
0.012413
0.072199
-0.014014
0.000539
0.039492
-0.014211
0.010107
0.059381
0.035890
0.005968
0.041724
-0.054273
-0.091350
0.012143
-0.014545
-0.050098
0.068867
-0.070621
0.003221
0.011408
0.081388
0.072903
0.012562
0.048293
0.025296
0.000766
0.006716
-0.065440
0.035799
0.007819
-0.014639
-0.080652
-0.032742
-0.082026
-0.018490
-0.077903
-0.112498
-0.089320
-0.034420
0.049860
-0.009919
0.034091
0.021517
-0.004981
-0.066250
0.027212
0.049316
-0.053470
0.049862
0.040062
-0.039256
0.058547
0.092029
-0.012703
0.026493
0.157713
0.049643
-0.031386
0.044924
-0.008187
0.071702
-0.066648
-0.023615
-0.000673
-0.007493
-0.060712
0.016603
0.051260
0.023574
-0.002419
0.032099
-0.009361
-0.080189
-0.062120
0.010810
0.013108
0.021180
0.018386
0.029006
-0.005375
-0.005429
0.066042
0.087996
0.037851
-0.046565
0.076729
0.027599
-0.044544
-0.084903
-0.045219
-0.038319
0.009653
0.000414
-0.017875
0.024857
0.074605
-0.082909
-0.010478
-0.016491
-0.020607
-0.001985
-0.014228
0.029048
-0.063064
-0.004902
0.014419
-0.042306
-0.009889
0.022679
0.073940
0.005525
0.030590
-0.048788
0.057568
0.052235
-0.019515
0.028965
0.024214
-0.005748
-0.076040
-0.040938
0.027131
-0.061017
0.049981
0.069085
0.052792
0.038593
0.085854
0.050698
-0.056162
-0.054334
-0.061914
-0.033383
-0.035823
-0.028131
-0.045793
-0.086904
-0.023867
0.044125
-0.025367
-0.027091
0.014412
-0.047226
-0.017129
-0.028072
0.025368
0.097727
0.057520
0.009276
0.031040
0.036771
-0.017909
0.015688
0.042401
0.101688
0.098914
0.080852
0.060406
0.016264
-0.000220
-0.017990
-0.090732
0.022006
0.025368
-0.049190
-0.125242
-0.019432
0.036759
-0.028446
0.044558
0.026622
0.034009
0.067524
0.034945
0.074957
0.028400
0.074446
0.126788
0.001366
-0.029382
0.004765
-0.018721
-0.006250
0.024558
-0.015375
-0.008678
0.051757
0.007019
0.049090
0.008587
0.037019
0.074190
0.009985
0.054639
0.027605
0.051945
0.027019
-0.046098
0.071931
-0.008531
-0.086019
-0.001842
0.063610
0.101487
0.013503
0.131475
-0.037512
0.060944
0.013393
-0.103204
0.008871
-0.019022
-0.012360
-0.015075
0.019110
-0.030787
-0.022580
-0.005716
0.006997
0.061409
0.018883
-0.051315
0.023925
-0.012008
-0.011459
-0.017223
-0.038833
0.009794
-0.004803
-0.032392
-0.034307
-0.095469
-0.135957
0.015357
-0.070412
-0.067965
0.079304
0.065440
0.035062
-0.013523
0.031432
0.002740
0.080443
0.050068
0.085607
0.100187
0.003575
0.003435
0.067514
0.006077
0.030345
-0.038134
0.005210
0.000790
-0.032231
-0.021042
-0.043626
0.019539
-0.001325
0.004264
-0.013147
0.008182
-0.010375
-0.023275
0.051339
0.012516
0.019181
-0.113897
-0.082870
0.043372
0.007668
0.052182
-0.031130
-0.088641
-0.113670
-0.082424
0.047983
-0.019899
-0.047668
0.008494
-0.051364
-0.038753
-0.058820
0.045684
0.070403
0.043085
0.004126
0.028133
0.051818
0.004880
0.014555
-0.024041
-0.028817
-0.050945
0.026752
-0.013639
-0.025897
-0.029534
-0.171006
0.014785
0.069316
-0.039667
-0.034272
-0.004355
-0.091089
-0.030637
0.023918
-0.037205
-0.120056
0.083514
-0.002174
-0.142793
0.071050
-0.011354
0.054758
0.040756
-0.041651
0.122348
0.030205
-0.032135
0.059895
0.044831
-0.015822
-0.029456
-0.027564
-0.021706
0.028018
-0.055419
0.012739
0.013435
-0.064771
-0.032025
0.011920
-0.120691
-0.064060
-0.060441
-0.009070
0.054670
-0.052121
-0.018982
-0.016757
-0.009476
0.001432
-0.021164
0.098505
0.009166
0.005303
0.074225
-0.076967
-0.038638
-0.018802
-0.019256
-0.021245
-0.026812
-0.007937
-0.011897
0.008684
0.063888
-0.030339
0.023784
0.036487
-0.023192
0.013586
0.001282
0.077307
-0.028920
0.028808
0.017918
0.052296
0.008880
0.034053
0.029544
-0.030803
-0.002782
-0.006809
0.010197
-0.046057
-0.078422
-0.019742
0.009043
-0.022239
-0.019365
-0.011968
0.008081
-0.003054
0.074369
0.075467
0.051348
-0.006981
-0.075603
-0.015339
0.043379
0.099231
0.092588
-0.038199
0.081629
0.048790
0.083100
-0.000523
-0.035314
0.049118
-0.022510
-0.051618
0.021701
-0.012064
0.023656
-0.116727
-0.011782
0.048170
-0.031076
-0.000568
0.037365
0.011208
-0.004288
0.006243
0.026994
-0.019448
-0.011843
-0.022225
-0.075120
-0.082824
-0.008501
-0.045309
-0.013215
0.040114
-0.005250
-0.008585
-0.030406
-0.090916
0.007272
0.027357
0.020262
-0.002172
-0.018815
0.000535
-0.020272
-0.053867
0.009453
0.038548
0.034235
-0.064715
-0.025669
-0.042444
0.043410
0.023804
-0.054629
-0.039783
-0.043432
-0.000068
-0.018945
0.030206
0.046239
0.053771
0.015011
0.002195
0.013427
0.052669
0.098516
0.058919
0.065650
0.096834
0.078729
0.055972
0.011166
0.042469
0.042195
0.020573
0.044874
0.119656
0.059650
0.041720
0.086560
0.041810
-0.050228
-0.011682
0.080498
0.016557
0.027044
0.046400
-0.008542
-0.067849
-0.022884
-0.027562
-0.036471
-0.086263
-0.067673
-0.019509
-0.071973
-0.046586
-0.028189
-0.087817
-0.097086
-0.048493
-0.060596
0.029436
-0.049707
-0.130805
-0.004266
-0.051016
-0.075464
-0.052969
-0.046803
0.019053
-0.031071
-0.044510
0.000525
0.023307
-0.054181
-0.050090
0.002138
0.015767
-0.037452
-0.024587
-0.055764
-0.079653
0.004915
-0.059635
-0.046368
-0.009027
0.061181
0.051029
-0.010167
0.032860
-0.021624
0.065350
-0.045386
-0.046762
-0.003257
0.035403
0.078439
0.064278
0.051907
-0.017256
-0.052595
0.031516
-0.033351
0.003586
0.033386
0.033721
-0.029160
-0.002600
0.126804
0.038180
0.042273
0.022662
0.010518
0.021955
-0.038678
-0.028087
-0.056700
-0.063468
-0.035122
-0.015125
-0.073958
-0.051732
0.078629
-0.076644
-0.031483
0.095162
0.025977
-0.022237
0.051990
0.105654
0.043047
0.014256
0.045029
0.056652
-0.054928
-0.095744
0.010612
-0.018166
-0.001485
0.017385
-0.044261
0.004861
0.072766
0.026884
-0.019851
0.000499
-0.057299
-0.039263
-0.026271
0.024539
0.046769
-0.063079
-0.040840
-0.051612
-0.058416
-0.003053
0.023573
-0.009527
-0.019952
0.011058
0.047058
0.121413
0.091735
-0.027976
-0.087061
0.054977
0.059154
-0.008396
0.093288
0.084513
-0.002222
0.049841
0.013702
0.014481
-0.001135
-0.057431
-0.038709
-0.015587
-0.046597
0.006864
0.024494
-0.007022
0.035540
0.005334
-0.014219
0.023711
0.014556
-0.055121
-0.039812
-0.045124
0.069760
0.110004
0.092031
0.113428
0.058416
0.115714
0.048752
0.034234
0.142517
-0.016998
-0.076013
0.034709
0.010499
0.006590
0.080095
0.007269
-0.004007
-0.035205
-0.050035
-0.044566
-0.008176
-0.068541
-0.121543
-0.038662
-0.014705
-0.000638
-0.026448
-0.006453
0.019238
-0.089837
-0.011200
0.017513
0.034092
0.002470
-0.013557
0.038574
0.013576
0.039619
-0.038267
-0.030549
-0.035249
-0.035655
0.083716
0.053206
0.036585
0.001896
0.008197
-0.048082
-0.151872
-0.034849
0.025613
-0.099025
-0.041396
0.053243
0.051960
0.060805
0.041664
0.006857
0.017554
-0.038197
-0.044527
0.020039
0.038787
0.007562
-0.024210
-0.029352
0.031842
0.083949
0.003536
0.038133
0.027394
0.005053
-0.095418
-0.057601
0.049653
-0.073620
0.037515
-0.038050
-0.085814
0.017336
0.044001
0.011599
0.022795
-0.056293
-0.032205
-0.019210
-0.007745
-0.051917
-0.093851
-0.113346
-0.052403
-0.047462
-0.034784
0.043468
0.023899
-0.088511
-0.005346
-0.050847
-0.041622
0.046703
-0.037848
0.052232
0.035874
0.039482
0.053739
-0.008853
0.011791
-0.027077
0.007836
0.054569
-0.019643
-0.047435
0.075361
-0.021481
-0.028234
0.019721
-0.060970
0.005953
-0.137045
-0.079338
-0.010521
-0.082086
0.047313
0.069036
-0.023840
-0.034833
-0.021162
0.003470
-0.078391
-0.025350
-0.044207
-0.077577
0.008368
-0.108265
-0.025644
-0.070022
0.065718
-0.086102
-0.071592
0.019228
-0.093901
-0.017841
0.044247
0.014699
-0.017714
-0.016427
-0.029274
-0.017668
0.017413
-0.042602
-0.026742
0.023377
-0.027093
-0.031351
-0.051616
-0.018105
-0.010671
-0.057107
-0.098709
-0.074281
-0.010840
-0.081610
0.012372
0.033018
-0.102924
0.003360
-0.052128
-0.037247
-0.020763
0.034392
-0.026719
0.088312
0.158349
0.001345
0.023370
-0.031652
0.050065
-0.020474
-0.033850
0.047173
0.022717
-0.063298
0.015766
-0.035190
-0.004876
0.086498
-0.002219
-0.073094
0.051874
-0.030438
0.022280
-0.045281
-0.035517
0.039839
-0.015735
0.049043
0.072149
0.041312
-0.004831
0.006489
0.057456
-0.001345
0.014677
0.031330
0.028473
0.031271
-0.097710
-0.043474
-0.034258
-0.117699
-0.061457
0.018082
0.005807
0.034056
0.046124
-0.057206
-0.015371
-0.019410
-0.021345
-0.052087
-0.042193
0.014467
0.047557
-0.061823
0.031223
0.045620
-0.041138
0.049903
0.023020
0.032856
0.059232
-0.038951
-0.025695
0.012294
0.078999
-0.021347
0.008604
0.077460
0.032449
-0.013891
0.004508
0.093711
-0.098317
-0.088511
-0.102462
-0.009276
0.056198
0.020797
0.075536
0.043226
-0.035957
0.060609
0.008483
-0.060669
-0.012366
-0.069102
-0.038683
-0.030050
-0.028474
-0.028906
-0.022088
0.021661
0.026377
-0.042670
-0.011247
0.072608
-0.102021
-0.022549
0.024646
-0.085433
0.074600
-0.010884
-0.072021
0.023183
-0.070825
0.062069
0.015279
-0.052301
0.036039
-0.026428
0.080233
0.013682
0.042886
0.030948
0.001794
0.012611
-0.058185
0.078942
0.028640
-0.053143
-0.045528
-0.063641
-0.028801
-0.009807
-0.010345
-0.019750
-0.022855
-0.033986
-0.032980
-0.046511
-0.032468
0.029550
-0.017430
0.010853
0.003760
-0.078895
0.049541
0.009641
0.040048
-0.039927
0.012621
0.026291
-0.048500
-0.018685
-0.002130
0.003052
0.062514
0.060258
-0.011168
-0.041666
0.032779
0.045836
-0.014613
-0.040531
-0.051992
-0.020100
-0.033583
0.032762
0.082131
-0.020646
-0.015279
-0.068004
-0.050390
-0.048609
-0.000972
-0.056676
-0.008254
0.049731
-0.003303
-0.042052
0.009430
-0.023203
-0.041913
-0.020258
0.036301
0.091179
-0.011202
-0.027512
0.030043
-0.064483
-0.013528
0.017624
-0.012582
0.072160
0.099085
0.063291
0.061454
0.027415
0.003960
0.024140
0.004856
-0.035100
-0.021154
0.015666
0.066687
0.023525
0.074055
0.042230
0.029088
0.042919
0.027462
0.028649
0.014956
0.015834
0.074680
0.026361
-0.057833
-0.053337
-0.005091
-0.028373
0.011391
0.008835
-0.012550
-0.042769
0.000851
-0.117066
-0.112829
-0.016727
0.013430
-0.036525
0.075528
0.072933
-0.014934
-0.062670
-0.024208
0.059812
0.078979
