1.941044
0.928539
0.863760
0.465406
0.383317
0.393003
0.207521
0.327269
0.269196
0.184937
0.171745
0.017995
0.233790
0.225890
0.169148
0.171327
0.113501
0.132025
0.161398
0.188395
0.169713
0.158070
0.087169
0.106624
0.177453
0.212778
0.164185
0.087800
0.206081
0.142270
0.091305
0.133766
0.129363
-0.008824
0.066713
-0.028742
-0.042517
0.100040
0.019193
0.092745
0.108056
0.097726
0.027701
0.007311
0.032879
0.132226
0.133692
0.157323
0.168211
0.100222
0.040580
0.128306
0.069372
-0.008592
0.071357
0.130568
0.047633
0.082007
0.022375
0.066997
0.042200
0.095840
0.134545
0.004741
0.030459
0.086062
0.076111
0.082077
0.159208
0.071588
0.059997
0.084430
0.048035
0.022820
0.091209
0.064019
0.066941
0.067244
0.047412
0.032603
0.052655
0.118798
0.135093
0.206162
0.121712
0.164875
0.080820
0.104830
0.064736
-0.020344
0.055752
0.082793
0.043737
0.042157
0.052536
0.054076
0.045804
0.044723
0.003613
0.065200
0.071381
0.031884
0.042139
0.026166
0.097052
0.104057
0.000817
0.002428
0.097902
0.039551
0.006230
0.059590
0.019648
0.010561
0.007277
-0.012826
0.025724
0.097901
0.045773
0.066892
0.164540
0.133656
-0.041850
0.083378
0.148733
-0.043312
-0.020618
0.104068
0.050307
0.090691
0.054441
-0.017482
0.055452
0.096618
-0.015083
0.063271
0.112319
0.112670
0.050007
-0.007187
-0.001446
0.048751
0.121109
0.056450
0.062917
0.038975
0.040371
0.015632
-0.043325
-0.037771
0.099840
0.001109
0.029791
-0.001094
0.023824
-0.018322
-0.033091
0.072662
0.005095
0.003448
0.006370
0.052275
0.012421
-0.043469
0.017487
0.031726
0.071979
0.037033
0.026293
0.063660
-0.004385
0.017268
0.029345
0.019026
-0.002782
-0.005217
0.074973
0.060239
0.029152
0.087484
0.030193
-0.020134
0.036927
0.036492
0.030451
0.023574
0.059622
0.139243
0.077904
0.026828
0.070306
0.063718
0.008912
-0.006550
0.142820
0.060994
-0.002803
-0.044025
-0.026471
0.018531
0.073328
0.029718
0.054725
0.137425
0.043954
-0.007743
-0.019429
-0.056557
0.115918
0.105270
0.047244
0.033747
0.062647
0.028903
0.044672
0.073876
0.074883
0.124722
0.144565
0.133556
0.020588
0.060434
0.020833
0.040420
0.080499
0.040448
0.065695
0.055739
0.079945
0.083009
0.058756
-0.075277
-0.024986
0.094443
-0.042979
0.038258
0.049401
-0.045512
-0.021759
-0.036237
0.095020
0.052160
0.008306
0.030668
-0.051412
-0.004652
0.019178
0.068974
0.093290
0.062361
0.164792
0.100044
0.048722
0.072682
0.101193
0.125217
0.084596
0.024144
0.070587
0.019123
-0.028101
0.070501
0.083479
0.042425
0.009683
0.013629
0.021153
0.055543
-0.060450
-0.018981
0.030970
0.060499
0.065290
-0.017465
0.049875
0.005722
-0.005314
0.012113
0.026073
-0.018899
-0.044911
-0.022753
0.016518
-0.007250
0.020754
0.088894
0.022567
0.037428
0.110673
0.031851
0.078769
0.031756
0.022311
0.006726
0.014512
0.036793
0.074912
0.048308
-0.014855
0.025306
0.072189
-0.004992
0.009999
0.031210
-0.000793
-0.012214
0.034342
0.069802
0.012493
0.135227
0.091971
0.030084
0.022557
-0.013653
0.044460
-0.043609
0.001183
0.064001
-0.008826
0.004535
0.072349
0.014472
0.013337
0.047992
0.066175
0.013156
0.028102
0.028531
0.070023
0.092947
-0.028592
-0.083128
0.070990
0.069332
0.024813
0.073353
0.017083
-0.075586
0.034807
0.072964
0.024074
0.079478
0.084490
0.033868
0.021366
0.097227
0.073186
-0.043787
0.018894
0.023003
0.058827
0.083413
0.017283
0.045462
0.004550
-0.035365
0.053104
0.045396
0.102746
0.025710
-0.013387
-0.015216
-0.034321
0.100222
0.092592
-0.014513
0.057870
0.027423
0.053396
0.032776
0.110536
0.074368
0.025601
0.060490
-0.008727
0.003886
0.079455
0.023151
0.024219
0.040433
0.081248
0.123277
0.051136
0.006844
0.009243
0.020721
0.067279
0.076743
0.000961
-0.028223
-0.056235
0.031920
0.055950
0.058333
0.081318
0.083387
0.051705
0.079218
-0.023303
-0.078955
0.043884
0.010022
-0.011301
0.067823
0.032923
0.051340
0.140118
0.080040
0.155496
0.043600
0.000279
0.116080
0.072619
0.104255
0.103059
-0.044014
0.021714
0.025238
-0.023235
-0.029852
-0.066124
-0.040684
0.022103
0.007752
-0.035100
-0.023090
-0.097048
-0.077106
-0.099020
0.020863
0.002863
-0.080747
0.026301
0.047871
-0.072364
-0.000721
0.023299
0.148009
0.120535
-0.004433
0.062365
0.016375
0.030340
0.049320
0.058463
0.020785
0.006023
0.071014
0.031887
-0.028693
0.048546
0.043814
0.128252
0.062291
0.166467
0.082048
0.046194
0.104491
0.045964
0.110067
0.094607
0.042898
0.010519
0.054732
0.104029
-0.005564
0.118863
0.168034
0.016423
-0.008060
0.080361
0.084181
0.030401
-0.002732
0.008795
0.074648
-0.016490
0.032459
0.102288
0.039141
0.034475
0.073993
0.034627
0.001301
0.062181
0.064927
0.071367
0.060819
0.089649
-0.001861
-0.008662
0.072921
0.065300
0.059224
0.028059
0.140359
0.080402
-0.034551
0.007997
0.044381
0.061821
0.022226
0.013770
0.084449
-0.045639
-0.102798
-0.000579
-0.047353
-0.072083
0.020180
0.003275
-0.032545
0.027970
-0.054009
0.052939
0.004871
-0.061623
0.041430
-0.000845
0.018432
0.070716
0.055934
-0.034905
-0.036312
0.038616
-0.002462
-0.005551
0.030590
-0.042981
-0.025773
-0.011616
-0.056151
0.105579
-0.028802
0.060552
-0.004209
0.004769
0.001065
-0.011981
0.026234
-0.087339
-0.118950
-0.109926
0.034828
0.072749
0.016859
0.064816
-0.024808
0.006517
-0.004957
0.006904
0.059129
0.027607
0.025504
0.009289
0.031950
0.075275
0.034158
0.014497
0.076589
0.019061
-0.043706
-0.018381
0.039045
0.098974
0.025592
0.078533
0.074631
0.042086
0.071533
0.057020
0.043558
-0.033950
0.067248
0.085820
0.082070
-0.047285
-0.001025
0.095653
0.029517
0.114164
0.135911
0.069863
0.096483
0.017845
-0.064039
0.019670
0.046609
-0.011530
0.115922
0.015529
0.076034
0.118244
0.062139
-0.039348
-0.035201
0.075040
0.017345
0.030808
-0.059382
-0.024808
-0.059000
0.046046
0.105991
-0.041371
0.025125
0.035803
0.078110
0.054030
0.025000
0.053346
0.108739
-0.030794
-0.025031
-0.002502
-0.003552
-0.110049
0.010821
0.063218
-0.018074
0.028354
0.036813
0.079959
0.071732
-0.016548
0.029606
0.013365
0.069071
0.045342
0.013447
0.008564
0.046423
0.053649
0.010327
0.060990
0.075241
0.078585
0.025682
0.051994
0.012998
-0.029852
0.021926
-0.012569
0.097526
0.067689
-0.093341
-0.036424
0.102497
0.010492
-0.023924
0.009026
-0.076545
-0.059717
0.006612
0.009415
0.003697
0.048783
0.013820
-0.002288
0.007148
0.047678
0.080838
0.044881
0.143351
0.100125
0.014279
0.065309
0.075641
-0.036331
0.056759
0.044269
0.018884
0.056059
0.030297
-0.023284
0.059898
0.128349
0.037844
0.052522
0.009533
-0.003678
0.074610
-0.026612
-0.023794
0.035778
0.006411
0.101538
0.065733
0.033326
0.058372
0.061965
0.068992
0.073832
0.114814
0.086762
0.030927
0.044159
0.075300
0.010420
-0.008325
0.054310
0.055603
-0.034821
-0.056883
0.010227
-0.017490
0.025078
0.084311
0.040115
0.027895
-0.005224
-0.058716
-0.078051
-0.006261
0.027640
-0.028332
0.109539
-0.010494
0.053871
0.053190
-0.040731
0.023511
-0.055084
0.061005
0.089480
0.038449
0.024077
0.065579
0.060456
0.106524
0.117885
0.095634
0.036154
0.033644
0.114662
0.047923
0.109256
0.131560
0.063239
-0.051058
0.004186
0.018327
0.100572
0.093709
0.145908
0.022669
-0.006118
-0.002628
0.017894
0.013628
0.046997
0.006398
-0.035815
0.008373
0.053550
0.057759
0.051922
0.095326
0.034022
-0.074509
0.022835
-0.024176
0.032226
0.044915
0.025916
0.040974
0.049036
0.010383
-0.066469
-0.010174
-0.042699
0.020484
-0.020196
0.068870
-0.020021
-0.010537
0.012404
-0.076301
0.066873
0.009399
0.052306
0.098928
0.018709
0.022059
-0.055124
-0.029547
0.003201
-0.030587
-0.032328
-0.088391
-0.046096
-0.006475
0.044850
0.031619
-0.037792
0.016219
-0.004238
-0.012353
-0.015150
0.046245
0.083472
-0.049827
-0.023266
0.044527
-0.006464
-0.018783
-0.036379
0.004632
-0.016908
-0.031892
-0.035580
0.008261
0.018020
-0.053553
0.083276
0.046376
-0.052923
-0.000192
-0.014795
0.043678
0.066549
-0.059406
0.022538
-0.083567
-0.069829
-0.013876
0.009256
0.052829
-0.020703
0.040369
-0.014973
-0.029121
0.013184
0.035620
0.023836
0.033565
0.077302
-0.043691
-0.016046
-0.031125
-0.003739
0.062088
0.010914
-0.030098
0.049763
-0.119233
-0.064250
0.025842
-0.102060
-0.050683
0.012430
-0.048422
-0.071443
-0.020781
-0.125222
-0.082118
0.060425
-0.038102
-0.045340
0.037510
0.038752
0.068457
0.073204
0.045940
0.028186
0.084000
0.000166
0.008573
0.046209
0.036050
-0.071890
0.023369
0.000821
-0.030890
0.073940
-0.010935
0.099139
0.180678
0.056324
0.073297
0.029296
0.016410
0.057811
-0.011461
0.055302
0.009937
-0.034121
0.089105
0.025887
-0.016045
0.028025
0.006740
0.077929
-0.069502
0.015034
-0.008879
-0.003160
0.025343
0.060904
0.075167
0.030505
0.058604
0.100284
0.130781
0.030097
-0.001401
0.070776
-0.045685
0.004339
0.105685
0.013278
-0.026826
0.044591
0.003632
0.058408
0.000815
0.066774
0.015361
0.132136
0.151729
0.044971
-0.006468
-0.056202
-0.047406
-0.028448
-0.053774
-0.028496
0.027765
0.110281
-0.031385
0.020456
0.036529
-0.055894
0.061557
0.024472
0.000114
0.020782
-0.018232
0.010324
-0.001863
0.111261
0.108882
-0.047752
-0.033922
0.068775
0.070268
-0.054326
-0.003930
-0.020120
-0.035336
-0.005115
-0.017393
0.069236
-0.029941
0.041444
0.039524
0.001317
0.033930
0.060165
0.061400
0.065118
0.005935
-0.055039
0.049450
-0.070809
-0.005553
0.108291
0.060031
0.077852
0.008677
0.111827
0.028061
-0.050006
0.034221
0.009948
0.031791
0.005076
0.019987
0.093238
0.122693
0.081127
0.086139
0.022278
-0.013981
0.000483
0.087462
0.038621
-0.044269
0.055493
0.010107
0.073550
0.074603
0.023134
0.030695
0.025114
0.052580
0.089567
0.026649
-0.010597
0.015570
0.011764
0.069740
0.008263
0.011011
0.008081
0.032236
0.000493
-0.002882
0.066418
0.000541
0.093931
0.052376
-0.049907
-0.025693
-0.072179
-0.005450
0.048703
0.056780
0.046133
-0.013804
-0.048395
0.015211
0.066078
0.020872
0.069902
0.015352
0.025077
0.016548
-0.011559
-0.032694
0.031981
-0.019270
-0.104189
0.015414
0.008723
0.075879
0.022048
-0.123086
-0.036930
-0.017229
-0.053235
-0.024049
-0.041277
0.025762
0.003125
0.064279
-0.003407
0.013621
0.061094
0.071446
0.037051
0.052267
0.066099
0.051733
-0.043775
0.020945
0.025038
-0.003782
0.017920
0.101057
0.064117
-0.026307
0.066249
0.132228
-0.006740
-0.016331
0.017019
-0.001353
-0.012389
0.022485
-0.043180
-0.023358
0.016284
-0.044882
-0.037847
0.090698
0.120478
0.092186
0.085431
0.072475
-0.037896
-0.062219
0.059983
0.024058
-0.026886
0.021427
0.013855
-0.005091
0.024619
-0.021177
0.010548
0.092415
-0.017966
0.027694
0.036842
0.000879
0.052328
0.001217
-0.057043
-0.001553
0.051069
0.012537
0.051422
0.039588
0.021184
-0.029629
-0.043855
-0.046061
-0.012812
0.070904
0.038630
0.067623
0.022563
0.055985
0.036928
-0.103408
0.085523
0.046059
0.010356
0.058084
0.032191
0.012126
-0.019847
0.011517
-0.003996
0.003698
0.030668
-0.032218
0.078363
0.099582
0.047747
-0.042484
0.009435
0.063541
0.014706
0.034527
-0.003466
0.066688
0.113039
0.035288
-0.020742
-0.004194
0.020091
-0.023093
0.013114
-0.027215
-0.023266
0.025629
0.077934
0.027467
0.068527
0.090174
0.036661
-0.036408
0.041942
0.064113
0.032733
-0.023912
0.015494
0.030744
0.037435
-0.007009
0.014033
0.001202
0.033088
-0.033548
-0.014447
0.079212
0.008072
0.130428
0.016539
0.006615
0.068167
-0.049656
0.025574
0.070033
-0.063614
0.003533
0.120742
-0.011481
0.020556
-0.008030
-0.002107
0.059385
0.025170
0.067348
0.047664
-0.009764
0.003913
0.009528
-0.018165
0.073625
-0.070024
-0.028478
0.000387
0.050102
0.041358
-0.061519
0.016898
0.091926
-0.021607
0.086180
0.071323
-0.029286
-0.087900
-0.134252
-0.042506
-0.041691
-0.073951
-0.025725
-0.021952
0.077076
-0.000254
-0.018948
0.041845
0.052800
0.032355
-0.028069
-0.033581
0.027763
0.044553
0.063869
0.022852
-0.028426
-0.065530
-0.025217
0.038812
0.030926
0.045809
0.054305
0.080712
0.043537
-0.085270
0.063739
0.087893
0.053725
0.041328
0.035163
0.114335
0.057441
-0.023227
-0.030762
-0.029073
-0.000024
-0.029204
0.018782
0.063216
-0.035431
-0.034240
0.148118
0.059405
0.075049
0.018640
0.043423
0.134018
0.107597
0.086955
0.143339
0.019559
-0.082537
-0.015282
0.014538
0.002931
0.064379
0.103509
0.003052
-0.071723
-0.048105
-0.018054
-0.049102
0.046504
0.079195
0.031459
-0.000523
0.044384
-0.003605
-0.039660
-0.050548
-0.025459
0.002913
-0.018881
0.030270
0.065658
-0.012352
0.006958
0.008399
0.003323
0.003603
-0.071136
-0.010058
-0.047107
-0.078799
0.011108
-0.098570
-0.075370
-0.074130
-0.083134
-0.122704
-0.022115
0.000193
0.013234
-0.058909
-0.049816
0.033235
-0.040717
0.079903
0.051325
-0.036567
0.013451
-0.024012
-0.087081
0.037805
-0.000854
-0.069588
0.014891
-0.012605
-0.065114
-0.038887
-0.007891
0.000362
-0.083381
-0.081599
-0.037744
-0.013064
-0.095225
-0.013880
0.004334
0.053230
0.010969
-0.024040
-0.047531
-0.032566
-0.016382
-0.061159
-0.080325
-0.049088
0.038881
0.088639
0.015157
-0.004208
0.099587
-0.014594
0.017805
0.011916
-0.020229
0.007897
0.089162
0.073869
0.006097
0.038522
0.040133
-0.004721
-0.021843
-0.010578
-0.003441
0.008107
0.021534
-0.008893
0.090270
0.001082
0.029654
0.136698
-0.010799
0.007694
0.071656
-0.017373
0.042359
0.025405
-0.028865
0.021357
0.038889
-0.007497
0.020925
0.066928
-0.072389
-0.106841
0.061713
0.083102
0.050864
0.016448
0.045897
0.055970
-0.011483
0.036614
0.038283
0.022084
0.055680
-0.038706
-0.019747
0.061822
0.001864
0.007542
0.064295
0.029988
-0.027840
-0.063632
-0.012993
0.051655
-0.006729
0.047591
0.022648
0.068141
0.027315
0.055580
0.074505
0.034072
0.086514
0.007083
-0.013300
-0.047782
-0.018897
0.063075
0.008009
-0.011197
0.055013
0.033066
-0.020099
0.061406
0.161791
0.009824
0.004134
0.071446
0.095363
0.059344
0.090117
0.090319
0.011651
0.055689
-0.032490
0.037808
0.114685
0.025690
-0.063170
-0.004775
0.022182
-0.091481
0.011346
0.016126
0.019974
0.022433
0.092358
0.075272
0.033761
0.026991
0.039593
0.017197
0.063448
0.085884
0.078695
-0.004728
0.011422
0.044977
0.023451
0.026454
0.010554
-0.022451
0.085062
-0.009307
0.019544
0.006191
0.025485
0.039434
0.031162
0.090747
0.025596
-0.026553
-0.041867
-0.018113
0.032426
0.017361
-0.050010
0.086705
0.064393
0.018683
0.094601
0.108939
-0.025254
-0.006831
-0.053119
-0.053895
0.030188
0.035428
0.050797
0.005696
-0.002897
0.073890
0.053104
0.024214
0.035952
0.019501
0.053794
-0.051782
-0.034591
-0.017102
-0.006251
0.002980
-0.031452
0.020731
-0.125583
0.058742
0.031060
-0.067074
-0.079108
0.011548
0.062279
-0.057155
0.042929
0.095264
-0.055561
0.010071
-0.026626
-0.039138
-0.051445
0.068890
-0.094490
-0.095351
0.022708
0.019280
0.042849
-0.009285
-0.002208
-0.046162
-0.044682
-0.018969
-0.043544
0.001839
0.056486
-0.067403
-0.007888
0.091981
-0.048967
0.045946
0.061544
0.022553
-0.037445
0.051970
-0.018775
0.013774
0.008281
0.007626
-0.012430
-0.073819
0.072948
0.052841
-0.076782
0.020396
0.060447
0.010624
-0.007786
-0.029876
-0.038858
0.065205
-0.019896
-0.075437
-0.023854
-0.011578
-0.066024
-0.038024
0.017134
-0.004002
0.032692
0.001432
0.043054
0.081237
-0.052735
-0.024822
0.018381
-0.049237
-0.033594
0.024589
-0.061268
-0.023893
0.010292
-0.022489
-0.001209
-0.016035
0.053577
0.004955
0.038456
0.080661
0.151805
0.046669
0.006735
0.096087
0.041542
0.027741
0.051668
0.105163
0.017955
0.071769
0.054031
-0.051738
-0.027041
-0.018225
-0.055134
0.001364
0.047904
0.083221
0.069363
0.126424
0.112504
0.060039
0.030120
0.017740
0.006888
-0.054178
-0.111791
-0.087858
-0.072905
-0.119095
-0.041252
-0.033449
-0.050236
-0.054128
-0.069315
-0.005003
0.087713
-0.010277
0.105941
0.057929
0.003808
0.062097
0.023130
0.123414
0.058166
-0.025288
0.043456
0.046830
-0.010565
-0.054443
-0.024453
0.006316
-0.024936
-0.025550
0.025730
-0.033212
0.005750
0.043718
0.026197
0.004302
-0.037096
-0.108087
0.030340
0.021664
-0.017657
-0.011184
-0.020172
0.032162
-0.029117
-0.037929
0.016023
0.019610
-0.010765
0.061123
0.036009
0.000751
-0.049792
-0.057828
-0.035281
-0.020796
-0.050983
0.027430
-0.013524
0.028857
0.037213
0.027068
0.133943
0.084604
0.104760
0.077344
-0.040734
-0.075821
0.055545
0.027459
-0.069787
-0.022205
0.000465
-0.053121
0.034191
-0.013180
-0.035943
0.047733
0.011818
0.080712
0.030671
0.007100
-0.062790
-0.044287
0.097001
0.068373
-0.033490
-0.027181
0.004558
0.038599
0.066709
-0.007455
0.014307
0.089816
0.074306
0.042455
0.027881
0.081887
0.040092
-0.004678
-0.040809
-0.092172
0.022626
0.015048
0.003474
0.085604
0.111829
0.034679
0.051697
-0.020178
0.001232
0.002034
0.031552
0.041873
0.010538
0.094402
0.056721
0.017366
0.076924
0.025752
0.061341
0.046765
-0.043514
0.042491
0.100990
-0.031405
0.112098
0.012589
0.055639
-0.043173
-0.118777
0.079120
0.068443
0.027927
-0.011285
-0.123371
-0.017977
0.099819
-0.007101
0.142907
0.107671
0.014437
0.032369
0.004597
-0.071109
-0.091648
0.042509
0.033794
-0.047589
-0.053644
-0.065142
-0.112498
-0.091250
-0.064978
-0.063510
0.046378
0.021130
0.042184
-0.044963
-0.030396
0.005352
0.019591
-0.000030
0.046286
0.010013
-0.000230
0.023373
0.037380
0.064311
0.099747
-0.032368
-0.020288
0.026134
0.057326
-0.083030
-0.083727
0.056268
0.053415
0.081219
0.019204
0.018246
-0.045492
0.040875
-0.032672
-0.062176
0.044032
0.012133
0.100245
0.098197
-0.029962
0.015311
0.033199
-0.028770
0.025601
-0.029913
0.018915
-0.040302
-0.043074
0.021540
0.009114
0.076140
0.072583
0.008665
-0.029266
-0.088690
0.080598
0.073705
0.035546
0.018799
-0.074174
0.062004
0.041586
0.008342
0.028707
-0.038556
0.015717
0.045953
-0.050435
0.023010
-0.006513
0.040669
-0.013990
-0.024425
-0.048309
-0.099375
0.044289
-0.061839
-0.010642
-0.042892
-0.044966
0.040189
-0.026976
0.023505
-0.017024
0.026375
-0.009024
-0.018802
-0.016290
-0.059096
0.070969
0.037097
0.003995
-0.123489
-0.087726
0.012119
-0.027606
0.008241
-0.032517
-0.032452
-0.077706
-0.107131
-0.032250
-0.016070
-0.099979
-0.061045
0.027311
-0.045252
-0.031772
-0.011716
-0.043572
-0.096569
-0.084084
0.019223
-0.000682
0.023500
0.012972
-0.065034
-0.051249
0.033889
0.000804
-0.060941
0.051140
-0.005009
-0.127211
-0.000201
-0.030627
0.016520
-0.010825
0.062752
0.116826
0.098613
0.017631
0.016035
0.031423
-0.016593
0.008943
0.037004
0.004021
-0.038263
-0.033254
0.070632
-0.045389
0.047893
-0.037457
0.003678
0.096589
0.055022
0.094140
-0.029032
-0.003070
-0.026567
-0.059273
-0.003543
-0.093174
-0.033997
-0.021295
-0.013408
0.057396
-0.019859
0.007797
0.092904
-0.020828
0.025836
0.092652
0.071927
-0.017758
0.118837
0.100045
0.027879
0.016922
0.011789
0.036453
0.057416
0.040833
-0.023004
0.011664
-0.074902
-0.060791
0.067603
0.060791
0.008783
0.051285
0.009703
-0.066954
-0.049961
0.009551
0.000457
0.019609
-0.082360
0.016576
0.010517
-0.009853
-0.036313
-0.022602
0.012335
-0.058871
-0.064114
-0.012301
-0.026770
-0.014466
-0.026396
-0.028121
0.035571
-0.024307
-0.061228
0.030644
0.005754
0.056767
0.129116
0.006857
-0.024437
-0.002654
0.011203
-0.004717
0.046485
0.013291
0.017476
0.019923
0.020102
0.041036
-0.012399
0.028474
0.027931
0.059101
0.047952
0.039207
0.123078
0.024123
0.009573
0.060990
-0.038643
-0.015405
-0.016613
-0.012364
0.056846
-0.056721
-0.098639
0.033560
-0.047029
0.028736
-0.052588
-0.044108
0.160196
-0.030637
0.012553
0.158875
-0.027790
0.031400
0.022616
0.033486
0.146412
0.065019
0.044592
0.085469
0.030157
0.002375
0.108540
0.015134
-0.088740
0.025902
-0.034544
0.042185
0.031759
-0.042719
-0.099729
0.022201
-0.004686
-0.021985
0.142179
0.015346
0.014215
-0.009335
0.067805
0.113359
0.029929
0.034868
0.044355
-0.030209
0.063124
-0.009920
0.028613
0.008529
-0.005022
0.071783
0.013209
-0.025292
-0.065826
-0.014676
0.015909
0.079284
0.015091
-0.011915
0.026752
-0.021614
-0.017497
0.029238
-0.005203
-0.043079
0.003965
0.032504
-0.024462
-0.075150
-0.059160
0.027667
0.077778
0.036454
-0.004213
-0.073147
-0.108080
-0.060668
-0.044069
0.027511
-0.004020
-0.006972
0.040201
0.076714
0.033296
-0.042237
-0.107710
-0.102386
0.032670
-0.014791
-0.044105
0.032929
-0.022018
0.048383
0.005511
0.017503
0.045906
0.063747
0.093139
0.035879
-0.064420
-0.036444
-0.002116
0.081860
0.039281
-0.053071
0.038956
0.047659
0.007565
-0.008846
0.016649
-0.033236
-0.069244
0.089830
-0.030514
-0.014529
0.037810
0.001194
-0.022026
-0.021200
0.049969
-0.038274
0.071892
-0.026553
-0.024734
-0.038113
-0.066701
-0.030058
0.000969
0.048378
0.042886
-0.019327
-0.018311
0.037364
-0.005960
-0.045481
0.021761
0.014674
-0.034589
0.051400
0.016498
-0.022015
0.054306
0.048058
0.016973
-0.041844
-0.014651
-0.058043
-0.064068
0.077804
-0.084361
0.016394
-0.043475
-0.107654
-0.052006
0.078382
0.106701
0.035396
-0.065369
0.053238
0.057360
0.032859
0.026739
-0.025395
0.021743
-0.071338
0.049806
0.004985
0.035468
0.036800
-0.109702
0.123852
0.036033
0.020776
0.053536
-0.010633
0.048145
0.009844
-0.033517
0.062058
0.116330
0.035517
-0.008216
0.052543
0.000413
-0.003919
0.039620
-0.001177
0.022176
0.043826
0.045393
-0.027546
0.005451
-0.003156
-0.034128
0.015516
0.007658
-0.003066
0.073671
0.028378
-0.004897
-0.018077
-0.048666
-0.031171
-0.019159
-0.057135
0.015212
0.039400
0.036594
0.112206
-0.012779
-0.081596
0.042318
-0.049222
0.133541
0.105545
-0.033153
0.014967
-0.011011
-0.022103
0.070523
0.152842
0.085335
0.061101
0.174251
-0.037778
-0.015324
0.049880
-0.021903
-0.096208
0.015675
-0.082904
-0.038142
0.031196
0.038215
0.075148
0.103886
0.043758
-0.003822
0.021640
0.008095
0.024288
-0.115702
-0.035307
-0.018818
0.023081
0.108920
0.104700
0.099296
0.004246
0.066820
0.012992
-0.056734
-0.079882
-0.057491
-0.080522
-0.041913
-0.033054
-0.004568
0.038747
-0.007698
0.089088
0.046333
0.054887
0.042970
0.041351
0.029150
-0.062698
-0.113950
0.053150
-0.015282
-0.048823
-0.022054
0.003426
-0.067540
0.021564
0.026208
0.048497
-0.029074
-0.008960
0.086497
-0.007362
0.008201
0.021928
0.083949
0.004425
-0.071110
-0.025412
0.011054
0.086679
0.096907
0.101036
0.141472
0.066343
0.087149
0.019912
-0.028652
0.097744
0.029942
-0.026192
0.022487
-0.039517
0.057597
0.013554
-0.045473
0.083690
-0.027632
0.042256
-0.018674
0.141036
0.070725
-0.005729
0.022238
0.001416
0.016224
-0.040936
-0.018725
-0.005771
-0.000790
0.058135
0.087609
0.071525
0.087003
0.042567
0.040776
-0.103532
-0.018675
-0.051356
-0.063451
0.028788
-0.049887
-0.011705
-0.040015
-0.028320
-0.008804
0.055309
0.057305
-0.024615
0.025709
-0.001274
0.058211
0.059317
0.047898
0.101589
-0.016050
0.002624
0.008779
0.014223
0.019763
0.010391
-0.037286
-0.082292
0.035184
0.021118
0.025074
0.050943
0.004297
-0.032367
0.038082
0.075685
0.085122
0.014448
0.097904
-0.032821
-0.009256
0.036414
-0.029685
-0.043831
0.039325
0.062734
-0.026400
0.105479
0.076295
-0.029922
-0.045054
-0.006999
-0.025000
-0.066236
-0.009077
0.106839
0.030670
-0.016310
0.026488
-0.006395
-0.051211
0.038177
0.008606
-0.015496
-0.080706
0.007651
-0.016749
0.044271
-0.001034
-0.065607
0.027242
-0.078404
-0.013874
0.021952
-0.071909
-0.017641
-0.040928
-0.012961
0.060572
-0.057545
0.012673
0.140893
0.064776
-0.025267
-0.015177
0.049025
0.026198
0.093486
0.076020
0.018588
0.013796
0.001451
0.034482
0.032467
0.003278
0.015006
0.038900
0.003930
-0.004873
-0.079004
-0.053360
-0.063136
0.020572
0.051040
-0.078322
0.022259
-0.005657
-0.000183
0.106128
0.119675
0.141904
0.048650
0.024583
-0.040959
-0.002068
-0.100677
-0.027213
0.068465
-0.072508
-0.028138
0.008225
0.035558
0.079091
0.071689
-0.008592
0.017421
-0.017962
0.060682
0.122047
0.061158
0.104287
0.051853
-0.002897
-0.005020
-0.083111
-0.021592
0.059820
0.002705
0.002499
-0.012661
0.082215
0.061901
-0.035140
-0.003542
-0.025741
-0.022398
0.029786
0.018509
-0.068455
0.032452
0.134907
0.095892
0.048150
0.059561
0.032287
0.006001
0.032126
0.020651
-0.019601
-0.004043
0.090590
0.020494
0.027395
0.065176
-0.005723
-0.007016
-0.056019
-0.028718
-0.007980
-0.033864
-0.044522
0.092860
0.052854
-0.035308
-0.055847
-0.050306
0.016602
-0.026086
-0.014959
0.109950
0.046591
-0.033965
-0.046593
-0.056344
-0.075349
0.046269
-0.047585
-0.098810
0.081785
0.078854
-0.000348
0.141024
0.065096
-0.004432
0.057944
-0.088188
0.016877
0.041517
-0.040575
0.053351
-0.027145
0.016281
0.022846
0.057290
0.037779
-0.015248
0.104286
0.036510
0.003656
0.062786
0.067141
-0.011629
-0.036260
0.067703
0.103959
0.001618
0.037634
0.022835
0.024737
-0.045041
-0.050127
0.010811
0.006400
0.006854
0.069156
-0.071475
0.002185
0.009365
0.006193
0.047001
-0.069059
-0.017544
-0.056644
-0.117832
0.006892
-0.021453
-0.074070
0.014152
0.036688
0.067758
0.008992
0.045557
0.055645
0.126829
0.019731
0.066443
0.020209
0.093882
0.097552
-0.023558
0.048428
0.016655
-0.029591
-0.055088
0.036553
0.014452
-0.022301
0.029790
0.016253
0.003609
0.028475
-0.056193
-0.022902
0.005001
-0.015582
-0.048378
-0.058792
-0.010395
0.017848
0.066178
0.012135
0.070359
0.046458
0.030489
0.048777
-0.015731
0.117153
0.031053
0.066303
-0.010481
-0.067037
-0.032489
0.019089
0.111494
0.070639
0.051393
-0.066274
0.020829
-0.013025
-0.008668
0.073698
0.055158
0.084996
0.043677
0.008927
0.035052
0.072895
0.066196
0.016168
0.069504
-0.033923
-0.086705
-0.026221
-0.046251
0.028492
0.001675
-0.049930
-0.071663
-0.000241
0.036865
0.029172
0.007593
0.050625
0.002918
0.023534
0.018533
0.001715
-0.040173
-0.041226
-0.018481
0.148369
0.101209
0.066264
0.094035
0.008332
-0.020718
0.049051
0.070979
0.095100
0.157820
0.037594
0.008742
0.081399
0.114500
-0.001692
-0.003206
0.064489
0.019717
0.105053
0.036872
0.058573
0.019141
-0.011540
-0.124825
-0.051640
-0.007068
-0.074702
-0.054213
0.024850
-0.042000
-0.022051
-0.011203
0.067213
0.074030
0.073122
0.051300
0.019129
0.031172
-0.047089
-0.044616
0.017251
0.006289
-0.082689
-0.009195
-0.049582
-0.028657
0.026909
-0.015948
-0.016779
-0.119947
-0.071623
-0.005931
-0.011524
-0.013705
-0.008481
0.059677
-0.089173
-0.095203
-0.000525
0.075952
-0.001533
-0.015002
-0.018889
-0.013838
-0.028267
0.030785
0.052545
-0.043854
0.077832
0.078522
0.077404
0.129220
0.144245
0.133377
0.060009
0.042047
0.014877
0.118859
0.048785
-0.042235
0.074069
0.048833
0.003548
0.058303
0.095842
0.040540
0.045563
-0.058947
-0.059111
-0.001887
-0.042380
0.061237
0.047713
0.040148
0.007481
-0.007711
0.040944
-0.024636
0.006257
0.152120
-0.010037
0.025279
0.040774
0.005002
-0.034367
-0.009963
-0.027741
-0.073478
-0.050013
-0.074529
-0.120597
0.099685
-0.017739
-0.064547
0.007149
0.035768
0.032967
0.029624
0.013609
0.012523
0.077651
0.055808
0.043431
0.051636
-0.007699
-0.049220
0.062044
-0.030158
-0.000571
0.107087
-0.012689
-0.036593
0.007436
-0.043844
0.027394
-0.050245
0.041428
0.044796
-0.086644
0.038357
-0.047735
-0.059124
0.007383
-0.067178
-0.045241
0.000472
0.060644
0.032972
-0.042885
-0.040531
0.018517
0.063495
-0.010871
-0.040305
0.000195
-0.000087
-0.080120
-0.026710
0.125337
0.018352
0.028845
0.033782
0.016348
-0.068272
0.041986
0.020696
0.032035
0.025500
-0.010124
0.031082
-0.023867
-0.004569
0.019590
-0.014308
0.046247
-0.007910
-0.054492
0.014134
0.013487
-0.030155
0.076686
0.066154
-0.002212
-0.043832
-0.057339
-0.066113
0.010540
-0.015738
-0.016639
-0.057795
-0.068816
0.078604
0.026998
0.014589
0.018442
-0.040685
-0.127237
-0.096281
-0.030511
-0.004908
0.036335
0.010417
0.028526
0.015957
-0.073561
-0.027435
0.038314
0.031097
-0.031436
0.018685
0.082407
-0.018143
-0.003962
-0.011733
-0.040118
0.025211
0.047231
0.012614
0.024628
0.008942
0.094717
0.077763
0.054985
0.088865
-0.050649
0.011971
0.035263
0.010777
0.038369
-0.044238
-0.032679
-0.010213
-0.046469
-0.015393
0.044881
-0.002493
0.083580
0.122776
0.090618
0.045588
0.038815
-0.032873
0.074699
0.061502
-0.006417
-0.021868
-0.059058
0.089373
-0.027948
-0.007538
-0.023707
0.021894
0.019211
-0.107528
0.029731
0.017489
0.014788
-0.101141
-0.095567
-0.034911
-0.055205
0.024379
0.070763
0.062537
-0.012472
0.025454
-0.054466
-0.027678
-0.014752
-0.010832
-0.047777
-0.073651
-0.012887
0.070800
-0.027966
-0.071006
-0.059402
-0.056803
0.001703
-0.002449
-0.020010
-0.008887
-0.042690
-0.078013
0.011889
-0.088869
0.015298
0.036248
-0.023518
-0.060582
-0.084540
-0.043109
0.025348
-0.002844
-0.033743
0.050665
-0.037358
-0.000571
0.116107
0.126155
0.109530
-0.013067
-0.034263
-0.028220
-0.010399
-0.022202
0.136630
0.045702
0.012641
0.079092
0.030714
0.119842
0.068528
0.009577
0.080702
0.005956
0.082302
-0.029258
-0.126308
-0.000194
-0.018082
0.008923
0.025078
-0.061361
0.016309
0.004996
0.042014
0.031468
-0.056996
0.009694
0.021889
-0.039327
-0.084441
0.053751
0.062456
0.038702
0.042433
0.006115
-0.043140
-0.077094
-0.047371
0.005418
0.045115
-0.016993
0.036355
0.057008
0.000739
-0.071667
-0.037389
-0.019548
0.061791
0.002019
-0.022136
0.016311
-0.030459
0.025125
0.019503
-0.007589
0.059333
0.030994
-0.000975
-0.072276
-0.059504
-0.109450
0.027046
-0.048314
-0.052067
-0.010966
0.011296
0.006617
0.041668
0.002172
-0.094313
0.031274
0.116400
-0.072022
-0.016217
0.072038
0.065082
0.091836
0.136474
0.043555
0.021438
0.110217
0.018344
0.063476
0.008564
0.026687
-0.027509
-0.055840
0.008886
-0.053362
-0.065094
-0.036164
-0.090149
-0.016622
0.005565
0.008457
-0.014202
0.009667
-0.059250
-0.041777
0.076275
0.078586
-0.024117
-0.057621
0.000420
0.034344
0.085404
0.092418
0.101936
0.003820
0.052375
0.012508
-0.020279
0.063374
0.066954
0.032850
0.006461
-0.009660
-0.058037
-0.005334
0.054029
0.091340
0.069220
0.099652
0.027439
0.008831
0.000799
-0.055438
0.001502
0.012793
0.011993
0.100830
0.099931
0.084001
0.010565
0.024877
0.050464
-0.057130
0.026931
0.026367
0.000866
0.050166
0.070203
-0.035720
-0.003798
0.021174
0.037251
-0.080232
-0.009865
-0.036075
-0.033054
0.050935
0.018692
0.042133
-0.005879
-0.061520
-0.001862
-0.021630
-0.025930
0.041440
0.033179
-0.008233
-0.093430
0.005893
0.068579
0.027202
0.045559
0.029694
0.021851
0.001890
0.030524
0.001618
0.026959
0.043977
-0.019884
-0.067558
0.050515
0.013882
0.043040
0.053987
0.011584
0.026817
-0.003182
0.057436
0.082631
0.101540
0.008040
0.084533
0.069915
0.000854
-0.033451
-0.014446
0.069149
-0.026516
0.059483
0.045531
0.076443
0.029127
-0.006505
0.131195
0.010919
-0.053662
0.000388
0.073280
0.087561
0.046152
0.088431
-0.039601
-0.009956
0.059773
0.005677
0.039076
0.040540
0.021434
0.009794
0.051864
0.090147
0.077039
0.103379
-0.033147
-0.015687
0.076036
-0.054707
-0.079903
0.125846
0.098611
0.053238
0.171845
0.114798
0.059913
0.015134
0.047986
0.003068
0.053372
0.002649
0.016073
0.064332
-0.034977
0.007948
0.084696
0.079669
-0.048800
0.059825
0.056547
-0.052948
-0.040522
0.054639
0.041144
0.061465
0.064663
0.030112
0.078060
0.029964
-0.028810
0.040623
0.070820
0.006499
0.039076
0.021019
0.129692
0.085031
0.015530
0.074736
-0.069914
-0.031844
0.020022
-0.026046
0.006717
0.115179
0.017255
-0.032686
0.047778
-0.019145
-0.004282
0.052884
0.002638
0.049571
0.076892
0.116434
0.108402
0.046122
0.144242
-0.013102
-0.005074
-0.034878
-0.048380
0.041308
-0.002061
0.021634
-0.005415
-0.107754
0.062018
-0.001754
0.001644
0.022187
-0.041086
-0.060042
-0.016887
0.058496
-0.034011
0.026806
-0.002280
0.063555
0.111342
-0.005706
-0.009962
0.029069
0.030535
0.042610
0.031437
0.029465
0.118006
0.016301
0.013235
0.103526
0.046905
-0.064736
-0.091263
-0.025437
0.012571
-0.116935
-0.093532
-0.025435
0.015769
0.011968
0.048472
0.091775
0.070278
0.026872
0.006955
0.034613
0.037168
-0.010327
-0.069645
-0.010893
0.016683
-0.030080
-0.025625
-0.036563
-0.035872
0.060261
0.081030
0.070295
0.062717
0.009902
-0.004958
0.056168
-0.007481
0.007690
0.003432
0.009296
-0.025231
-0.047271
0.048018
0.055409
0.017054
0.129943
0.048965
0.007255
-0.057402
-0.077221
-0.026115
-0.014485
0.040652
0.012543
0.008540
0.039909
0.066277
0.071225
0.013654
-0.017838
0.035090
-0.002483
-0.005642
0.089594
0.014535
-0.014489
0.040666
0.043684
-0.043493
-0.069176
-0.032131
0.003122
0.052939
0.038001
-0.009458
0.060347
0.009863
0.041068
-0.061237
-0.020042
-0.031772
-0.012929
0.031046
-0.037204
0.027875
-0.063852
-0.029907
0.028947
-0.030888
-0.010379
0.004284
0.026924
0.037047
0.104887
0.040716
0.031757
0.028246
0.052041
-0.018869
-0.022160
-0.000868
0.037129
-0.059089
-0.054350
0.077783
0.074154
0.022690
-0.015104
0.045664
0.017966
-0.018390
-0.086991
-0.005528
0.016267
-0.109932
0.023033
0.033768
-0.035590
-0.046108
-0.070792
-0.102404
-0.066752
-0.037607
0.034583
-0.008338
-0.131301
0.068785
-0.009822
-0.027902
0.037429
-0.020273
-0.007654
-0.006919
0.017098
0.028955
-0.096710
-0.015776
-0.057978
-0.025290
-0.046772
-0.066048
-0.005411
-0.027068
0.022411
0.109031
0.065078
-0.011968
0.008512
-0.040207
-0.028954
-0.022408
-0.005321
0.021956
0.022254
-0.018094
-0.052669
-0.022303
-0.018273
-0.007365
0.163450
0.182125
0.078043
0.105587
0.040571
0.084492
0.037529
-0.045883
0.016942
0.008778
-0.031121
-0.038451
0.015776
0.049709
0.094140
0.100466
0.012716
-0.010268
0.066224
0.005137
-0.055952
0.052025
0.039024
0.016761
0.038277
0.054328
0.035501
-0.024734
0.014790
0.002521
-0.021399
-0.029443
-0.029151
0.001122
0.016188
-0.024736
-0.001427
0.023549
0.018854
0.076922
0.027549
-0.030449
-0.047822
-0.014312
0.034807
-0.037277
0.005268
0.100353
0.021518
0.076337
0.064006
0.075621
0.094191
-0.037845
0.048141
0.123893
0.073319
0.087675
0.137773
0.031293
0.001102
0.125741
0.102716
0.048792
0.010530
0.015354
0.125086
0.028587
0.044485
0.110535
0.004778
-0.043863
0.083000
0.059362
-0.007214
0.001769
0.020452
0.028038
-0.006433
0.015903
-0.026600
-0.001348
0.031092
0.068683
0.059945
0.032231
0.101062
0.033462
-0.003590
0.024748
0.106753
0.046772
0.126406
0.063114
-0.009608
-0.003654
-0.016120
0.076391
0.035983
0.026563
0.023210
-0.026818
-0.007535
0.031823
-0.070536
-0.053582
-0.072459
-0.022232
0.022624
-0.072655
-0.000255
0.008073
0.084292
0.032169
-0.005100
0.041018
0.034289
0.035419
0.060374
0.009130
0.009670
0.083058
0.069363
0.116780
0.088456
0.011457
0.020047
-0.048672
0.022048
0.026163
-0.043027
0.009918
0.073360
0.044881
-0.077195
-0.024917
-0.098969
-0.029570
0.021685
0.007361
-0.022577
-0.025428
-0.010634
-0.030415
-0.005083
0.036994
0.041314
-0.003690
0.047530
0.007577
-0.057277
0.044882
-0.012118
-0.013317
-0.032918
-0.052563
-0.037226
-0.005478
-0.065399
-0.045724
0.049379
-0.051767
0.034390
-0.022381
-0.086784
0.083438
0.072322
-0.011587
0.036306
0.060000
-0.021441
0.015281
0.024410
0.008662
0.010157
-0.102300
0.086402
0.047572
0.031615
0.049638
-0.029270
0.033883
-0.008063
-0.037792
0.013612
-0.130307
0.077388
0.092967
0.016628
0.046925
0.050572
0.029524
0.040482
0.020555
0.017316
0.039718
-0.078402
-0.006624
0.063343
0.056998
-0.046991
-0.046911
0.048124
-0.035994
-0.011271
-0.081923
-0.015852
0.049841
0.096129
0.028626
0.025196
0.101056
-0.004016
-0.063455
-0.077098
0.078777
0.051074
0.038705
0.055759
-0.027763
0.011984
-0.064162
0.031633
0.023627
0.002033
0.012888
0.041411
-0.001115
-0.047543
-0.079696
0.052707
0.078009
0.032495
-0.013560
-0.014089
0.005638
0.021537
0.020012
0.032330
0.016471
-0.007703
0.002864
0.020232
-0.039475
0.033649
-0.008072
-0.025219
0.000940
-0.000881
0.053331
0.073626
0.046296
0.034631
-0.001606
0.018174
0.086099
0.038873
0.016523
0.030112
0.017792
0.104609
0.060667
0.069515
-0.012149
0.012933
-0.032694
-0.060715
-0.022418
-0.005771
0.011317
0.015617
0.076512
0.071804
0.031076
0.090403
-0.030740
0.139936
0.089200
0.049726
0.072358
0.033891
0.102362
0.035894
-0.005674
0.001359
0.043777
0.018537
0.027402
0.010721
0.087859
0.036340
-0.062184
0.052394
0.052336
0.063307
0.045200
-0.042004
0.013647
-0.016812
-0.019716
0.053732
-0.001164
-0.002252
-0.017195
0.049316
0.017835
0.012171
0.038120
-0.019890
-0.041300
0.097116
0.104262
0.082632
0.035125
0.035610
0.026544
0.021442
-0.005115
0.068183
-0.002076
0.021853
-0.028871
-0.106636
-0.068601
-0.060406
0.018489
0.059487
-0.014496
0.039599
0.073699
0.018962
-0.043698
0.144849
0.118307
0.084499
0.075000
0.089187
0.078169
0.037999
-0.010701
-0.017637
0.055917
-0.049746
0.095746
0.021274
0.028784
0.000165
0.110426
0.024744
0.014214
0.088902
-0.000719
0.024729
-0.077677
-0.023920
-0.022720
-0.059051
0.018075
-0.065265
-0.045567
-0.090223
-0.068477
-0.109057
-0.004937
0.018957
-0.029351
0.054769
0.055962
0.033510
0.018192
0.077958
-0.017375
0.008138
0.069549
0.057845
0.002495
-0.039139
0.029158
0.015904
-0.010659
-0.047981
0.041336
0.035833
-0.020850
-0.015668
0.096318
0.068994
-0.046481
0.108348
0.126247
0.138686
0.011552
-0.070153
0.039358
0.040368
0.046311
0.030732
-0.031823
0.028511
-0.057076
0.043642
0.011371
0.023884
0.035580
0.001246
-0.052932
-0.063274
-0.019692
-0.042461
-0.005034
0.029729
-0.059691
-0.045953
-0.028679
-0.061173
0.007681
-0.034133
-0.098675
-0.014281
-0.031644
-0.135089
0.007045
-0.030165
-0.005095
0.063842
0.043921
-0.035454
-0.038485
-0.003741
-0.031973
-0.013738
0.010718
0.029330
0.051020
-0.043781
-0.018496
0.000827
0.062761
0.048250
-0.045015
-0.031485
-0.055730
0.001206
-0.035396
0.079705
0.094046
0.059156
0.021227
0.010027
0.012051
0.013980
0.004459
0.083611
0.048023
0.028545
-0.040548
-0.017620
-0.011273
0.006032
-0.059992
-0.004404
0.059567
-0.045448
-0.080304
-0.010941
-0.071158
0.042325
-0.001954
-0.058987
-0.053646
0.034832
-0.024355
-0.026327
0.047439
0.017703
-0.006087
-0.025483
0.029951
0.004827
-0.002545
0.000246
0.050148
0.141671
0.065296
-0.043958
0.050603
-0.015119
-0.051976
0.092054
-0.049222
-0.045389
0.100054
0.043687
0.050899
-0.070978
-0.038203
-0.043153
-0.065309
0.020657
-0.018311
-0.032502
0.015116
0.043595
0.035811
-0.068813
0.049822
0.044682
0.021835
0.002965
-0.036221
0.124451
0.037024
-0.027456
0.062705
0.058553
-0.051731
-0.049417
-0.032155
-0.095357
-0.120316
0.067160
-0.001545
0.011089
0.062156
0.077501
0.010120
0.055509
0.018276
-0.027501
-0.030919
0.044743
0.065728
0.026330
0.040847
0.112794
0.126465
0.031447
0.008354
-0.021478
0.003921
0.013716
0.042256
0.004110
-0.024912
0.014986
-0.000281
0.004013
0.013683
0.011433
-0.114426
-0.097522
0.070821
0.032732
0.069928
0.034268
0.092054
0.062078
0.087561
0.025790
0.025099
0.062341
0.032998
0.019577
0.031173
0.058420
-0.018167
-0.092515
-0.037807
-0.058331
0.045884
0.025472
-0.079934
0.061967
0.059706
-0.011605
0.011552
-0.004396
-0.014184
-0.072054
-0.022983
0.089719
0.011003
0.005807
0.093568
0.009079
0.083351
0.032256
0.060437
0.130754
-0.022321
-0.049276
0.053916
0.020678
0.055697
0.016840
-0.012241
0.013919
-0.106111
0.025195
0.040856
-0.030351
0.003342
-0.068370
0.052465
-0.041948
-0.000717
-0.015990
-0.074472
-0.106059
-0.111214
-0.005204
-0.098871
-0.042112
-0.032674
-0.009296
0.004247
-0.063046
-0.008440
0.092830
0.029907
0.053270
0.095418
-0.094108
-0.005382
0.036899
0.054365
-0.006353
-0.056732
-0.000508
0.015149
-0.028873
-0.073820
-0.043572
-0.054320
-0.071804
-0.096170
-0.120588
-0.027889
0.011526
-0.026085
0.021007
0.005259
-0.039256
0.009138
-0.021526
0.014551
-0.013278
-0.000709
0.052310
0.054599
0.025643
0.008264
0.129955
-0.012647
-0.097853
0.058909
-0.025850
-0.049891
-0.022915
-0.034215
0.018511
-0.008541
0.028914
-0.001236
0.015757
-0.037711
0.023808
0.040488
0.009038
-0.066281
-0.001133
0.025589
-0.049310
-0.023486
0.055529
0.033402
0.047513
-0.043607
-0.033182
-0.055517
0.034210
0.040529
-0.020403
0.068468
0.019423
0.061643
0.011551
-0.034922
0.016127
-0.001773
0.002021
0.072784
0.038774
-0.009455
-0.019939
0.021984
0.058542
-0.047138
-0.044301
0.026842
0.051465
0.012263
-0.049854
0.019820
-0.004499
-0.013685
0.071571
-0.008234
-0.034363
0.010669
0.044128
0.031084
-0.011938
0.077176
0.029326
-0.021480
0.114103
0.032653
-0.002405
0.122618
0.076371
0.019000
-0.026678
-0.025722
0.036298
-0.016264
0.000370
0.020450
-0.073183
0.002952
-0.126846
-0.040195
0.016673
-0.030663
-0.068811
-0.096768
0.099711
0.033605
0.006697
0.029067
-0.034087
0.010802
-0.027728
0.008664
-0.026951
-0.103619
-0.089390
-0.069226
-0.028634
-0.074747
0.008933
0.109997
-0.061916
-0.122665
-0.031741
-0.057013
-0.052607
-0.007915
0.010999
-0.014016
-0.037062
0.053076
0.037848
-0.020571
0.063086
-0.057794
0.029285
0.008703
-0.112349
-0.013175
0.032034
0.078681
0.032992
-0.002783
0.062335
0.000062
0.013390
-0.072776
-0.034703
0.054548
0.031689
0.117753
0.039025
0.023713
0.094141
-0.034893
0.054236
0.042720
-0.035746
0.007677
0.069291
-0.037619
0.056813
0.018928
0.053274
0.016715
-0.008805
0.091639
0.082624
0.036153
0.052901
0.018563
0.047177
0.024965
0.022933
0.089118
0.031518
0.004500
0.027797
0.002165
0.024838
-0.062054
0.031467
0.006282
0.079881
0.190229
0.068054
0.050041
0.063987
0.051400
0.057775
0.064952
-0.046171
0.067434
0.100968
0.057419
-0.033056
0.052324
0.030886
0.071277
0.058540
-0.018606
-0.012799
0.044756
0.025010
-0.000483
-0.074800
-0.009127
0.012166
-0.034517
-0.010032
-0.017982
0.056086
0.085528
0.067163
-0.021931
0.059908
0.076536
0.022089
0.033696
0.040998
0.049324
0.051813
0.026090
0.055475
-0.005048
-0.040423
0.040524
-0.026293
-0.037039
0.049834
0.026870
0.048381
0.054356
0.011983
0.078640
0.052211
-0.003902
0.038099
0.016458
-0.020354
0.025810
-0.011243
-0.096751
-0.054916
0.060469
0.060481
0.106682
0.014398
0.054874
0.104345
0.131551
0.123215
0.015249
0.053499
0.053761
0.009180
-0.030770
0.006835
-0.027949
0.119706
0.119416
0.114493
0.003486
0.018545
0.024212
0.078954
0.034043
0.021532
0.065855
0.029686
-0.030193
0.061762
-0.004033
-0.058563
0.003930
0.055719
-0.018472
-0.041695
-0.055196
-0.148136
-0.067900
0.039715
-0.051095
-0.065422
-0.012521
0.008523
0.069698
0.019736
-0.017719
-0.068980
-0.052418
0.013723
-0.046411
0.029439
-0.039135
-0.043933
-0.012319
-0.031845
-0.075272
-0.047914
-0.035195
0.054261
0.015760
0.002881
-0.010697
-0.021289
0.013197
-0.026299
0.024306
0.128576
0.123166
-0.029941
-0.000338
0.039676
0.035651
-0.001372
-0.009171
0.018054
0.015247
0.065443
0.078391
-0.039352
-0.047237
0.055873
0.006477
-0.018063
0.126208
0.121051
0.015710
0.080387
0.114339
0.056519
-0.003150
-0.027592
0.026547
-0.030675
-0.023159
0.121216
0.006708
-0.047909
-0.016388
-0.049029
-0.019069
-0.068586
0.002118
-0.045157
-0.044038
0.071402
-0.012903
-0.072924
-0.103189
-0.046328
-0.080415
-0.056308
-0.013249
-0.026551
-0.090919
-0.019384
0.006904
-0.037319
-0.024429
-0.041044
0.004698
0.001902
-0.059284
-0.014157
-0.031128
0.013748
0.012766
0.047612
0.009419
0.016902
0.061838
0.063149
0.009918
-0.059103
-0.003007
-0.026194
0.016423
-0.018154
-0.031104
-0.007403
-0.072913
0.015579
0.012030
-0.041846
0.045700
0.085948
0.046793
-0.008055
-0.065462
-0.019958
-0.018944
0.034185
0.060126
0.020621
0.069957
-0.067473
0.044187
0.090552
-0.021526
0.058803
0.140992
-0.006481
-0.035465
0.010570
0.043082
0.000394
0.051172
0.039887
0.032967
-0.060312
-0.050016
-0.032318
-0.013882
-0.044168
0.058069
0.082926
-0.049670
-0.009324
0.090095
0.021748
-0.044782
-0.019227
0.024619
-0.066403
0.053672
0.050727
0.090446
0.119543
0.086367
0.001814
-0.063164
-0.010685
0.064297
-0.008573
-0.013967
0.029646
-0.017419
-0.049197
0.020974
-0.032206
-0.089297
-0.005348
-0.015750
0.095051
0.035479
0.028872
0.061235
0.026505
0.077177
-0.049827
0.017652
0.010654
-0.052603
0.016738
-0.043150
0.068255
0.040641
0.038063
0.069942
0.082045
0.013940
-0.071530
-0.016328
0.058547
0.015582
-0.005397
0.021932
0.050870
0.001414
-0.025095
0.052868
0.031601
-0.001111
0.016765
0.040653
0.103558
0.073720
-0.015497
-0.058696
-0.015698
0.029183
-0.018797
0.020969
0.056309
-0.042929
0.048132
0.077119
0.059691
-0.028037
-0.006639
0.032719
0.038272
0.022789
-0.035460
0.014058
0.095239
0.017513
0.017697
-0.000513
0.002123
0.076257
0.094414
0.089433
0.078527
0.118517
0.118617
0.032551
0.000738
-0.104287
-0.034687
-0.098346
0.029646
0.108442
0.094184
0.026918
-0.046123
-0.045897
-0.091258
-0.037194
0.019505
0.072993
0.077978
-0.029335
-0.004370
0.068376
-0.005711
-0.028586
-0.078197
-0.021558
-0.068411
0.058389
0.015106
-0.013692
0.032014
0.059598
0.021691
0.092687
-0.056390
0.064214
-0.045111
-0.069809
0.109744
-0.037895
0.047796
0.081308
0.066914
0.101894
0.040796
0.068467
0.035106
0.020361
-0.055037
-0.080745
0.076645
-0.049576
-0.053158
-0.002343
-0.122960
-0.005051
-0.055698
-0.039443
-0.034972
-0.030555
0.003174
-0.001840
0.122614
0.031042
0.025116
-0.000875
-0.007398
-0.034353
-0.007268
0.059725
0.014976
-0.115069
0.039951
-0.010151
-0.025019
0.021214
-0.114771
-0.012808
0.029025
-0.031424
-0.021696
0.008307
-0.034636
0.046084
-0.047542
-0.026018
-0.065666
0.036110
-0.040978
-0.122771
-0.034762
-0.016402
-0.066003
-0.049124
-0.109180
-0.016511
0.067172
0.045766
0.078199
0.044884
-0.062871
0.009940
0.022939
0.001576
-0.043858
0.031289
0.047143
-0.065462
0.051808
0.036345
-0.036297
0.023169
-0.047006
-0.007194
-0.059896
-0.036685
-0.005923
-0.031471
-0.119020
0.022321
0.020026
-0.023354
0.043131
0.007879
-0.014716
0.042423
-0.006556
0.102379
0.001112
0.057213
0.086493
0.011158
0.075704
0.058192
0.009338
0.028408
0.041002
-0.000482
0.035065
0.043421
0.069871
0.036005
0.011259
0.135947
-0.036124
0.031312
0.025011
-0.005132
0.005356
0.059531
0.051064
-0.025151
0.002960
0.002113
0.011556
-0.113313
-0.042749
-0.016056
-0.047757
0.012995
-0.013487
0.056511
-0.028375
0.029038
-0.009011
0.060456
-0.008729
0.011167
0.064359
-0.002316
0.012229
-0.055660
-0.047224
0.049463
0.035540
0.017405
0.067794
-0.008931
0.036854
-0.041232
-0.034643
0.061264
0.005315
0.049727
0.089194
0.115652
0.069847
0.016074
0.122701
0.087727
-0.030056
-0.022033
-0.039026
0.000732
-0.005423
0.026094
-0.020820
-0.028130
0.031818
0.101394
0.044178
0.033215
-0.009936
-0.004863
-0.001131
-0.086471
-0.141204
-0.002136
0.090590
0.025055
0.048257
-0.011887
0.028635
-0.009817
-0.019165
-0.012628
0.002312
-0.017679
-0.068772
-0.072770
-0.021090
0.017929
-0.058804
-0.030348
-0.027416
-0.040897
-0.027542
0.010403
-0.023590
-0.068795
0.058465
-0.028099
-0.061313
0.079166
0.000095
-0.006326
0.015425
0.000654
0.023728
-0.006986
-0.002152
0.062583
-0.062236
-0.059039
-0.038072
-0.062456
0.014620
0.022237
-0.066784
0.027457
0.018082
-0.068059
0.003193
0.018484
-0.054429
-0.042036
-0.066868
-0.004944
0.040788
0.023501
0.070036
-0.011635
-0.041259
0.051775
0.053623
0.044785
-0.020592
0.013661
-0.055274
-0.020287
-0.044597
0.072597
0.019619
-0.015915
-0.000826
-0.024138
0.058529
0.038609
0.031515
0.077824
0.051180
0.008707
0.044866
0.099423
-0.010086
0.020914
0.013091
-0.026442
-0.034845
-0.018605
0.015712
-0.033076
-0.034680
-0.081610
-0.095241
0.027219
0.025545
0.088235
0.116140
-0.016034
0.023671
0.036920
0.034442
0.000078
0.033490
0.063845
0.016328
0.015053
0.013328
0.031025
0.031874
-0.007415
0.019419
0.096340
0.011675
0.059771
0.043723
0.013639
0.005608
-0.077588
0.069513
0.106563
0.027558
0.074189
-0.013241
0.024714
-0.004664
-0.014143
-0.044099
0.019156
0.018080
-0.025840
0.070446
-0.092436
-0.020393
0.041364
-0.063148
-0.024251
-0.018097
-0.043728
-0.086356
-0.018978
-0.000335
-0.043245
-0.093225
-0.011591
-0.056571
-0.082521
0.045423
-0.003393
0.008073
-0.021210
0.028184
0.057909
0.049707
-0.003715
-0.052373
0.031045
-0.040171
0.057001
-0.018181
-0.055716
0.015461
0.016228
0.039254
0.069405
0.036671
0.020257
0.004210
0.006401
0.052347
0.023001
-0.000197
-0.013815
-0.052180
0.039191
0.017247
-0.018598
-0.031914
-0.016510
0.046212
0.028847
-0.048580
-0.029994
0.002709
-0.039057
-0.034953
0.098268
0.107927
0.055214
-0.035847
-0.050490
0.015040
0.085978
0.066731
0.051418
0.077878
0.022811
-0.008227
0.001621
0.057113
-0.006793
-0.051213
0.043950
0.055810
0.081062
0.050878
0.007402
-0.007610
0.051745
0.075912
0.146526
0.087681
0.066303
0.066219
0.026366
0.006742
-0.013188
0.002875
0.038063
0.001700
0.050353
0.033159
-0.021502
-0.028779
0.058324
0.001070
-0.042370
0.004019
-0.017499
-0.047543
-0.012270
-0.047712
-0.091819
0.043388
0.063249
0.003709
0.021058
0.073171
-0.016065
-0.004076
-0.018128
-0.147933
-0.030603
-0.043600
0.013200
0.031725
-0.066219
-0.025450
0.019285
0.021570
-0.107014
-0.025186
0.033635
-0.028509
0.075354
0.075949
0.047170
0.055023
0.060534
0.099991
0.081805
0.075893
-0.011287
-0.117102
-0.033763
-0.001375
-0.095550
-0.070593
-0.078708
-0.017009
-0.079226
-0.041088
-0.083225
0.038549
-0.040340
-0.014572
-0.030514
0.052731
-0.040862
-0.010961
0.092028
0.010417
-0.010554
-0.023673
0.032285
-0.028628
0.053860
0.164031
0.017317
-0.066869
-0.042216
-0.073439
0.001056
0.033637
-0.043474
0.011512
0.076581
0.006100
-0.041764
0.026296
0.025552
0.017139
0.008651
0.028126
0.058573
-0.043273
-0.048362
-0.001694
0.088293
0.110337
-0.017177
0.015944
0.040441
-0.070613
0.030747
0.010317
-0.043713
-0.070996
-0.003736
-0.065926
-0.030488
-0.012062
-0.088012
0.012632
0.029969
-0.042423
-0.003934
0.025613
0.008811
0.013625
0.004270
0.011676
-0.009303
0.057240
0.012611
-0.009293
0.046001
-0.067910
-0.005662
0.077355
0.008971
0.035124
-0.053939
-0.033528
0.042056
0.020069
0.030001
0.022845
-0.002820
0.042326
0.039022
0.039861
0.031858
0.032439
-0.024814
0.061664
0.100094
0.037135
0.123980
-0.035351
-0.061780
0.032850
-0.052399
0.025903
0.000816
0.008576
0.045007
0.012955
0.053165
0.001390
0.072614
-0.042894
0.015570
0.054314
0.008884
0.045951
0.007845
0.052740
0.022602
0.030170
0.104876
0.038526
-0.056524
-0.012596
0.031042
-0.107825
-0.043847
0.051368
0.012503
-0.016652
0.044924
0.080986
-0.024833
0.022451
0.081113
0.062489
0.070347
-0.017035
-0.011803
-0.013862
-0.029270
0.045971
-0.009801
0.057134
0.052022
-0.000528
0.096777
0.100121
0.037320
-0.005432
0.013360
0.030527
0.018805
0.126271
0.033147
-0.035686
0.081701
-0.032752
-0.052641
0.022629
0.117274
0.090207
0.027981
-0.004495
0.007858
0.028173
-0.036705
0.065269
0.081893
-0.056015
0.052506
0.011614
0.027071
0.040538
-0.026144
0.030176
-0.007091
-0.045510
0.048787
0.012848
-0.033797
0.056395
-0.036286
0.034268
-0.000399
0.036100
0.026981
0.058165
-0.030887
-0.036140
0.033959
0.018406
0.069614
0.062176
-0.007760
0.066770
0.006275
0.025417
0.127507
0.044256
-0.001212
-0.018240
0.080545
0.032910
0.048722
0.057447
-0.006415
0.090089
0.067802
-0.010033
-0.007394
0.053891
0.034707
0.001911
-0.019788
-0.017499
-0.013531
0.058452
0.021741
0.042069
0.018266
-0.026522
0.024828
0.040184
0.057866
0.002041
-0.005586
-0.004262
-0.036007
-0.004313
0.082734
0.019336
-0.047226
-0.010401
-0.154374
-0.129422
-0.036029
-0.015314
0.007340
-0.059795
-0.009834
-0.013743
0.043118
-0.008374
-0.039187
0.033628
-0.018584
0.052264
-0.074152
-0.033405
-0.018280
-0.060466
-0.013914
0.002433
-0.057076
0.091800
-0.014314
0.032117
0.059607
0.080265
0.049145
0.001752
0.096846
0.091074
0.003452
0.008563
-0.058975
-0.022875
-0.085619
0.013474
0.021563
-0.041440
-0.004987
0.017404
0.041440
-0.081641
0.004061
0.084033
-0.107479
0.027237
0.135182
-0.046925
0.016049
-0.029190
0.023398
-0.073612
-0.082477
-0.085407
-0.054706
-0.057924
-0.080402
0.066344
-0.051315
0.015529
0.035524
-0.043571
-0.027379
0.071105
-0.065416
0.055585
-0.000742
-0.038963
0.003643
-0.063136
-0.041227
-0.068482
-0.025982
0.037982
0.007559
0.019714
-0.079319
0.002153
-0.029928
-0.001998
-0.015358
-0.007655
-0.025319
-0.112723
0.021989
0.023451
-0.051019
0.005513
-0.070113
-0.028198
-0.011232
-0.031967
-0.007157
0.030181
0.063812
0.039666
-0.012045
0.011749
0.021676
-0.010304
0.038702
0.039808
0.011980
0.078431
0.156136
0.059814
0.030524
-0.007589
0.030978
0.010494
0.071652
0.001369
0.037562
-0.009633
-0.009428
0.069891
0.045944
0.014690
-0.133817
-0.037573
0.033444
-0.035135
0.033590
0.054076
0.045614
0.123302
0.034793
0.011560
0.038310
0.001598
-0.060073
-0.004459
-0.018900
0.059231
0.075112
0.034448
0.084461
-0.074777
-0.054171
0.029674
0.032725
-0.039135
0.019579
-0.080974
-0.124394
-0.141623
-0.058862
-0.050881
-0.108438
-0.013840
0.014972
-0.065956
-0.044669
-0.027511
-0.074861
0.025664
0.044237
0.009659
-0.041648
-0.022200
-0.041173
-0.014715
0.036602
0.095105
0.074687
-0.064249
0.013909
0.024017
0.114863
0.058036
0.007073
0.027894
0.016916
-0.004059
0.057570
-0.026249
-0.010092
0.117128
-0.023802
0.099285
0.110948
0.020280
0.061297
0.070173
-0.046708
-0.030684
0.020645
0.010915
0.028479
0.001702
-0.033389
-0.048104
-0.016185
-0.049514
-0.029563
-0.099145
-0.044234
0.040348
-0.008967
0.009937
0.022213
0.017565
-0.021636
-0.007051
-0.042179
-0.024648
0.100938
-0.064760
-0.013373
0.043055
-0.091070
-0.019105
0.007084
-0.007523
-0.059901
-0.006145
-0.000548
-0.048240
-0.101916
0.049559
0.107836
0.005038
-0.018675
-0.019779
0.034917
-0.036654
0.005562
0.000031
0.054718
0.068526
-0.001716
0.017549
0.015997
0.091570
0.005869
0.041840
0.044253
-0.059481
0.044860
0.023390
-0.055720
-0.053092
0.061291
-0.006873
-0.020793
-0.021591
-0.010190
-0.037425
-0.100016
-0.028795
0.066083
0.068640
0.130807
0.074464
-0.025761
0.048638
0.027740
-0.021206
-0.044367
-0.034014
-0.048401
0.009769
-0.008356
-0.031322
-0.032343
-0.065094
-0.028519
-0.086584
-0.042912
-0.033821
-0.015110
0.028130
0.057382
0.057754
-0.004096
-0.048531
-0.044971
0.016984
-0.021740
-0.101270
0.000172
-0.073450
0.009798
0.068606
0.039950
-0.045233
-0.023637
0.025838
-0.006610
-0.081635
-0.043124
-0.017311
-0.123226
-0.077609
-0.061331
-0.043788
0.047049
0.002395
0.051915
-0.003165
0.053335
0.033300
-0.006253
0.016449
0.008456
-0.012690
-0.017071
-0.047362
-0.118597
-0.097354
0.014037
0.061702
0.074479
0.021172
0.051263
0.115127
-0.012878
0.125145
0.005988
-0.069126
-0.054357
-0.014899
0.032830
-0.085897
0.044607
-0.117132
-0.028550
0.062868
-0.074514
-0.061175
0.015712
-0.062615
-0.072330
0.000718
-0.060298
-0.005986
0.053988
-0.018297
-0.088502
0.015478
-0.039406
-0.018043
-0.054756
0.040667
-0.027264
-0.114071
-0.042616
0.023470
0.079637
0.027191
0.004930
0.076582
-0.020001
-0.153281
-0.043138
-0.035242
-0.070991
0.032153
0.075037
-0.004052
0.004362
0.032806
0.001244
0.054766
-0.055416
0.009797
0.038827
-0.120177
-0.093238
-0.020458
-0.055759
-0.013816
-0.113574
-0.066080
0.036666
-0.178314
-0.031606
0.009494
-0.062793
-0.071609
-0.046699
-0.079453
0.098370
0.070200
0.013821
-0.032686
-0.022552
0.022782
0.007231
0.000909
-0.033382
0.013843
-0.005554
-0.048828
-0.056518
-0.026761
0.028502
0.053146
0.006318
0.004029
0.023230
-0.039907
-0.108788
-0.036596
-0.019615
-0.088975
-0.006913
0.002297
0.040757
-0.006455
0.014234
0.024060
0.012319
0.019068
0.019566
0.017599
-0.016140
0.021837
-0.014496
-0.041566
-0.043953
-0.022438
-0.061470
0.016366
-0.028521
-0.096323
0.015933
-0.016463
-0.011701
0.033879
0.076660
0.064138
0.015521
-0.082576
-0.078016
-0.017098
-0.053495
-0.010467
-0.002723
0.000503
0.112456
0.032830
0.105956
0.096826
0.039392
-0.029120
0.069782
0.057016
-0.037040
-0.023746
-0.024940
-0.055106
-0.057696
0.050248
0.122564
-0.005847
-0.002245
0.042280
0.028701
0.022220
0.032797
-0.007498
0.040976
0.045816
-0.045018
0.011565
0.058257
0.040757
0.140147
0.084919
0.066316
0.042749
0.063742
0.099618
0.074552
0.056511
0.109718
0.145765
0.000821
-0.052578
0.048098
0.014759
0.027310
-0.045302
-0.075563
0.044483
-0.036049
-0.061020
0.027197
-0.010703
-0.053065
-0.022264
0.098498
0.112763
-0.017292
0.037928
0.019893
-0.089031
0.018774
-0.020096
-0.090297
-0.062351
0.014900
0.028383
-0.030466
0.021184
0.016574
-0.028916
-0.012848
-0.014278
-0.009452
-0.056397
0.061483
0.069948
0.013130
0.000005
-0.011463
0.117548
-0.017992
-0.035208
0.022930
-0.058946
-0.101944
-0.056596
-0.078557
-0.111343
-0.030302
-0.069160
-0.024493
-0.005982
0.015265
0.017246
-0.014575
0.065036
0.019315
0.100033
-0.045209
0.112277
0.035251
0.018783
0.048631
0.012631
-0.019982
0.067647
0.045230
0.012894
-0.030911
-0.062081
-0.049909
-0.063639
-0.061997
0.009256
-0.050739
0.036529
-0.003440
-0.077877
0.066077
-0.004344
0.087675
0.075228
0.024811
-0.067632
-0.029075
-0.024065
-0.055976
0.007548
0.043205
0.033967
-0.037153
-0.064766
-0.049905
-0.028529
0.004512
0.059659
0.013305
-0.012287
0.018023
-0.005289
0.027810
0.076821
-0.008124
-0.015913
0.025517
-0.001356
0.003496
0.011422
0.126589
0.090784
0.037550
0.022095
-0.006161
-0.003114
0.043034
0.021617
-0.069408
0.030937
-0.002726
0.026229
0.030183
-0.059898
-0.014812
-0.012348
-0.090720
-0.064784
0.067518
0.049355
0.053379
0.007015
0.010865
0.100312
0.055862
-0.077842
0.010829
0.001014
-0.055574
-0.077140
-0.065605
-0.007256
0.030702
0.049019
-0.089386
0.080929
-0.006478
-0.122423
0.092049
-0.082008
-0.144634
-0.076304
-0.032809
-0.058746
-0.054495
-0.029818
-0.011552
-0.027988
0.024345
-0.108517
0.029089
0.009079
0.005263
0.057946
0.108468
0.027152
-0.036611
-0.004667
0.047172
-0.062599
0.052404
0.065140
-0.001051
0.121825
0.055244
-0.031210
-0.018885
0.044840
-0.064444
-0.034613
-0.032497
-0.075507
0.028985
-0.070104
-0.007959
0.024531
-0.038597
0.048468
-0.022477
0.010317
-0.018283
0.039941
0.042408
0.002974
0.042058
0.024145
0.046304
0.030719
-0.063110
-0.030783
-0.129594
-0.075765
-0.011436
-0.008485
-0.043462
-0.049335
-0.011206
0.046286
0.043562
0.049880
0.093342
0.086735
0.120009
0.043894
0.020495
-0.025949
0.019394
0.046391
-0.055779
-0.038718
0.019581
-0.039682
0.001459
-0.030679
-0.062797
-0.081944
-0.124478
0.041648
0.010500
-0.002671
0.004861
-0.026381
0.052724
-0.016152
-0.017704
-0.036762
0.033205
0.064465
0.014901
-0.043714
-0.041771
-0.093070
-0.127196
-0.093660
-0.077786
-0.065546
-0.016173
0.089859
0.045972
0.069820
-0.008178
0.032957
0.008050
-0.009258
0.029801
-0.019637
0.058140
0.017379
-0.002978
0.038634
0.109585
0.145375
0.010867
-0.029079
0.044395
-0.032319
0.024421
0.025439
-0.060390
0.050955
0.015494
-0.018888
0.028527
-0.027685
0.066676
0.079994
0.043375
0.101414
0.006015
-0.014696
0.007810
0.024298
-0.063156
-0.006990
-0.064405
0.026713
0.082893
0.019736
-0.034722
-0.078846
0.024075
-0.069405
-0.048065
-0.004579
0.065580
0.000469
-0.035052
0.025146
-0.001560
0.054520
0.025953
0.074577
0.090342
0.005931
0.006070
0.000871
-0.003999
0.008653
-0.007447
0.078262
0.053433
-0.003130
0.047800
0.028223
-0.065666
0.000474
0.032141
0.041943
0.042793
0.125871
0.033210
0.069627
0.061303
0.107284
0.041858
-0.030988
0.031724
0.052809
0.095723
-0.005399
0.118707
0.093731
-0.016321
0.033059
-0.022469
0.036792
0.065052
-0.031270
-0.030206
-0.044929
-0.101836
0.056650
0.019221
-0.030417
-0.004836
-0.019051
-0.064974
0.033015
0.038308
0.097316
0.030375
0.005324
-0.002467
-0.027036
-0.002681
-0.040549
0.019141
0.018643
-0.013083
-0.002905
-0.017107
-0.020964
0.026136
-0.017017
0.038150
0.017515
-0.080236
0.025686
-0.003078
0.025907
-0.019000
0.085692
-0.032543
-0.027769
-0.054146
-0.106348
-0.016407
0.065705
0.042347
0.065825
0.028723
-0.052812
0.035843
0.031323
-0.013122
0.008333
0.055862
0.014427
-0.012499
0.017702
0.003744
-0.001289
0.025050
0.013572
0.021629
-0.014098
0.014696
-0.026307
0.005663
0.050279
0.087080
0.133726
0.024480
0.049003
0.020243
-0.082320
0.019049
0.030378
0.056242
0.129512
0.029203
0.041978
0.027917
-0.025556
-0.062599
-0.068682
-0.026850
-0.028125
0.046025
0.020702
-0.038270
0.071163
-0.011042
-0.007106
0.012720
0.006520
-0.001736
-0.015587
-0.005854
0.060115
0.001432
-0.087989
0.003098
0.038864
0.050861
-0.034498
-0.034007
0.049197
-0.028206
-0.090883
0.053132
-0.065656
-0.020887
0.096580
-0.032980
-0.013014
-0.008933
0.039057
0.075517
-0.028798
-0.045663
-0.035480
-0.028830
-0.026979
-0.020394
-0.059232
0.028054
0.059077
-0.017180
0.039608
0.017500
0.016104
0.023296
-0.058297
-0.010293
0.078533
-0.025793
-0.009617
0.058760
0.008032
0.000913
-0.054724
0.024824
0.130401
0.025364
-0.057598
-0.029707
0.014059
0.033150
0.041481
0.029931
0.016581
0.034528
0.007165
0.093422
0.123286
0.087704
0.083285
0.117736
0.067381
0.004136
0.034843
0.024168
0.019238
0.090636
-0.052937
-0.051287
0.067597
-0.049636
-0.000373
0.019368
-0.022238
0.019088
0.025093
0.028808
0.033812
0.117483
0.036726
0.101101
-0.018171
0.065128
0.049321
0.076285
0.047352
0.067925
0.039627
-0.084414
-0.020900
-0.081928
-0.033938
-0.039278
0.010850
-0.041242
-0.099551
-0.026680
0.002189
0.004988
0.050403
-0.065386
-0.009919
-0.042545
0.048797
0.031387
0.001877
0.060232
0.000108
0.047222
0.047143
-0.048750
-0.020944
0.003546
-0.026913
0.057016
0.044210
0.047911
0.019881
0.004202
0.076469
0.065617
-0.052479
0.012037
-0.006460
-0.008844
-0.014456
0.008694
0.018001
-0.037225
-0.042786
0.015938
-0.031037
-0.023754
0.071415
0.029027
-0.009066
0.083635
0.057829
0.026494
0.059111
0.049344
0.004088
-0.035276
-0.030796
0.018934
0.018322
0.007901
0.006872
0.008463
0.024666
-0.046129
-0.042274
0.019655
-0.024546
-0.000801
-0.035187
-0.046206
-0.015929
0.054016
0.088622
0.072742
-0.031476
-0.062738
0.064899
-0.012992
0.030789
0.088844
-0.020559
-0.116713
-0.077456
-0.017871
0.084980
0.071561
0.021165
0.063640
-0.000596
-0.028694
-0.035114
-0.035183
0.016837
-0.089820
-0.144277
0.008992
-0.028648
-0.074388
-0.008146
-0.022473
-0.057982
-0.084575
-0.025879
0.007596
-0.025449
0.047659
-0.053440
-0.011769
-0.066708
0.034915
-0.005220
0.005683
0.151620
0.006311
0.036897
0.069426
-0.029195
-0.052781
-0.017088
-0.035408
-0.075658
0.021885
0.051993
-0.014085
0.026939
0.011923
-0.032628
-0.014913
0.021196
-0.005696
0.077106
0.030579
0.026135
0.069592
0.046053
-0.021412
0.131742
0.114976
-0.060344
-0.016695
-0.093314
-0.121317
0.015915
0.056942
-0.033841
0.046175
0.120311
0.075673
0.017877
-0.001971
-0.001387
0.004793
0.096407
-0.053613
0.055405
0.007557
-0.070182
-0.048118
-0.003540
0.077024
-0.007459
-0.018353
-0.024205
-0.008058
0.021037
-0.037669
-0.101515
-0.007574
0.015440
-0.055041
0.013154
-0.029335
-0.013365
0.025410
0.018581
0.033957
-0.008721
0.018221
0.045305
-0.057387
0.002121
0.013247
0.001744
-0.024802
-0.003495
0.009509
0.070190
0.088387
0.061299
0.040265
0.081935
0.024964
0.039654
0.023853
-0.000992
0.047106
0.018115
-0.045626
0.022265
0.073969
0.032755
-0.000662
-0.055307
-0.029546
0.036007
0.042627
0.015519
0.057467
0.019936
-0.017755
-0.024300
-0.078976
-0.056400
-0.033716
-0.082448
-0.022259
-0.036921
-0.042909
-0.032764
0.011326
-0.039709
-0.036902
-0.021384
-0.047798
-0.036319
0.003384
-0.078214
-0.025870
0.055812
-0.019793
-0.076448
-0.022680
-0.026059
0.035165
0.076443
0.020804
0.017502
0.001207
0.011036
0.056519
0.110333
0.088914
0.092496
0.098897
0.055441
0.022871
0.083417
-0.044999
0.018109
0.046643
-0.029229
0.126631
-0.013319
-0.062976
0.064465
-0.003508
0.023064
0.010573
-0.003899
0.047563
-0.034957
-0.047426
0.047548
0.092163
-0.169006
-0.013685
0.049743
0.069341
0.124767
-0.070814
-0.006700
0.041671
0.027469
0.019812
0.007531
0.044579
0.042196
0.032460
-0.051008
0.050692
-0.030021
0.033758
0.072388
0.046653
0.048583
0.026222
0.096443
0.083766
0.021051
-0.010993
0.002666
0.082164
-0.077667
-0.113949
-0.072065
-0.040470
0.006330
-0.045853
-0.012098
0.041033
0.072896
0.043718
0.004121
0.001842
-0.038047
0.047209
-0.057099
-0.057046
0.052330
-0.014154
-0.005940
-0.017121
-0.033386
-0.000610
-0.085608
-0.000289
0.030772
0.059300
0.030900
-0.005142
0.023828
0.008531
-0.032094
0.051388
0.027155
-0.082889
0.000130
0.012836
-0.089053
0.043646
0.044832
-0.072571
-0.030403
0.021043
0.043597
0.027605
0.067647
0.036441
-0.016043
0.010447
0.071603
0.046503
0.019043
-0.004556
0.059707
0.054510
0.002587
-0.036984
-0.015604
-0.057633
-0.013793
0.068357
-0.039226
-0.040793
-0.050663
0.002731
-0.063044
0.002689
0.069687
-0.061763
0.059805
0.011494
0.027547
-0.007184
-0.059045
-0.000817
0.018645
-0.006563
0.015861
0.040079
-0.015136
0.001375
0.021189
-0.053647
-0.046751
-0.039813
0.000494
0.004793
-0.066701
-0.014611
0.011160
-0.006121
0.040008
-0.037324
0.032402
0.028391
-0.017677
0.062617
-0.015387
-0.009831
0.017671
-0.081089
-0.001649
-0.077835
-0.048176
-0.026834
-0.031472
0.111513
-0.007343
0.055083
0.038575
-0.060163
0.000693
-0.030089
-0.059728
-0.043553
-0.047304
0.037275
0.136172
-0.009823
0.031216
0.087968
-0.073248
0.002140
-0.012673
-0.033401
-0.053951
-0.012187
-0.064979
-0.029107
-0.009488
0.004300
-0.020279
-0.031514
-0.048719
-0.064602
-0.016403
-0.005055
0.060646
0.046725
-0.040858
-0.045992
0.059168
-0.026345
-0.092364
0.042605
-0.007263
0.042607
0.022851
-0.017526
0.006520
-0.057771
-0.030179
0.028996
0.046940
0.043639
-0.040715
-0.041498
0.015767
-0.008726
-0.003136
-0.060740
-0.035603
-0.004986
0.088235
0.085576
0.026674
0.022224
0.048846
0.030300
0.012488
0.109109
0.002246
0.035051
-0.038211
-0.066234
-0.008016
0.024121
0.061327
0.096327
0.088671
0.012022
-0.019911
0.053483
0.059323
-0.002752
0.099161
0.131075
0.059012
0.046315
0.034386
0.002089
0.041975
-0.000016
-0.054671
0.051569
-0.076872
-0.005510
0.041577
-0.038700
0.013425
-0.052496
-0.016276
0.050115
-0.092497
-0.031357
0.039221
-0.024704
0.060100
-0.020006
-0.072702
-0.004487
0.018706
-0.062085
0.041454
0.048097
0.043452
0.057730
0.032933
-0.007044
-0.070150
-0.012302
0.005724
0.033767
0.033738
0.012129
-0.091502
-0.043924
0.059503
0.070138
0.056385
-0.005630
0.044151
0.024827
-0.047412
0.028836
0.049646
0.027928
-0.013639
0.007801
0.009760
0.024277
-0.022479
-0.079206
-0.012920
-0.079115
-0.067873
0.003853
-0.077993
0.064099
0.058860
0.011881
0.032296
0.062253
0.015998
0.012262
0.103118
-0.008295
0.012437
-0.074000
0.001778
0.052222
-0.037552
0.033586
0.039184
0.006165
0.081431
0.037174
-0.075406
-0.004853
-0.075206
-0.018061
0.081423
-0.066644
0.033869
0.104200
0.006477
0.055188
0.024673
-0.040391
-0.051109
-0.030037
-0.005806
-0.003973
-0.054235
-0.029484
-0.081351
-0.067099
-0.002615
-0.086056
-0.023917
0.059464
-0.127435
-0.066479
0.027117
0.015117
-0.015636
0.038846
0.061711
0.093226
0.014696
-0.071697
0.027201
-0.078152
-0.024430
-0.049558
-0.014513
0.006404
0.017080
0.107997
-0.036866
0.001673
0.041069
0.090858
0.047093
0.013219
-0.010668
-0.072357
-0.027252
0.070554
-0.002833
-0.082745
0.124847
-0.026277
-0.035572
0.045614
0.014273
0.052296
0.056069
-0.049157
0.028079
-0.055357
-0.039364
-0.005765
0.002847
0.012829
0.106023
0.051151
0.007165
0.064859
0.046710
0.052990
0.054907
0.075965
0.028009
0.004407
-0.010445
-0.045121
-0.049979
-0.046434
0.069842
-0.046789
0.013745
0.014308
0.008864
0.011457
0.048110
0.115290
0.029240
-0.010384
0.047414
-0.028776
0.019782
-0.057600
0.016978
0.059161
-0.033814
-0.009703
0.064086
-0.005856
0.021950
0.056973
0.035564
0.048634
0.001469
0.087178
0.102841
-0.020484
-0.013887
-0.029658
-0.064788
0.023633
-0.004711
0.066482
0.115244
0.007977
-0.001324
0.080864
-0.013221
0.033436
0.056374
0.022283
0.083650
0.091582
0.067077
0.091710
0.033808
0.117866
-0.022967
-0.022585
0.013053
-0.060491
0.001978
0.018015
0.024828
-0.005729
-0.049316
-0.020369
0.091140
0.089172
0.008356
0.050098
0.041836
-0.067226
-0.049753
-0.045024
-0.017360
-0.034502
0.005524
-0.037692
0.050840
0.002233
-0.000731
-0.024188
-0.059542
0.075186
-0.063274
-0.023572
0.049591
-0.036004
0.054872
0.019314
-0.041017
0.054619
0.019315
0.005291
0.039050
-0.036052
0.003092
0.041822
0.039563
0.010355
-0.051909
0.053018
0.038584
0.040201
0.061215
-0.007713
0.066194
-0.028717
-0.058044
-0.015948
-0.025441
0.013374
-0.008972
-0.011751
-0.052203
0.002420
-0.020782
-0.012637
-0.026047
0.055394
0.034977
0.010186
0.031830
-0.001047
-0.095217
-0.065209
-0.091945
-0.069770
0.013298
0.057982
0.036067
-0.005694
0.065622
0.010900
-0.032168
0.074876
-0.048618
-0.133222
-0.064968
-0.095480
-0.022406
-0.042590
-0.066756
0.054165
0.036000
0.011835
-0.029132
0.058130
-0.024969
0.027177
0.067739
-0.062782
-0.117316
0.038766
0.033899
0.113908
0.080447
0.053242
0.026938
-0.041346
-0.025646
-0.007056
0.032105
0.037522
0.001192
-0.008183
0.031474
-0.032908
-0.117603
-0.041641
0.000964
-0.145125
-0.139561
-0.084269
0.009458
-0.040468
0.061453
0.008252
-0.021743
0.114824
0.078517
0.068060
0.031204
0.027830
0.091641
0.009073
0.003053
0.075404
0.016075
-0.006877
-0.027484
-0.030182
-0.018428
0.050918
0.127567
0.085149
0.087082
-0.007370
-0.001555
0.006427
-0.019183
0.023080
-0.015433
0.010706
0.070284
0.062577
0.035982
0.009888
-0.030701
0.079234
0.100871
0.013824
-0.109935
-0.044617
-0.019014
0.011648
0.023240
-0.028383
-0.077052
-0.039885
0.039089
-0.046638
-0.098537
-0.001039
-0.011404
0.021104
0.082883
0.019300
-0.031575
0.003421
0.019864
-0.065449
-0.029386
0.037624
-0.039880
0.016077
0.025788
-0.046325
-0.029703
-0.012384
-0.032497
0.054703
0.025104
-0.011839
0.017126
-0.022269
-0.004160
0.067574
0.036845
0.047116
-0.037610
-0.053803
-0.005472
0.021317
-0.031243
-0.038390
0.005181
0.052509
0.018096
0.016608
0.018826
-0.024016
0.031636
0.027978
0.026407
0.019672
-0.073340
-0.107163
-0.038032
-0.042528
-0.043956
-0.032919
-0.054513
-0.061213
-0.044898
-0.060054
0.000673
0.005038
-0.085288
-0.053449
-0.091134
-0.003210
-0.113569
-0.019581
0.068733
-0.012410
0.055426
0.066279
-0.007221
-0.077078
-0.046532
0.078579
-0.016958
0.000522
0.030613
-0.044223
0.104342
-0.071177
-0.054806
0.011511
-0.069823
-0.031341
0.011945
0.054734
-0.044500
-0.001480
-0.048381
-0.051843
-0.012779
-0.011232
-0.050597
0.008762
0.015979
0.002047
-0.019048
-0.048397
0.034218
-0.037660
-0.035950
0.038845
-0.064963
0.058092
0.017715
0.050275
0.124470
0.055891
0.040650
-0.001550
-0.067412
-0.012498
0.039329
-0.003644
0.011397
0.030477
0.061735
0.052504
0.030219
-0.001226
-0.016700
0.015728
0.009082
0.019040
-0.010528
0.011049
0.032752
0.026521
0.037159
-0.003310
0.036656
0.032011
0.078551
0.066400
0.007236
0.046928
-0.051703
-0.004820
-0.102381
-0.034256
0.070725
0.113526
-0.020449
-0.023016
0.060793
0.071746
0.091445
0.044448
0.048741
-0.056212
-0.006167
0.031436
-0.060470
0.072608
-0.035024
-0.060945
0.065168
0.090709
0.138308
-0.000685
0.096697
0.010604
-0.005096
0.106250
-0.010939
0.075786
0.013770
0.081415
0.011653
-0.016583
0.011645
-0.072974
-0.111250
-0.077563
-0.006882
-0.000499
0.050311
0.026316
0.074132
0.082605
-0.020833
0.037117
0.054097
0.005920
-0.018829
0.080154
0.092782
-0.062658
0.055112
0.065601
0.032499
0.003480
-0.043525
-0.030951
-0.071534
-0.035657
-0.015314
0.039838
-0.086457
0.010859
0.080699
0.033320
-0.024464
-0.059592
-0.008563
0.077935
-0.021956
-0.033505
-0.026981
-0.020739
-0.063473
-0.056990
-0.035481
-0.018251
-0.057956
-0.036294
-0.046508
-0.090970
-0.024579
-0.019735
0.060240
0.037794
-0.029454
-0.013137
-0.053437
-0.021266
0.008921
0.047202
0.038819
0.048700
0.083918
0.000148
0.004009
0.018186
-0.025274
0.022859
0.007836
0.027960
-0.021623
-0.023481
0.027155
0.021275
0.011766
0.007189
0.017496
-0.012975
-0.014312
-0.058592
0.127091
0.006338
0.034384
0.139479
0.060947
0.117212
0.000998
-0.012573
0.048229
0.014339
0.010224
0.009665
-0.017630
-0.035953
0.020787
0.033232
-0.044600
0.011924
0.007131
-0.021016
-0.008762
0.015853
0.033621
0.013199
0.093471
0.093931
0.076356
0.067849
0.095556
0.110378
0.030494
-0.044486
0.040963
0.044392
-0.024487
-0.003274
-0.001176
0.034771
0.060418
-0.024870
-0.010421
-0.007115
0.086039
-0.004105
-0.077110
-0.057058
0.032043
-0.023074
-0.096415
-0.100855
-0.106243
0.015684
0.005679
0.000314
-0.042781
-0.039967
-0.018133
-0.064043
0.009319
-0.019077
0.003616
0.036474
-0.075998
-0.083157
0.052753
0.071813
0.009271
0.035886
0.055132
0.025959
-0.006115
0.009771
0.020384
0.018181
0.030756
0.103808
0.035369
0.070175
0.136236
0.104156
0.066677
-0.026811
-0.011373
-0.017325
0.090613
-0.014991
0.068654
0.063222
-0.030507
0.024969
-0.015954
-0.001826
0.115594
0.111799
0.070734
0.049830
0.089040
-0.035366
-0.073157
0.020041
-0.056213
-0.032503
0.075025
0.063085
0.024859
0.002161
0.011173
-0.101652
-0.043556
0.006916
-0.049667
0.004430
0.075212
0.031970
-0.026545
0.110372
0.113177
-0.027694
-0.021943
0.005316
0.015356
-0.018034
-0.037394
0.084851
-0.022169
-0.096345
-0.070724
-0.008249
-0.017347
-0.025868
0.050190
0.011948
-0.016286
0.035541
0.029508
-0.067148
-0.097840
-0.050493
0.038793
-0.015517
-0.061789
-0.084425
-0.035320
-0.008488
0.085598
0.022358
0.106002
0.067994
0.086635
0.146574
0.039127
-0.045167
-0.002827
0.070473
-0.040927
0.022803
0.011638
0.058820
0.031950
0.038174
-0.044403
-0.011826
0.032026
-0.012602
-0.011213
0.014715
0.057023
-0.019993
-0.011340
0.030257
-0.065470
-0.062091
0.023812
-0.075315
0.009052
0.063568
0.064691
0.029497
0.018347
0.027858
0.070474
0.079700
0.087478
0.053539
-0.027159
-0.060716
-0.059505
-0.000591
0.012428
-0.040507
0.000120
-0.013219
0.039465
0.036127
-0.004390
0.007476
-0.003187
-0.087383
-0.048223
-0.092349
-0.020722
-0.009650
-0.050919
0.021201
-0.056453
0.072441
-0.044242
-0.019263
-0.004733
-0.053132
0.032574
0.005576
-0.052084
-0.042141
0.013973
-0.099073
-0.016897
0.039997
-0.074772
-0.043841
0.035398
0.020725
-0.027003
-0.015286
0.015964
-0.023011
0.040960
-0.031638
-0.059969
-0.029399
-0.048393
0.049250
-0.022488
-0.028673
0.025466
0.064652
0.026238
0.005801
0.090745
-0.076116
-0.018677
0.047479
0.008937
-0.023122
0.044855
0.028737
0.031092
0.087566
0.003742
0.044935
-0.020233
-0.044818
0.050720
0.043790
-0.005830
-0.033000
0.050767
-0.054539
-0.049597
0.025884
0.006211
0.026876
0.014040
-0.004940
0.053256
0.079584
0.049069
-0.006042
0.058363
0.083961
-0.005368
0.007709
0.072767
0.047264
-0.037227
0.007154
-0.000201
0.012355
-0.023125
0.022925
0.016553
0.027868
-0.042245
0.031979
0.017453
-0.003895
0.027226
0.020508
0.035851
0.000125
-0.022450
-0.060067
-0.021328
-0.004508
-0.055599
0.065044
0.001288
-0.040748
0.039928
0.023563
-0.022450
0.042036
0.019016
-0.030252
-0.061985
0.044456
-0.073955
-0.080222
-0.000262
0.053604
-0.039619
0.043768
0.078743
-0.112212
-0.058545
-0.070477
-0.032995
0.037874
-0.006108
0.025442
-0.018488
-0.001204
-0.000697
-0.007022
0.033322
-0.000468
0.021172
0.083224
0.025848
-0.023405
0.019142
0.001570
0.093786
0.055745
0.080926
0.072969
-0.012847
0.126048
0.053678
0.010390
0.003969
0.008778
0.095357
-0.084311
-0.071772
0.030518
0.082166
0.056359
0.055495
0.073662
-0.006163
-0.066094
-0.011980
0.043180
-0.086305
-0.053252
-0.012114
0.019511
-0.078214
0.028243
-0.021005
0.014247
0.061640
-0.062691
0.053469
0.070746
-0.017834
0.053662
-0.022083
0.056600
0.017056
-0.114454
0.088924
-0.038954
-0.026697
0.086127
-0.021210
-0.030444
-0.017994
0.009963
-0.049136
0.046795
0.013045
-0.071174
-0.030211
-0.027501
-0.095533
-0.073808
-0.016948
-0.040456
-0.028181
0.017929
-0.037395
-0.031042
0.014768
-0.022772
-0.004314
-0.011723
0.054401
0.125517
0.016781
-0.003631
0.031117
0.029103
0.045701
0.036277
-0.036638
0.055503
0.041942
-0.008259
0.033816
0.056267
0.047967
-0.023917
0.024972
0.028311
-0.064398
0.005013
-0.049539
-0.114922
-0.001204
-0.041126
-0.121326
-0.114751
-0.030669
-0.048522
0.005367
-0.102742
-0.050065
0.101173
-0.000442
-0.023241
0.120670
0.063159
0.077501
0.062687
-0.060580
-0.017024
-0.032816
0.035312
0.018426
-0.052410
-0.118736
-0.081269
-0.065926
-0.031861
-0.062845
0.029188
0.076692
-0.073737
0.071964
0.046531
-0.026549
0.019849
0.051190
0.021878
0.043183
0.018621
-0.024981
-0.049007
-0.024901
0.029312
-0.060896
-0.134702
0.034567
-0.008664
-0.030324
-0.017010
-0.036782
-0.057471
-0.001352
-0.024355
0.018696
0.044434
0.029627
0.040642
-0.021414
-0.012544
-0.007834
-0.131851
-0.044461
-0.012762
-0.050354
0.042442
0.061812
0.021391
-0.001898
0.010697
-0.005230
-0.073208
-0.076957
0.020188
0.019528
0.061673
0.052070
0.071930
0.005192
0.050392
0.002376
-0.014298
0.038928
0.038206
0.005607
0.038057
0.054600
-0.065732
-0.031232
0.008296
0.066034
0.003676
0.025918
0.062371
0.078787
0.022838
0.068666
0.023766
-0.014275
0.018804
0.015200
-0.014591
-0.016228
-0.014491
0.002803
0.052621
-0.020876
0.000499
0.010736
0.003054
-0.016716
-0.033277
-0.006597
-0.061823
0.011971
-0.029229
-0.064050
0.012818
0.001433
-0.040622
0.101334
0.075402
0.010909
0.098495
0.066748
0.054169
-0.056697
-0.026460
0.010019
0.120097
0.089192
0.001776
0.013375
0.068321
-0.004527
0.029623
0.076629
0.039654
0.019161
0.060058
0.106917
0.001482
-0.044532
0.007507
-0.040926
-0.051395
0.004446
-0.008856
-0.076171
-0.160776
-0.095578
0.008062
0.013432
-0.009186
0.075168
-0.034084
0.012510
0.060150
-0.045027
0.002008
-0.036404
0.054422
0.034960
0.071931
0.057763
-0.001271
0.012666
-0.000367
0.016119
-0.071261
0.000177
0.119318
0.076888
0.078971
0.016801
0.006446
0.050499
-0.096057
-0.050303
-0.018437
0.001724
-0.051489
0.026340
0.123800
-0.003114
-0.031408
0.049677
0.002353
-0.021842
-0.063581
0.042822
0.022999
-0.096950
0.037079
0.080809
-0.021726
0.115327
0.037371
-0.018065
-0.004822
-0.013646
-0.056210
-0.014494
0.005394
-0.002223
-0.099144
0.025817
0.101918
0.055495
0.047671
0.036062
-0.053504
0.020761
0.049542
0.052746
0.003071
-0.004478
0.075536
0.098111
0.004108
0.052911
0.105678
0.129297
0.130641
0.023293
0.033158
-0.005149
-0.012092
-0.008619
0.007481
-0.012828
-0.019205
0.033425
0.061754
-0.024000
-0.004289
0.016506
0.098429
0.060392
-0.026997
0.015150
0.067031
0.020651
0.024543
-0.052567
0.000613
-0.022151
0.012067
0.094641
-0.008437
0.005064
0.043747
-0.007139
0.032052
0.018097
-0.113462
-0.014898
-0.011905
0.008127
-0.074266
-0.067049
0.055928
0.017749
0.064004
0.030693
-0.031480
-0.085370
-0.047124
-0.039704
0.060331
0.071297
0.018674
0.041359
0.076348
0.085363
0.104986
-0.019492
-0.040469
-0.048072
0.007901
0.051845
0.014066
0.020614
-0.055067
-0.012766
-0.017776
0.011465
0.003537
0.017422
0.078191
0.014668
0.019369
0.046372
0.094375
0.056902
0.046809
-0.032734
0.016293
0.013429
-0.008811
0.032075
-0.030070
0.025470
0.043785
-0.034605
-0.002797
0.082249
-0.001972
0.008886
-0.030952
-0.034052
-0.043010
-0.065672
-0.062544
-0.033112
-0.027563
-0.028201
-0.017364
-0.036725
0.081944
-0.009168
-0.024867
0.061333
0.042595
-0.025689
-0.015282
0.018374
0.006089
-0.044384
-0.046718
0.033842
-0.058823
-0.042596
-0.058185
0.002125
0.023593
-0.040182
-0.004275
0.014556
0.023773
-0.028657
0.027362
0.054895
-0.010700
0.033425
0.000996
-0.004787
0.060234
0.019880
0.024507
0.055048
0.123633
0.015838
-0.035573
0.069782
0.013016
0.052328
0.009662
-0.089751
-0.099125
-0.020414
-0.057723
-0.013876
-0.011813
-0.090681
-0.001072
0.060529
-0.088857
-0.050915
-0.052705
-0.000961
0.013678
0.017859
0.027602
0.082235
-0.035122
-0.048450
-0.012110
0.005020
-0.058031
-0.079571
-0.010847
0.037754
0.014749
0.074748
-0.024412
-0.066702
-0.094153
-0.051096
-0.007091
0.096622
0.051580
-0.003606
0.081584
-0.038993
-0.052582
-0.009829
0.047575
-0.006133
-0.016290
0.025000
-0.057033
-0.047831
0.044295
0.003233
0.027916
-0.067439
-0.126667
-0.063128
0.004983
-0.058109
-0.140072
0.040548
-0.068612
-0.029624
0.094302
-0.051815
0.044728
0.041599
-0.076324
-0.049973
-0.061715
-0.040223
-0.007530
-0.093812
-0.127039
-0.092767
-0.038000
-0.144256
-0.002208
-0.090267
-0.058014
-0.023306
-0.010701
-0.055100
-0.044609
-0.002142
0.006856
-0.018352
0.062855
-0.003075
0.062730
0.007556
-0.050951
0.042878
0.157024
-0.002481
-0.037959
0.126125
0.118761
-0.035074
0.023946
0.056597
0.037889
-0.019992
-0.070111
0.001240
-0.003503
0.035575
-0.002442
-0.011486
-0.032589
-0.002044
0.026333
-0.041762
-0.032682
0.036917
0.000041
-0.055369
-0.019334
0.020331
0.057864
0.092371
0.005512
-0.098915
-0.135369
-0.063902
-0.065101
-0.084505
0.008678
-0.092061
-0.041539
0.164534
-0.003295
0.051356
0.036879
-0.048541
0.013467
0.046106
0.057885
0.010727
-0.040456
-0.030227
0.067909
-0.016049
-0.072598
0.032280
-0.012013
0.000299
-0.066149
-0.062066
-0.011715
-0.043817
-0.064596
-0.053524
-0.120453
-0.022958
-0.004255
-0.015648
0.050128
-0.057042
0.015019
-0.005251
-0.051679
-0.024781
0.091859
0.109646
0.009170
-0.025231
-0.014728
0.051608
0.009420
-0.033892
0.070918
0.092570
0.041165
-0.029549
0.023547
-0.053120
-0.031775
-0.003769
-0.042294
0.037862
-0.009108
-0.042757
0.055929
-0.020482
-0.037672
0.103336
0.056360
-0.018877
-0.010139
-0.031132
0.046536
0.057046
-0.040843
-0.067371
-0.010868
0.069215
0.048062
0.022141
0.026318
0.052315
0.045634
-0.034723
0.028632
0.030678
-0.014045
-0.013986
-0.004268
0.043409
0.014628
0.058312
0.026621
-0.059935
-0.032916
0.041819
0.065469
0.024640
0.052185
0.061143
0.087702
0.089527
0.050567
0.019805
0.011408
0.013900
0.037356
-0.019538
-0.002890
0.081097
0.020277
0.030182
-0.030236
-0.005232
-0.026612
-0.030491
-0.046566
-0.028168
-0.081836
0.022700
0.036430
0.014262
0.094887
0.026550
-0.033340
-0.066437
0.035774
0.043086
0.004176
0.018844
0.027105
-0.061330
-0.014351
-0.050540
-0.027046
-0.017884
-0.035624
-0.073418
0.007212
0.030836
-0.027436
-0.016485
-0.015898
-0.015559
-0.109299
-0.033971
0.011644
-0.041666
-0.050379
-0.053484
-0.031231
-0.011084
-0.076634
-0.019849
0.085167
-0.067231
-0.057107
0.130135
0.049380
0.072408
0.007539
-0.069639
0.052691
0.099812
0.092514
0.007899
-0.009753
0.036915
0.018367
-0.008238
-0.010329
-0.005711
0.032909
0.014007
0.013711
-0.035885
0.019918
-0.005125
-0.060410
-0.093122
-0.048852
0.018440
0.008134
-0.001936
0.015204
0.011476
-0.000305
0.096368
0.025475
0.118749
0.034143
0.013304
0.084952
-0.046178
0.042095
-0.031031
0.033224
0.053505
0.025691
-0.039781
-0.105046
-0.036274
-0.056198
-0.062833
-0.014453
-0.017245
0.054341
0.016755
-0.022282
0.041831
0.078911
0.035144
0.058802
0.069914
-0.000193
0.016866
0.042292
-0.020871
0.019006
0.036931
-0.035834
-0.019130
0.037273
0.018888
-0.023443
-0.064019
-0.026776
0.010996
-0.041188
0.124727
0.149426
0.070331
-0.003683
0.071892
0.006341
-0.035707
0.059927
0.090861
0.033938
-0.085537
0.011092
0.000964
0.039167
-0.000483
0.032311
0.027804
-0.071720
0.006849
-0.032727
-0.019623
-0.020121
-0.005045
0.001026
0.027976
0.025737
0.131828
0.015553
-0.008633
0.062534
-0.010449
0.008229
-0.055470
-0.024690
-0.066889
-0.072494
-0.155030
-0.082107
-0.075535
-0.034835
-0.005903
-0.015680
0.116215
0.087244
0.027499
0.061328
0.100290
0.062689
0.050705
0.024225
-0.007127
0.034297
-0.008206
-0.015497
-0.026172
0.055639
-0.045670
0.053927
0.087239
0.045726
0.006790
-0.015425
-0.016001
-0.012783
-0.035889
0.013729
0.044987
0.055286
0.021582
-0.000200
0.039184
0.020042
-0.019477
-0.023506
0.081414
-0.088100
-0.139625
-0.008337
0.070231
-0.142817
-0.081507
-0.024702
-0.076373
-0.063439
-0.031586
-0.012703
0.045325
0.038988
0.022391
0.012328
-0.004607
-0.076205
0.025956
-0.029064
0.064287
0.019827
-0.060108
0.055317
0.056510
0.022308
0.054358
0.081847
0.039454
-0.080800
-0.032682
0.070441
0.013465
-0.068334
0.006101
0.003832
0.048200
0.028472
0.045635
-0.016144
-0.077268
-0.118075
-0.050101
0.012413
-0.029523
0.060408
0.062718
0.004506
0.017993
0.044507
0.021810
-0.003397
-0.068676
-0.070345
-0.033907
-0.110897
-0.092093
0.023872
0.062206
0.040312
0.033917
0.080513
0.043726
-0.012020
-0.084789
-0.082420
-0.114570
-0.082413
0.029949
-0.113742
-0.077935
-0.033363
-0.033807
0.020243
-0.002809
0.019756
-0.023434
-0.027746
-0.025007
0.014084
-0.012384
-0.023341
0.047810
0.005419
-0.003436
-0.058079
-0.025942
0.016885
0.060946
0.003782
0.051849
0.012927
-0.045112
0.087395
0.065885
0.017775
0.046730
0.036484
0.066859
0.016388
-0.013728
0.098891
0.076187
-0.060467
-0.052017
-0.035037
-0.068977
0.037242
-0.087692
-0.075008
-0.004541
-0.030280
0.044912
-0.004674
0.033528
0.086446
-0.066226
0.052876
0.063809
0.069853
0.068860
-0.017855
-0.007817
-0.018779
-0.046593
-0.025711
0.012631
0.016892
0.011857
0.073392
-0.044631
0.039441
0.016972
-0.094487
0.016484
0.070889
0.042615
0.097631
0.050492
-0.008121
0.044890
0.054546
0.056213
0.030703
0.015637
-0.064764
0.017864
0.078438
-0.018645
-0.024249
-0.007390
-0.027189
0.037302
0.086824
-0.021973
-0.028681
-0.005920
-0.111101
-0.066025
-0.096035
-0.068239
0.062036
-0.076512
-0.023686
-0.038612
-0.029027
0.045872
0.002582
-0.025339
0.033979
0.000181
-0.037809
0.016774
-0.062099
-0.086655
-0.014750
0.000431
-0.048293
-0.026077
-0.030159
-0.038583
-0.051331
0.041026
0.007202
0.013580
-0.023386
0.008797
0.017951
0.047244
0.006739
0.019632
0.083797
0.006226
0.025802
0.031497
0.055862
-0.031198
0.010842
0.011766
-0.024252
-0.051449
0.025291
0.016163
-0.044405
0.039810
0.031890
-0.024031
-0.064520
-0.008592
-0.056263
0.015359
0.057590
-0.004336
-0.028039
0.041483
0.066912
0.001840
0.063174
0.098701
0.041564
0.001954
0.026567
0.065457
-0.015817
0.056977
0.067055
0.059937
-0.006682
-0.072818
-0.093513
-0.088719
-0.045715
0.040173
-0.001857
0.087750
-0.030776
-0.006860
0.043320
0.033132
0.034714
0.004931
-0.071185
-0.024333
-0.031801
0.023792
-0.004777
-0.010905
-0.048209
-0.054588
-0.027913
-0.045589
-0.011237
0.100744
0.031071
0.135485
0.138202
0.026782
0.012429
0.003916
0.014439
0.065226
0.061279
-0.031079
0.038685
-0.011986
0.012861
0.014061
0.011756
0.087917
0.018079
-0.000178
-0.026829
0.000784
-0.017892
-0.008751
0.034904
0.027889
-0.031770
0.010640
-0.061043
-0.075371
-0.059683
-0.099610
-0.015228
-0.003645
-0.022783
-0.022003
-0.009434
0.025552
0.083475
0.105338
0.009280
0.054148
0.011479
-0.087334
-0.062560
-0.017238
-0.016616
-0.049685
-0.004067
-0.062162
0.020032
0.058472
-0.052907
0.026597
-0.014170
0.020887
-0.019626
-0.030843
0.038716
-0.006646
0.054576
0.000009
-0.049232
-0.025972
-0.022165
-0.005144
-0.018758
0.016844
-0.024962
0.050572
0.076522
0.084303
0.041055
0.025846
0.102043
0.007469
-0.025813
0.001661
-0.066983
-0.010062
0.052420
-0.102998
-0.010435
0.016706
-0.048255
0.026449
0.087051
0.053031
0.027072
-0.035574
-0.017483
-0.008035
0.012676
0.017465
-0.023055
0.052837
0.059824
0.037160
0.026018
-0.021131
0.005459
-0.027897
0.034341
0.045065
0.038968
-0.052719
-0.015236
0.095655
-0.058309
-0.092865
0.047954
-0.063258
0.012178
-0.027677
-0.055911
-0.027957
-0.002328
0.056364
0.015029
-0.009529
-0.096411
-0.108129
-0.010497
-0.015810
0.043166
0.050237
-0.018470
0.006808
0.013434
0.048218
0.127219
0.045753
0.040431
0.092014
0.006574
0.069720
-0.048290
-0.045250
-0.012897
-0.005118
0.042436
0.079167
-0.012889
-0.022629
0.049864
0.004600
-0.003650
-0.004610
-0.062039
0.026064
-0.039753
0.018306
0.003660
-0.088994
-0.063744
-0.095993
-0.059643
-0.081087
0.060374
0.034583
0.101221
0.032290
0.052316
-0.020137
-0.070773
0.016500
-0.014213
-0.046273
-0.061685
0.016311
0.029899
-0.025896
-0.058716
0.015673
-0.003741
0.000203
0.054784
0.041685
-0.012084
0.002631
-0.014728
-0.014556
-0.008194
0.002242
-0.016450
-0.075944
-0.104004
0.017860
0.093034
0.046653
0.050278
0.086487
0.099739
0.031388
0.088195
0.016231
0.030783
0.036295
0.026251
-0.015914
0.027223
0.060575
0.051064
-0.032784
0.028378
-0.012408
0.032508
0.012966
0.032173
0.035309
-0.034886
-0.043279
0.134835
-0.056978
-0.136043
0.012744
-0.053996
-0.168593
-0.033690
0.074338
0.042653
0.002191
0.079361
0.041290
0.018384
0.099832
0.017754
-0.024730
-0.003457
0.007968
0.067420
0.070054
0.055466
0.018435
-0.009374
0.104069
-0.016350
-0.074206
0.032984
0.043623
-0.051208
-0.016470
0.106578
-0.013309
-0.083723
0.010931
-0.014125
0.025871
-0.005871
0.060169
-0.022434
-0.014011
0.013708
-0.009714
-0.015869
0.028695
0.028567
0.007633
-0.052569
-0.001207
-0.024744
0.019891
-0.015170
-0.052444
-0.021698
0.000087
-0.016931
-0.005381
0.018299
0.045271
0.060147
-0.030101
0.069484
0.036244
-0.055908
0.027671
0.033435
0.001903
-0.048069
0.015518
-0.031282
-0.014490
0.022259
0.020177
0.011548
0.007016
-0.073608
-0.025312
-0.094083
0.006331
0.070005
-0.074725
-0.015811
-0.005159
-0.005689
0.043140
-0.030492
0.034653
-0.008794
-0.081439
0.028371
-0.003514
-0.103000
-0.000705
0.048013
-0.032154
-0.015281
0.022689
-0.050590
0.066811
0.055681
-0.065819
-0.051822
-0.013706
0.006197
0.012381
0.038726
0.084526
0.055607
-0.035924
-0.125335
-0.047357
-0.104684
-0.126955
-0.030602
-0.043069
-0.049712
-0.013805
-0.052500
-0.096069
-0.027853
-0.043066
-0.058444
-0.037063
-0.019932
-0.005807
0.023515
-0.007668
-0.028807
-0.065804
-0.006480
0.080709
0.110543
-0.024950
-0.002915
0.083412
0.059575
-0.017431
-0.095435
0.033193
0.124765
0.004859
0.076900
0.046221
0.057893
0.107461
0.018283
0.022374
0.067272
-0.016119
-0.031059
0.029531
-0.073113
-0.072528
-0.065695
-0.053761
-0.047230
0.023920
0.053395
0.050759
0.079478
0.013290
0.112428
0.012058
-0.069342
-0.004713
0.010569
0.092102
0.001807
0.017333
0.058538
-0.045270
0.112034
0.121912
0.019595
-0.034747
0.092061
0.088412
0.040469
0.131332
0.086161
0.117368
0.066901
-0.017861
0.018210
0.044200
-0.003173
-0.037753
0.071480
0.022090
0.049045
-0.021833
0.007569
0.061695
0.031296
0.001523
-0.005903
-0.019800
0.059589
0.011416
-0.016008
-0.023401
-0.001371
0.061950
0.033880
-0.005423
0.035659
0.067462
-0.030578
0.008074
0.013308
0.025668
0.001050
-0.038208
0.017531
0.068293
-0.025995
-0.053914
-0.041721
-0.044545
-0.064709
-0.058823
-0.044551
0.043527
-0.067304
-0.030303
0.075076
-0.011592
-0.054889
0.001280
0.006520
0.020976
-0.002141
-0.047631
0.033623
0.017008
-0.020373
-0.005684
-0.003269
-0.026252
-0.017086
-0.059888
0.034031
-0.052528
0.039407
-0.004857
-0.015897
0.012616
-0.115431
-0.041263
0.029322
0.005675
-0.024291
-0.077220
-0.025103
-0.014799
-0.015022
0.025597
-0.039109
-0.043454
-0.098943
-0.047931
0.009607
-0.016756
-0.082307
0.046052
0.052889
-0.019834
0.074741
0.089776
0.003480
-0.052040
0.043005
0.019372
-0.029931
-0.001530
-0.040202
0.005954
-0.024239
0.031959
0.073588
-0.014164
0.044738
-0.047468
-0.078984
-0.037317
-0.048942
0.009606
0.020710
0.024484
0.045245
0.030731
-0.025934
0.078430
0.090988
0.003133
0.002130
0.098540
-0.001932
-0.020201
0.016846
-0.038746
-0.018507
-0.043127
-0.058579
-0.008389
0.063146
-0.008044
0.010462
0.048856
0.001915
0.037316
-0.005363
-0.000256
0.057947
0.071859
0.000402
-0.017545
0.034309
-0.008158
-0.009686
0.094315
0.108007
0.029405
0.079673
-0.018871
0.014266
0.015908
-0.063740
0.085326
0.099923
0.113365
0.078204
-0.002815
-0.006803
0.007879
0.012873
-0.063548
0.042060
0.023732
0.002933
-0.002844
-0.021400
-0.034697
-0.087970
0.018195
0.019653
-0.017929
0.000924
0.016522
0.064591
0.013184
-0.018458
-0.012943
0.011130
0.104338
0.059867
0.033031
0.041004
0.000571
-0.030533
-0.008896
-0.057428
-0.031938
-0.007984
0.020614
-0.001983
0.037748
0.021444
-0.022608
0.008461
-0.041335
-0.027765
-0.029573
0.067228
0.088540
0.068248
0.145330
0.126543
0.033500
0.025300
0.035655
-0.012846
-0.000626
-0.089789
0.006978
-0.021331
-0.016653
0.090322
0.030706
-0.000725
0.001868
-0.032869
0.062855
0.066462
0.037240
0.094448
0.138892
0.052494
-0.005918
0.049648
0.038975
0.010493
-0.002649
-0.037607
0.066083
-0.017335
-0.060750
0.021431
0.046007
0.059811
0.067652
0.067275
-0.027573
-0.157655
0.002519
-0.030830
-0.052443
-0.001162
-0.016116
-0.048744
-0.093824
-0.051666
0.010956
-0.072799
-0.020924
-0.067633
-0.136383
-0.056564
0.003416
0.042770
-0.069795
-0.027279
0.047347
0.131234
-0.061648
-0.088344
-0.047289
-0.017773
-0.028247
-0.038029
0.010821
-0.043195
-0.023682
-0.051174
-0.053298
0.008593
0.033189
-0.019069
-0.042429
0.036176
0.033714
0.053361
0.040589
0.054495
0.117304
0.049174
0.015288
-0.002730
-0.002270
-0.006130
-0.063074
-0.014997
0.047155
0.079702
0.042004
0.074927
0.051406
0.039215
-0.034751
0.009525
0.091703
0.031047
0.000681
-0.029341
0.041336
0.011765
-0.003645
0.001438
-0.007034
-0.013457
-0.022881
0.005080
-0.011125
0.075788
0.108688
0.036269
0.102334
0.050551
-0.068808
-0.044822
-0.052951
0.011207
-0.060894
-0.080040
-0.025430
-0.086468
-0.043899
0.025792
-0.061925
-0.083511
-0.012110
-0.084839
-0.027386
-0.007686
0.007063
0.021394
0.000381
0.070347
0.052951
0.072055
0.022632
-0.054368
0.045916
0.014139
-0.014482
0.019578
0.033171
-0.054056
-0.051224
-0.066099
-0.044181
0.036638
0.014286
0.015909
0.030027
-0.030761
-0.030382
-0.031175
0.042918
-0.002728
0.012454
0.080185
0.086311
0.034419
0.035925
0.045936
-0.063606
0.026348
0.014180
-0.044637
0.008349
-0.009878
0.018110
0.011185
0.004860
0.017791
-0.001414
0.025860
0.000194
0.025001
-0.060010
-0.047656
-0.028603
0.011167
0.021079
-0.006321
0.034346
-0.010404
-0.014372
0.021783
0.081728
0.050895
-0.013804
0.041915
0.035389
-0.018062
-0.067144
0.000178
0.031743
-0.001857
0.000197
0.047154
0.026160
0.013319
-0.010293
-0.067982
0.023325
0.025634
-0.008276
0.007393
0.012447
-0.007805
-0.041769
0.032366
0.128406
0.051965
0.081267
0.094179
-0.035233
0.020332
0.017036
0.034124
0.065666
-0.025368
-0.013901
0.038775
0.013062
0.097080
0.087724
-0.048899
-0.027756
-0.023493
-0.043132
0.031353
0.045571
0.022219
0.043425
-0.045497
0.006520
0.055143
-0.016880
0.050324
0.115127
0.012316
0.082894
0.053920
0.090382
0.124772
0.133812
0.053003
0.061975
0.046256
0.065064
0.076247
-0.013109
-0.004538
-0.011654
-0.076340
-0.010939
0.028475
0.078311
0.069443
0.051447
0.074484
0.089944
0.036219
-0.080190
0.050107
-0.084733
-0.021843
0.057686
-0.037856
0.065927
0.067410
0.074196
0.032913
-0.037060
-0.031536
0.032155
-0.038959
-0.015142
0.041193
-0.024998
-0.010759
0.026647
0.024060
-0.038047
-0.028071
-0.061006
0.024564
0.057837
0.061539
0.087150
0.049974
0.054684
-0.005434
0.047904
0.046321
0.041024
0.055521
0.059150
-0.001243
-0.033439
-0.115262
0.071912
0.076277
-0.048671
0.003428
0.022356
0.049038
0.052289
0.062966
0.014449
0.115524
0.102449
0.066063
0.075752
-0.000500
0.041162
0.067984
0.053578
0.052590
0.077663
0.111634
0.070534
-0.051433
0.064427
0.017181
0.044814
0.034754
-0.034950
0.061317
0.032616
-0.097821
0.015334
0.104148
-0.050544
0.034898
0.070500
0.044206
0.037790
0.027779
0.063216
0.038280
0.008050
0.022915
-0.002569
-0.028497
0.024561
-0.006423
-0.071794
-0.034267
-0.168374
0.001688
0.016883
0.015795
0.116304
-0.013644
0.059198
0.004479
-0.005155
-0.051906
-0.056479
0.000733
-0.110055
-0.043206
0.056317
0.026420
0.101706
0.142863
-0.028435
-0.051662
0.094779
0.008816
0.048455
0.037179
-0.039578
0.076393
-0.011012
-0.117032
-0.005711
0.006195
0.054446
0.039726
-0.039188
0.065221
0.087524
-0.049992
-0.013617
0.051717
-0.011938
-0.067515
-0.015617
-0.060110
-0.063010
-0.114500
-0.123559
0.062699
-0.001839
-0.043568
-0.020725
-0.035154
-0.053258
-0.084986
0.001377
0.013188
-0.013070
-0.034812
-0.037862
-0.000131
0.017707
-0.012753
0.018319
0.023021
0.017583
0.059843
0.063542
-0.004304
0.041434
0.056891
0.073650
0.063408
-0.049201
0.035719
-0.060782
-0.004414
0.122097
0.110351
0.108574
-0.004613
0.018256
0.156521
0.017695
0.008761
0.057880
-0.055260
-0.010493
-0.032319
-0.050075
-0.010066
0.034327
-0.080095
0.004154
-0.020715
0.020168
0.027566
-0.026216
0.013611
0.048790
-0.061336
-0.058383
-0.009915
-0.133469
-0.025691
0.041338
0.003613
-0.007713
-0.018884
0.086785
-0.026986
-0.004516
0.059639
0.049401
0.024173
0.029878
0.052895
-0.051630
-0.034811
0.020756
0.066392
0.057037
0.149486
0.015251
-0.031603
-0.032782
-0.057908
-0.076288
-0.075041
0.105880
-0.006635
-0.005312
0.157516
-0.008974
0.010377
0.059261
0.029648
-0.033724
0.024831
0.008153
0.043073
-0.056787
0.003006
-0.013673
-0.034390
0.049362
0.056871
-0.006345
-0.015501
0.073939
0.101517
-0.046318
-0.007086
0.108781
0.080126
0.097376
0.062670
0.010144
-0.006783
-0.014041
0.047500
-0.027120
-0.039867
-0.017048
0.002295
-0.007079
-0.010561
0.077868
0.007034
0.050129
-0.037048
-0.006734
-0.000960
-0.033732
0.010988
0.061645
0.023765
0.005107
-0.016691
-0.042101
-0.096388
-0.065402
-0.019728
-0.004017
-0.001264
0.023663
0.034520
-0.066879
-0.075489
0.079148
-0.072553
-0.054367
-0.005480
-0.064514
0.058219
0.091596
-0.008669
0.057105
0.046686
0.068531
0.115686
0.040659
0.077962
-0.041743
0.017832
0.085867
0.076809
0.017846
0.045707
0.005745
-0.030920
0.094783
0.044453
-0.021738
-0.044529
0.042762
0.048414
-0.074044
-0.001589
0.127675
0.020095
0.039629
0.070691
0.015264
0.097326
0.085870
0.075697
0.101388
-0.047747
-0.002437
-0.032342
-0.075678
-0.037758
0.004345
0.073515
-0.026726
-0.012517
0.032200
0.054533
-0.048093
-0.033269
0.003201
0.042333
-0.035603
-0.036078
-0.004730
0.041908
-0.019471
-0.039513
-0.015795
-0.016154
0.019593
0.012483
-0.012697
0.018030
0.058810
0.063153
-0.007083
-0.011169
-0.088655
-0.008950
0.094995
0.001543
0.022470
-0.034167
0.056502
0.102069
0.098557
0.047097
0.094657
0.003523
0.028257
-0.023916
-0.092191
0.026998
0.029947
0.015840
0.091006
0.062392
-0.047254
-0.075174
-0.006793
0.037155
0.042682
-0.068704
0.077510
0.050676
-0.028589
0.032560
0.030955
-0.026986
-0.048822
0.007269
-0.013055
-0.086462
-0.008338
0.042771
0.026589
0.043433
-0.077250
-0.013688
-0.000563
0.006571
-0.059842
0.051545
0.077179
