# Time-averaged data for fix rgnetA
# TimeStep c_gyrA
10000 35.1917
20000 35.1941
30000 35.2075
40000 35.2222
50000 35.2288
60000 35.2273
70000 35.222
80000 35.221
90000 35.2283
100000 35.2351
110000 35.2405
120000 35.2504
130000 35.2578
140000 35.2658
150000 35.2747
160000 35.2834
170000 35.2954
180000 35.3045
190000 35.313
200000 35.3216
210000 35.3288
220000 35.3341
230000 35.3365
240000 35.338
250000 35.3392
260000 35.3399
270000 35.3431
280000 35.3481
290000 35.3532
300000 35.3584
310000 35.3626
320000 35.3656
330000 35.3683
340000 35.3708
350000 35.3747
360000 35.3793
370000 35.3851
380000 35.3911
390000 35.3966
400000 35.4017
410000 35.4067
420000 35.4115
430000 35.4165
440000 35.4225
450000 35.4288
460000 35.4359
470000 35.4428
480000 35.4494
490000 35.4564
500000 35.4628
510000 35.4689
520000 35.4749
530000 35.4811
540000 35.4875
550000 35.4943
560000 35.5017
570000 35.5097
580000 35.5171
590000 35.5246
600000 35.5324
610000 35.5411
620000 35.5498
630000 35.5587
640000 35.5684
650000 35.5781
660000 35.5876
670000 35.5968
680000 35.6058
690000 35.6139
700000 35.6216
710000 35.6297
720000 35.638
730000 35.6459
740000 35.6539
750000 35.6619
760000 35.6702
770000 35.679
780000 35.6879
790000 35.6959
800000 35.7043
810000 35.7135
820000 35.723
830000 35.7322
840000 35.7415
850000 35.7505
860000 35.7596
870000 35.7689
880000 35.7778
890000 35.7865
900000 35.795
910000 35.8029
920000 35.8107
930000 35.8183
940000 35.8261
950000 35.8338
960000 35.8414
970000 35.8484
980000 35.8559
990000 35.8636
1000000 35.871
1010000 35.8782
1020000 35.885
1030000 35.8916
1040000 35.8983
1050000 35.9048
1060000 35.9117
1070000 35.9184
1080000 35.9253
1090000 35.9327
1100000 35.9404
1110000 35.9483
1120000 35.9559
1130000 35.9637
1140000 35.9712
1150000 35.9789
1160000 35.9869
1170000 35.995
1180000 36.0032
1190000 36.0114
1200000 36.0196
1210000 36.0278
1220000 36.0357
1230000 36.0433
1240000 36.051
1250000 36.0581
1260000 36.0653
1270000 36.0721
1280000 36.0791
1290000 36.0861
1300000 36.0931
1310000 36.1002
1320000 36.1074
1330000 36.1144
1340000 36.1209
1350000 36.1274
1360000 36.134
1370000 36.1404
1380000 36.1468
1390000 36.1533
1400000 36.1596
1410000 36.1656
1420000 36.1714
1430000 36.1771
1440000 36.1827
1450000 36.1888
1460000 36.1951
1470000 36.2014
1480000 36.208
1490000 36.215
1500000 36.2218
1510000 36.2288
1520000 36.2358
1530000 36.243
1540000 36.2501
1550000 36.2574
1560000 36.2646
1570000 36.272
1580000 36.2796
1590000 36.2872
1600000 36.2948
1610000 36.3024
1620000 36.3102
1630000 36.318
1640000 36.3255
1650000 36.3327
1660000 36.34
1670000 36.3472
1680000 36.3543
1690000 36.3613
1700000 36.3683
1710000 36.3753
1720000 36.3821
1730000 36.3892
1740000 36.3962
1750000 36.4033
1760000 36.4102
1770000 36.4175
1780000 36.4249
1790000 36.4321
1800000 36.4392
1810000 36.4462
1820000 36.4532
1830000 36.4601
1840000 36.4669
1850000 36.4736
1860000 36.4803
1870000 36.4869
1880000 36.4932
1890000 36.4995
1900000 36.5057
1910000 36.5117
1920000 36.5177
1930000 36.5236
1940000 36.5297
1950000 36.5357
1960000 36.5417
1970000 36.5476
1980000 36.5537
1990000 36.5599
2000000 36.5661
2010000 36.5723
2020000 36.5784
2030000 36.5844
2040000 36.5904
2050000 36.5963
2060000 36.6024
2070000 36.6085
2080000 36.6148
2090000 36.6212
2100000 36.6276
2110000 36.634
2120000 36.6401
2130000 36.6463
2140000 36.6524
2150000 36.6585
2160000 36.6643
2170000 36.6701
2180000 36.6758
2190000 36.6815
2200000 36.6869
2210000 36.6924
2220000 36.6978
2230000 36.7034
2240000 36.709
2250000 36.7145
2260000 36.7199
2270000 36.7254
2280000 36.7309
2290000 36.7363
2300000 36.7416
2310000 36.7468
2320000 36.752
2330000 36.7573
2340000 36.7626
2350000 36.7679
2360000 36.7732
2370000 36.7788
2380000 36.7847
2390000 36.7906
2400000 36.7966
2410000 36.8026
2420000 36.8087
2430000 36.8146
2440000 36.8207
2450000 36.8267
2460000 36.8326
2470000 36.8386
2480000 36.8449
2490000 36.851
2500000 36.857
2510000 36.8628
2520000 36.8686
2530000 36.8742
2540000 36.8797
2550000 36.885
2560000 36.8903
2570000 36.8954
2580000 36.9004
2590000 36.9054
2600000 36.9106
2610000 36.9159
2620000 36.921
2630000 36.926
2640000 36.9309
2650000 36.9357
2660000 36.9404
2670000 36.9453
2680000 36.9501
2690000 36.9549
2700000 36.9595
2710000 36.964
2720000 36.9685
2730000 36.973
2740000 36.9775
2750000 36.982
2760000 36.9863
2770000 36.9906
2780000 36.9949
2790000 36.9992
2800000 37.0034
2810000 37.0076
2820000 37.012
2830000 37.0162
2840000 37.0204
2850000 37.0247
2860000 37.0292
2870000 37.0338
2880000 37.0385
2890000 37.0431
2900000 37.0476
2910000 37.0522
2920000 37.0569
2930000 37.0617
2940000 37.0664
2950000 37.0711
2960000 37.076
2970000 37.081
2980000 37.0858
2990000 37.0902
3000000 37.0945
3010000 37.0988
3020000 37.1031
3030000 37.1074
3040000 37.112
3050000 37.1165
3060000 37.1209
3070000 37.1253
3080000 37.1295
3090000 37.1338
3100000 37.1379
3110000 37.142
3120000 37.146
3130000 37.1499
3140000 37.1538
3150000 37.1579
3160000 37.162
3170000 37.1662
3180000 37.1702
3190000 37.1743
3200000 37.1783
3210000 37.1825
3220000 37.1866
3230000 37.1907
3240000 37.1947
3250000 37.1988
3260000 37.2027
3270000 37.2066
3280000 37.2105
3290000 37.2145
3300000 37.2184
3310000 37.2222
3320000 37.226
3330000 37.2298
3340000 37.2335
3350000 37.2371
3360000 37.2407
3370000 37.2445
3380000 37.2483
3390000 37.252
3400000 37.2557
3410000 37.2594
3420000 37.263
3430000 37.2666
3440000 37.2701
3450000 37.2736
3460000 37.277
3470000 37.2803
3480000 37.2836
3490000 37.287
3500000 37.2903
3510000 37.2936
3520000 37.297
3530000 37.3004
3540000 37.3037
3550000 37.307
3560000 37.3104
3570000 37.3137
3580000 37.3171
3590000 37.3204
3600000 37.3237
3610000 37.3271
3620000 37.3305
3630000 37.3341
3640000 37.3377
3650000 37.3412
3660000 37.3448
3670000 37.3484
3680000 37.352
3690000 37.3554
3700000 37.3589
3710000 37.3623
3720000 37.3657
3730000 37.3691
3740000 37.3725
3750000 37.3759
3760000 37.3793
3770000 37.3828
3780000 37.3862
3790000 37.3898
3800000 37.3932
3810000 37.3967
3820000 37.4001
3830000 37.4035
3840000 37.407
3850000 37.4104
3860000 37.4138
3870000 37.4173
3880000 37.4207
3890000 37.4241
3900000 37.4274
3910000 37.4307
3920000 37.4339
3930000 37.4372
3940000 37.4405
3950000 37.4438
3960000 37.4472
3970000 37.4507
3980000 37.4541
3990000 37.4575
4000000 37.4608
4010000 37.464
4020000 37.4673
4030000 37.4705
4040000 37.4739
4050000 37.4773
4060000 37.4806
4070000 37.4839
4080000 37.4872
4090000 37.4905
4100000 37.4937
4110000 37.4969
4120000 37.5
4130000 37.5031
4140000 37.5062
4150000 37.5093
4160000 37.5124
4170000 37.5156
4180000 37.5187
4190000 37.5219
4200000 37.525
4210000 37.5282
4220000 37.5314
4230000 37.5346
4240000 37.5379
4250000 37.5412
4260000 37.5445
4270000 37.5478
4280000 37.551
4290000 37.5542
4300000 37.5575
4310000 37.5608
4320000 37.5641
4330000 37.5673
4340000 37.5706
4350000 37.5738
4360000 37.5769
4370000 37.5801
4380000 37.5832
4390000 37.5863
4400000 37.5894
4410000 37.5927
4420000 37.5961
4430000 37.5996
4440000 37.6031
4450000 37.6066
4460000 37.6101
4470000 37.6136
4480000 37.6172
4490000 37.6209
4500000 37.6246
4510000 37.6284
4520000 37.6323
4530000 37.6361
4540000 37.6398
4550000 37.6435
4560000 37.6471
4570000 37.6506
4580000 37.654
4590000 37.6574
4600000 37.6607
4610000 37.6639
4620000 37.6671
4630000 37.6704
4640000 37.6737
4650000 37.6769
4660000 37.6801
4670000 37.6833
4680000 37.6866
4690000 37.69
4700000 37.6934
4710000 37.6967
4720000 37.7002
4730000 37.7037
4740000 37.7072
4750000 37.7108
4760000 37.7145
4770000 37.7182
4780000 37.7219
4790000 37.7255
4800000 37.7292
4810000 37.7328
4820000 37.7364
4830000 37.7403
4840000 37.7442
4850000 37.7481
4860000 37.7521
4870000 37.7561
4880000 37.7602
4890000 37.7644
4900000 37.7685
4910000 37.7726
4920000 37.7766
4930000 37.7806
4940000 37.7846
4950000 37.7884
4960000 37.7924
4970000 37.7965
4980000 37.8005
4990000 37.8046
5000000 37.8086
5010000 37.8127
5020000 37.8169
5030000 37.821
5040000 37.8251
5050000 37.829
5060000 37.833
5070000 37.837
5080000 37.841
5090000 37.8451
5100000 37.8491
5110000 37.8532
5120000 37.8572
5130000 37.8612
5140000 37.8652
5150000 37.8691
5160000 37.8731
5170000 37.8772
5180000 37.8813
5190000 37.8856
5200000 37.8898
5210000 37.8942
5220000 37.8985
5230000 37.9028
5240000 37.9071
5250000 37.9115
5260000 37.9158
5270000 37.9202
5280000 37.9246
5290000 37.929
5300000 37.9334
5310000 37.9378
5320000 37.9422
5330000 37.9467
5340000 37.9512
5350000 37.9558
5360000 37.9602
5370000 37.9646
5380000 37.9691
5390000 37.9736
5400000 37.9779
5410000 37.9823
5420000 37.9868
5430000 37.9913
5440000 37.9958
5450000 38.0004
5460000 38.005
5470000 38.0096
5480000 38.0141
5490000 38.0187
5500000 38.0233
5510000 38.028
5520000 38.0326
5530000 38.0373
5540000 38.042
5550000 38.0468
5560000 38.0516
5570000 38.0564
5580000 38.0613
5590000 38.0662
5600000 38.0709
5610000 38.0757
5620000 38.0803
5630000 38.085
5640000 38.0897
5650000 38.0944
5660000 38.0991
5670000 38.1038
5680000 38.1085
5690000 38.1133
5700000 38.1181
5710000 38.123
5720000 38.1278
5730000 38.1326
5740000 38.1375
5750000 38.1423
5760000 38.147
5770000 38.1517
5780000 38.1565
5790000 38.1612
5800000 38.166
5810000 38.1708
5820000 38.1756
5830000 38.1804
5840000 38.1852
5850000 38.1899
5860000 38.1946
5870000 38.1993
5880000 38.2041
5890000 38.2089
5900000 38.2137
5910000 38.2185
5920000 38.2234
5930000 38.2285
5940000 38.2335
5950000 38.2383
5960000 38.2431
5970000 38.2479
5980000 38.2527
5990000 38.2574
6000000 38.2623
