2.056702
0.621960
0.560496
0.403760
0.303836
0.320046
0.285262
0.248960
0.270973
0.158197
0.199599
0.296013
0.176675
0.105396
0.153917
0.120795
0.184046
0.095839
0.092799
0.114325
0.075509
0.066534
0.080403
-0.008931
0.100784
0.123134
0.006532
0.089865
0.020162
0.114328
-0.045344
-0.035888
-0.003532
-0.048736
0.042730
0.031308
0.051246
0.085551
0.135638
0.079026
0.082521
0.032017
0.065593
0.087386
-0.050693
-0.046921
-0.028948
-0.033913
-0.013654
0.001467
0.034738
-0.008585
0.000974
0.085080
0.051050
0.068332
0.014688
0.088775
0.076914
0.111277
0.056924
0.030239
0.000955
0.016306
0.020057
0.045841
0.052508
0.010444
-0.024204
0.058674
0.012898
0.018837
0.106468
0.046408
0.032687
0.129446
0.086866
0.042078
0.015919
0.011923
-0.016650
0.067877
0.096583
-0.003948
-0.062712
-0.042938
-0.017885
-0.073416
-0.025492
-0.056294
0.058420
-0.046186
-0.059800
0.063339
0.009617
0.051925
0.116650
-0.072802
-0.003893
0.047254
-0.050652
-0.034308
0.031108
0.016947
-0.027698
-0.003660
0.021524
-0.043529
0.105219
0.012519
-0.014428
0.056451
0.064991
-0.017629
-0.003922
0.065466
0.004010
0.043928
0.084873
-0.010175
0.062545
-0.031160
0.048054
0.006282
0.021712
-0.014870
0.019053
-0.028586
-0.018825
0.057300
0.020661
-0.065296
0.066604
0.035197
0.091681
0.075029
0.006565
0.058891
0.053261
0.081532
0.019084
0.080071
0.098379
0.027909
0.100547
0.025203
-0.003669
-0.041591
0.006284
0.042952
0.100371
0.051294
-0.036314
0.077661
0.050876
0.065917
0.094850
0.077707
0.051815
0.035456
0.119297
0.072286
0.089541
0.013250
0.051861
0.086472
0.157336
0.092004
0.104993
0.055574
-0.031355
0.034784
0.112011
-0.012286
-0.021886
0.038720
0.016567
0.046815
0.056044
-0.012173
-0.008491
-0.014243
-0.004775
-0.023129
-0.013296
0.086163
0.046115
0.031889
-0.039774
0.021880
-0.052994
-0.003733
-0.016405
0.050352
0.018648
0.078946
0.055097
0.053060
0.064560
0.053659
0.100053
0.075869
0.042272
0.008865
0.019799
-0.002806
-0.005239
0.015254
-0.007525
-0.000787
0.009838
0.136963
0.024948
0.122745
0.126008
0.084179
0.065866
0.060101
0.007902
0.042295
0.082410
0.020264
-0.077734
-0.017874
-0.044108
0.008668
0.164368
0.075998
0.008288
0.063913
0.013703
-0.048650
0.016845
-0.014256
-0.037090
-0.050571
-0.092099
-0.131330
-0.038895
0.040404
-0.012471
0.032275
0.080734
0.003485
-0.055812
-0.045714
-0.094299
0.019043
-0.014692
-0.008647
0.030359
0.077161
0.075433
0.036721
0.039364
0.040911
0.026575
-0.022925
0.018735
-0.038552
-0.019691
0.018584
0.102079
0.140821
0.111837
0.047734
-0.070067
-0.051293
-0.037455
-0.016117
-0.050500
-0.029822
0.056401
0.045101
0.084709
0.065039
-0.004363
-0.017152
0.044991
0.075723
-0.011841
0.015735
-0.043793
-0.028916
0.015308
0.051508
0.030709
0.033395
0.024731
0.046684
0.014461
0.078655
0.068755
0.147436
-0.025301
-0.004076
0.010797
-0.072762
-0.053054
0.003390
0.074635
0.047529
0.034978
0.040252
0.047427
0.032934
-0.012362
0.002850
-0.005748
0.022628
0.043924
0.048000
0.097193
0.029118
-0.059709
-0.028668
0.156691
0.096655
0.067843
0.145843
0.037527
0.063841
0.134095
0.075000
-0.006205
0.002509
0.079662
0.029785
0.043605
-0.055167
-0.051720
0.005797
0.024239
0.027415
-0.055797
-0.035988
0.037053
0.083380
0.050063
0.038188
0.076072
0.038027
-0.009125
0.042160
0.063109
0.053585
-0.000626
-0.001107
0.017737
-0.047366
-0.114294
0.067089
0.133963
0.005071
0.048672
-0.012693
-0.020837
-0.039641
0.009408
-0.033886
-0.056826
-0.013500
-0.003962
0.013676
-0.014883
0.022620
0.006793
0.009711
-0.037836
0.023962
0.085803
0.046542
0.032424
-0.059520
0.033162
0.007704
-0.027606
0.022686
-0.015282
-0.027819
-0.082878
0.026980
-0.021610
0.009532
0.037323
0.070439
0.119688
0.045537
0.094278
0.067460
0.002561
0.086258
0.026561
-0.006035
-0.011269
-0.033391
0.023207
0.013489
0.083329
-0.013086
0.028370
0.047507
0.009427
0.019271
-0.065043
0.029850
0.040812
-0.062160
0.030095
0.030035
-0.007581
-0.048616
-0.039118
-0.077480
-0.047656
-0.055236
-0.015686
-0.064788
-0.033311
0.115069
-0.007772
0.086280
0.081210
-0.051899
-0.001837
-0.028797
0.007176
0.047501
0.026549
-0.022812
0.035054
0.037529
0.006072
0.024891
-0.028078
0.131344
0.012615
-0.014809
0.030731
0.018036
-0.039537
0.033463
-0.041957
-0.010797
-0.008636
-0.101015
-0.072054
-0.034115
-0.036599
-0.003693
0.043347
0.134428
0.008529
-0.007471
0.062419
-0.015760
-0.043362
0.022294
0.021073
-0.146114
-0.013866
0.107452
0.098067
0.010381
0.037960
0.051450
-0.027038
0.001472
0.033397
0.081004
-0.026407
-0.029296
0.073563
-0.016847
-0.008868
-0.003883
-0.079842
0.036222
0.131054
-0.057249
0.081595
0.050084
-0.067199
-0.011284
-0.007030
0.059162
0.024749
-0.018127
0.054801
-0.011751
-0.034674
0.014026
0.046326
0.113607
-0.044203
0.006653
0.113486
-0.016444
0.046775
0.087669
-0.040224
0.106222
0.077378
0.038837
0.067358
-0.015393
-0.103663
-0.038362
0.012546
-0.032824
-0.017901
-0.000886
-0.026270
0.092494
-0.014037
-0.001614
0.019518
0.046249
0.057467
0.006923
0.150583
0.036466
0.061094
0.012837
-0.018510
-0.043853
0.048168
0.088504
0.023588
-0.022326
0.038210
0.063327
0.110832
0.152391
-0.017188
-0.007897
0.067925
0.063794
0.048000
0.046773
0.009439
0.018383
-0.031290
-0.073547
0.078313
0.112181
0.013690
0.073768
0.061853
0.029472
-0.036374
-0.023508
0.029320
-0.063107
0.014986
0.007106
0.033348
0.035403
-0.054109
-0.022053
0.007366
-0.001713
0.018973
0.046085
-0.084559
-0.011689
0.035079
0.033307
0.032628
0.080714
0.057691
-0.008687
-0.013344
0.077235
0.039650
-0.081931
-0.065563
0.093893
0.046030
-0.026144
-0.073598
-0.023149
0.044003
0.030006
0.075698
0.088928
0.044223
0.021304
-0.000543
0.017508
0.047390
0.015830
0.025031
0.019900
0.004787
-0.077466
0.042647
0.037657
-0.019572
0.040690
0.024338
0.004403
-0.000807
0.032126
-0.001353
0.027630
0.010499
0.095188
0.151870
0.047509
-0.025843
0.006518
0.015674
-0.062210
0.041950
-0.048636
-0.005207
0.048375
0.004395
-0.005757
-0.070728
0.076060
0.046795
-0.000357
-0.004978
0.037965
0.046283
0.074195
0.070786
0.019723
0.041547
0.083891
0.023030
0.062298
0.046811
0.063752
0.080026
0.049739
0.010886
0.014257
0.009566
0.006321
0.015450
-0.014093
0.087460
0.026389
-0.035233
0.009514
0.087436
0.032187
0.044809
0.001918
-0.108852
-0.033089
-0.025132
-0.010497
-0.002458
0.021231
0.039017
0.001287
0.086666
0.046020
-0.065906
-0.044645
-0.040823
-0.026069
-0.033710
-0.077751
0.042717
-0.029920
-0.012655
0.009753
-0.058347
0.083072
0.028903
-0.034425
0.107851
0.049715
-0.044603
0.054175
0.089092
-0.050382
-0.106369
0.004011
-0.011076
0.015783
-0.010381
0.091634
0.109425
-0.054690
0.015159
0.075722
0.038126
0.053087
-0.020570
0.019595
-0.006555
0.019894
-0.069009
0.041901
0.102191
0.024523
0.086738
0.000541
0.002202
0.010219
0.008073
0.083747
0.031933
-0.084111
0.085361
-0.019643
-0.026418
0.007271
-0.048531
0.032067
-0.035410
0.013288
0.037495
-0.054546
-0.018085
-0.001568
-0.021482
-0.004161
-0.004199
-0.058348
-0.024422
-0.070695
-0.097303
0.055617
-0.045084
0.079161
0.098314
0.020549
-0.001980
0.047035
0.092136
-0.036438
-0.020180
0.000710
-0.018068
-0.021650
-0.037070
0.021729
-0.047481
0.022522
-0.067835
-0.112041
-0.006582
-0.076217
-0.125601
-0.011313
-0.079515
0.055686
0.110214
0.058484
-0.023551
0.033068
0.022150
-0.034285
0.006783
-0.018458
-0.014133
0.088533
0.011700
0.005460
0.004554
-0.005024
0.024701
-0.036993
-0.034601
0.026227
0.051061
-0.032859
0.009844
0.095583
-0.015152
0.022237
0.060409
0.098985
-0.010375
-0.002863
0.077409
0.031482
0.058362
0.070286
0.088504
0.041403
0.012865
0.123680
0.017665
-0.008997
0.061934
0.010528
0.068812
-0.013122
-0.015575
0.051352
-0.058691
0.057632
0.064004
0.031783
-0.027356
-0.024761
-0.047182
0.005448
0.026747
-0.035650
0.032309
0.062410
0.076811
-0.020213
0.026957
0.045722
-0.005008
0.155528
0.091059
-0.007545
0.073459
0.021806
0.003787
0.004096
-0.034370
0.023919
-0.010794
-0.062758
-0.062698
-0.068623
-0.038955
0.052229
0.024778
0.044783
0.094160
-0.084130
0.069200
0.035022
-0.020069
-0.023369
-0.047302
0.008270
-0.059436
-0.036704
0.051430
-0.032892
-0.010120
-0.002257
-0.104656
-0.083116
-0.052018
0.006066
0.066649
0.052916
0.057275
-0.039111
0.002612
-0.003341
-0.024220
-0.008011
0.085444
0.068600
0.046922
-0.017483
-0.011490
0.051805
0.034837
0.071416
0.092343
0.177732
0.085140
0.037634
0.029353
0.045221
0.059110
0.007184
0.021447
-0.008571
0.009006
0.024060
0.017563
-0.006560
-0.058885
-0.007239
-0.012014
-0.112810
-0.043534
-0.031757
-0.061753
-0.038649
0.059364
-0.030236
-0.065707
-0.025336
-0.067970
-0.020520
0.017197
-0.000474
0.010435
-0.035644
-0.062728
-0.059237
0.061527
0.050547
0.075468
0.028602
0.112746
0.050365
-0.064250
0.014297
-0.046493
0.101870
0.024285
0.019431
-0.013429
-0.053992
0.040211
-0.032284
0.000664
-0.012425
-0.036823
-0.038949
0.036705
0.015760
0.010260
-0.072171
-0.063974
-0.006322
0.001722
0.010711
0.061829
0.056685
0.001510
0.114134
0.037216
0.061102
0.050263
-0.049711
0.006379
0.006790
0.015719
0.034231
0.009320
0.044639
-0.007618
0.000542
-0.003908
-0.109917
-0.100838
-0.067039
-0.029079
-0.043646
-0.063499
0.020108
-0.067991
-0.060821
-0.106040
-0.029648
0.004126
0.014921
-0.033349
0.027409
-0.075852
-0.011055
0.021047
0.064172
0.135659
0.083355
0.005261
-0.074289
-0.026508
-0.055575
-0.098930
-0.038509
0.020363
0.064576
-0.054472
0.006934
0.051775
0.123339
-0.000847
-0.038085
0.058187
-0.019350
0.011213
0.065593
-0.042569
0.033126
-0.024255
0.041537
-0.009028
0.025396
0.090223
0.039069
0.118605
0.076859
0.080191
-0.031306
0.004121
0.097737
-0.006753
-0.025335
-0.018202
0.024223
0.000718
-0.072709
0.002857
0.008920
-0.037286
0.051242
0.053464
-0.021357
0.003109
0.066828
-0.014206
0.005737
0.054502
-0.010745
-0.018786
0.048447
0.020130
0.005000
-0.021796
-0.035068
-0.055961
-0.053627
-0.046699
0.020663
-0.010766
-0.020840
-0.020251
0.008919
-0.018326
0.061925
-0.003163
0.017108
0.079782
-0.053286
0.012446
-0.034932
-0.042289
0.053162
0.000837
-0.027092
0.048176
0.025110
-0.049257
-0.032488
-0.009920
-0.010157
-0.028953
0.062968
0.033059
-0.059131
-0.005384
-0.065246
-0.018871
0.062974
-0.013195
0.039489
0.040490
0.000158
0.094892
0.027770
-0.000890
0.052796
-0.061586
0.043135
0.029395
0.011857
0.035090
-0.029793
0.004824
-0.072934
0.063979
0.032274
0.104924
0.050730
-0.017260
0.043868
0.090327
-0.085040
-0.020807
0.006397
0.011480
-0.049906
0.001327
-0.010691
-0.062166
-0.073340
-0.037244
-0.011788
-0.000112
0.001298
0.053285
-0.029551
0.001848
0.026065
-0.016869
0.077457
-0.058161
-0.009705
0.062378
-0.045459
0.070096
0.044377
0.012502
0.113437
0.168250
0.074440
-0.021772
-0.030296
-0.043243
-0.040935
0.027360
-0.013199
-0.007818
0.076756
0.095181
0.032118
-0.020644
0.013454
0.022963
0.009628
-0.035137
-0.026266
-0.021984
-0.034881
-0.026944
0.063942
-0.013213
0.041622
-0.004463
0.029198
0.019554
-0.020262
-0.004263
-0.024507
0.111891
0.023646
-0.056947
0.042061
0.017291
0.020242
0.068110
-0.032388
-0.099241
0.024514
0.045521
0.002334
-0.003340
-0.001781
-0.046111
-0.030837
-0.016353
-0.004204
-0.060414
-0.171502
-0.023149
-0.064548
-0.124123
0.010605
-0.056865
-0.080393
0.036878
-0.012718
0.013717
0.047937
0.045116
-0.001299
0.049116
0.007453
-0.055842
-0.026865
0.020964
0.007949
0.019580
0.060101
-0.006703
-0.081460
0.010052
0.003288
0.002224
-0.012077
-0.039341
0.003720
0.043742
-0.113254
0.016468
0.001380
-0.051234
-0.002850
-0.030945
0.081170
0.010332
0.026397
0.110254
0.029452
0.008343
-0.031674
0.020252
0.015987
0.061246
0.038060
-0.000403
0.023878
-0.020028
-0.004296
-0.075692
-0.010574
-0.047837
-0.018498
0.018033
-0.033743
0.005606
-0.028241
-0.066675
0.018423
0.034415
0.025100
0.057810
-0.035320
0.028695
0.108524
0.063812
0.049214
0.122780
0.020224
-0.026178
-0.009650
-0.059671
-0.006207
0.011586
-0.008003
0.047305
-0.008388
0.050447
0.055869
0.065894
-0.010095
-0.080787
0.000474
-0.040475
0.030171
0.019751
0.018455
0.017346
0.051242
0.085265
-0.011547
0.039049
0.098530
-0.009980
-0.030770
-0.037253
-0.026028
0.047698
0.001325
-0.023489
0.010534
-0.023918
0.020491
0.016848
-0.003002
-0.027658
0.010266
-0.020494
-0.003325
0.037274
0.002347
0.004857
0.034785
-0.011749
0.051200
0.059681
0.079462
0.044862
0.081804
0.103448
0.053797
0.080163
0.041109
-0.036494
-0.001231
-0.032450
0.019489
-0.081644
-0.071925
0.017156
-0.052031
0.038285
0.063165
0.044714
-0.048413
-0.013011
0.025361
0.027376
-0.006774
0.013370
-0.046367
0.030530
0.010281
-0.084111
0.082248
0.049002
-0.024736
0.029970
-0.024493
-0.014591
0.023709
0.049613
-0.026545
0.008602
-0.025369
0.022560
-0.002236
0.044665
-0.019305
0.033908
0.075017
0.013073
0.046911
0.031927
-0.010361
0.007520
0.007597
0.016769
-0.079862
0.001038
0.056115
-0.032090
-0.047589
0.004911
-0.024603
0.018769
-0.037140
-0.085234
-0.030220
-0.094276
-0.034306
-0.042133
-0.048960
0.019396
-0.017735
0.024707
0.057803
0.099900
0.087023
0.085997
0.020978
-0.009938
0.045408
0.041427
0.050979
0.013355
-0.011903
0.022680
0.013518
-0.042508
-0.031991
0.056726
0.051691
0.042466
-0.075646
-0.019836
0.075668
0.024202
0.016152
0.015893
-0.059278
-0.055390
0.008724
-0.036725
0.017875
0.009008
-0.036324
-0.066776
-0.055460
0.037941
0.106094
0.103182
0.040873
0.008297
-0.041829
0.019641
-0.003591
-0.004391
0.049549
0.010851
-0.001906
0.020157
-0.096449
-0.002994
-0.038983
-0.097841
0.078885
0.097239
0.028002
0.013327
-0.026127
-0.000857
-0.011935
-0.037145
-0.054457
-0.037354
-0.033047
0.046282
-0.031792
-0.023064
0.028206
-0.066913
-0.077874
-0.038029
-0.026785
-0.009535
-0.014334
0.008568
0.002336
-0.012042
-0.002776
0.031034
0.063620
0.013054
0.025426
-0.000860
-0.010296
-0.001408
-0.004927
0.004435
-0.036758
0.085183
-0.012287
0.039789
0.118063
-0.059605
0.040588
0.065328
-0.002870
0.026723
0.014946
0.047540
0.037244
0.112959
0.113422
0.037559
0.039357
0.046064
0.042420
0.039896
-0.021755
0.044835
0.001125
0.032323
-0.043179
-0.017461
-0.021972
-0.005080
0.046064
0.074496
0.151951
0.104053
0.060980
0.017523
-0.020448
0.053268
-0.013384
-0.045738
-0.009918
-0.022932
-0.039404
-0.033267
-0.061951
-0.029394
0.034751
0.023513
0.064845
0.066910
-0.069717
-0.007111
-0.017686
0.008268
-0.057163
0.004628
-0.026671
0.019421
0.039779
0.002090
0.029512
0.054545
0.040046
0.054277
0.104839
0.025007
0.022458
0.015133
-0.039506
-0.095792
-0.016191
0.068741
0.082012
0.034003
0.036426
0.143258
0.148101
0.010282
-0.060166
-0.007067
0.020995
0.060524
0.057113
0.106417
0.042733
-0.006234
0.036508
0.043036
0.003118
0.022918
-0.014937
0.061051
0.029425
0.041688
-0.030959
-0.039896
0.022238
-0.014060
0.054824
0.057544
-0.034911
-0.003243
0.030802
0.039733
0.028875
0.034458
0.064471
-0.036709
-0.003635
0.024887
-0.060081
0.022296
0.079557
0.066741
-0.027666
0.029756
-0.027932
-0.026685
0.003085
0.017624
-0.058534
0.060326
0.104373
-0.013292
0.032673
-0.085944
-0.048619
-0.056837
-0.053577
-0.014322
0.052394
-0.076691
-0.071274
0.022326
-0.096741
-0.053612
-0.011280
-0.013445
0.034768
-0.061711
-0.007495
-0.010209
-0.145355
-0.109892
-0.014566
-0.084517
-0.075017
0.018833
-0.041275
-0.089858
-0.064081
-0.075541
-0.006158
0.030917
-0.042577
-0.022980
0.015015
-0.098290
0.013891
0.080236
-0.000528
0.070948
0.110402
0.081830
0.053466
0.078713
0.033421
0.062764
-0.052050
0.096084
-0.050535
-0.020343
-0.024475
-0.055115
-0.029433
0.007773
0.058865
-0.070008
-0.040593
-0.099318
-0.030114
0.059132
-0.015171
0.030917
0.014491
-0.060380
-0.002906
0.017278
0.003575
0.031610
0.066427
0.117586
0.042212
0.006268
0.001178
-0.099034
0.008744
-0.022029
-0.033897
-0.042901
-0.069679
0.023806
-0.016998
0.112436
0.042950
0.000032
-0.048142
-0.048079
-0.027259
-0.012790
0.051685
-0.003696
0.030420
-0.061056
-0.068889
0.009054
-0.010359
-0.003300
-0.010778
-0.068303
-0.006801
-0.095133
0.015656
0.014043
-0.036076
0.027738
-0.063761
0.013675
-0.049645
-0.045074
0.039468
-0.043285
-0.098468
0.031530
0.033080
0.043470
0.060574
0.046226
0.069583
-0.003932
0.065807
0.018804
0.067352
0.004733
0.018197
0.031847
-0.024783
0.033291
0.045762
0.054428
-0.019348
-0.025252
-0.057189
-0.036281
0.046874
0.031438
0.043090
0.066957
0.018915
0.010962
0.030876
-0.058705
-0.042112
-0.099939
0.042509
-0.026357
0.002889
0.014452
0.011122
0.042449
-0.085538
-0.084855
-0.031142
0.003898
0.078043
0.098501
-0.020908
-0.070784
-0.018110
-0.037108
-0.027595
0.014831
-0.021570
0.113998
0.040784
0.017463
-0.005820
-0.012164
0.052227
0.043277
0.001475
0.003050
0.014469
0.038741
0.056152
-0.008744
0.018620
-0.007769
-0.036456
-0.028978
-0.023624
0.012768
-0.078761
-0.001094
0.039698
-0.025667
-0.043852
0.083585
0.072918
0.078247
0.034108
0.055116
0.026761
-0.000119
0.020736
-0.062380
0.003948
0.076439
0.047156
0.055805
0.052173
0.051668
0.094337
0.086579
-0.002490
0.035253
0.055173
0.078463
0.102959
0.046701
0.069570
0.131148
0.071272
0.006838
-0.023898
0.056347
-0.034504
0.081171
0.046767
0.031184
0.119985
-0.079854
-0.026803
-0.013254
-0.004917
0.084189
0.105842
0.066868
0.015029
0.064455
0.031920
-0.020151
0.025685
0.029620
0.005449
-0.000758
0.030350
-0.078836
-0.092683
0.046331
-0.025435
-0.045716
-0.063472
0.053580
0.030206
-0.003831
0.085718
0.023813
0.032749
0.002556
-0.023192
-0.039994
0.008290
0.132236
0.105744
0.078300
-0.008269
0.047887
-0.027552
-0.030570
-0.034240
0.002338
0.001736
-0.037186
0.026151
-0.012637
-0.040178
-0.018549
-0.029490
-0.093600
-0.046818
-0.022369
-0.055039
0.008154
0.138458
0.024447
-0.023310
0.016791
-0.018200
0.015591
-0.017981
-0.022519
-0.020553
0.047710
0.031076
-0.062965
-0.025772
0.036142
-0.006979
-0.059739
-0.003595
0.027356
-0.014054
-0.017271
0.024237
-0.004249
-0.024504
-0.008175
-0.007685
-0.032434
0.079363
0.081809
-0.011678
-0.041449
-0.013858
0.003161
-0.078482
-0.040891
-0.109694
-0.059105
-0.022768
0.011266
0.063007
-0.053635
-0.031971
0.082640
0.039108
-0.080614
-0.011886
0.013235
-0.005279
0.092088
0.097420
-0.029140
0.016625
-0.019283
-0.072763
-0.133990
0.037312
-0.012024
0.004556
0.027610
-0.020083
0.075227
0.053661
0.043280
0.035919
0.023241
0.045107
0.023022
0.043597
0.031219
-0.009718
0.030702
0.069622
0.003522
-0.069935
0.075275
0.033918
-0.049551
-0.005325
0.006613
0.016791
0.048342
0.030865
0.005439
0.003479
0.075638
0.002541
-0.001898
-0.024641
0.023585
0.117505
0.074689
-0.032330
-0.030012
-0.002419
0.022919
0.015438
0.008865
0.017248
0.036634
-0.045306
-0.014565
0.026867
0.016212
-0.055722
-0.038091
0.027236
0.060793
-0.017158
-0.023118
0.016661
0.018885
0.087030
0.008342
-0.035408
-0.021079
-0.126245
-0.074470
-0.030298
-0.019818
-0.025182
0.020516
-0.001954
-0.020914
0.102514
0.074285
-0.048876
-0.041757
-0.039295
-0.067728
-0.066443
0.105474
0.052622
0.098631
0.046398
-0.061404
-0.048529
-0.018551
-0.118178
-0.026553
-0.053065
0.045296
0.059667
0.022803
-0.082950
-0.013586
-0.027703
-0.042026
-0.015798
-0.017355
-0.003036
-0.045906
-0.033242
0.050311
0.104759
0.066256
0.027378
0.054592
-0.002477
0.035187
-0.034421
-0.052271
0.026769
-0.091140
-0.017471
0.044010
-0.102198
-0.077319
0.020159
-0.011764
0.001354
-0.042031
-0.055916
-0.034060
-0.105686
-0.031487
0.001759
-0.028588
-0.010306
0.130235
0.080167
0.053917
0.063261
0.068044
0.050907
0.002928
0.037061
0.056901
0.054138
0.001673
-0.037157
0.029884
0.008939
0.000801
0.017532
-0.019042
-0.025994
-0.012149
-0.040739
-0.051324
-0.074808
-0.097404
0.063846
-0.063010
0.083518
0.033996
-0.026657
-0.000615
-0.031281
-0.029810
-0.031776
0.073258
0.016397
0.020307
0.024034
0.076112
-0.005515
-0.023260
0.108278
0.069374
0.042249
-0.017987
0.009953
-0.034304
-0.090447
0.068847
-0.003594
0.015343
0.013424
0.049626
0.062393
-0.009973
-0.043909
-0.014016
0.034435
-0.062799
0.054306
0.090358
-0.042948
0.043892
-0.016903
-0.035989
0.068341
-0.000688
0.022083
0.103843
0.040441
0.053018
-0.020957
-0.017551
0.094351
0.000080
-0.047820
-0.073838
-0.044488
0.012080
0.023669
-0.107483
0.025730
0.003169
0.063983
0.055110
0.073515
0.056575
-0.018472
0.079837
-0.016438
0.061709
0.078365
0.010830
0.027587
-0.036879
-0.007112
0.041391
-0.075846
0.027424
0.074186
0.033986
0.101822
0.009356
0.083372
0.006491
-0.013767
0.039687
0.026742
0.079921
0.025931
-0.024019
0.025749
0.024551
0.046250
-0.024065
-0.009382
0.009417
-0.027617
0.047800
0.010979
-0.008031
0.068930
0.034358
0.034691
0.019528
-0.014432
0.064452
0.076526
-0.012878
-0.053014
0.039896
0.024041
0.034883
-0.030296
0.084355
0.046532
-0.005199
0.057748
0.061731
0.017717
0.016882
0.103263
0.099479
0.019093
0.021450
0.103028
-0.073348
-0.029592
0.061414
0.008284
0.095994
0.029901
-0.067849
0.094017
0.070992
-0.030084
0.041200
-0.012474
-0.073578
-0.010614
-0.030506
0.024530
0.088166
0.057590
0.041625
-0.006445
0.060568
0.023383
0.061299
-0.009197
0.074334
0.011658
0.072960
-0.003101
-0.076346
0.080209
-0.047232
-0.042164
0.063706
-0.007991
0.066963
0.072242
-0.051159
0.031056
0.021798
-0.031494
-0.011574
-0.014276
-0.033552
-0.097930
-0.019868
0.034403
0.018557
-0.020199
0.060737
0.056162
0.040143
0.006941
-0.068400
0.036757
-0.030011
-0.027276
0.026128
0.103101
0.008766
-0.037302
-0.036468
-0.035360
-0.002426
0.041291
-0.011102
-0.052639
0.042841
-0.038254
-0.024908
0.027710
0.001561
0.060261
-0.021923
0.023288
0.044549
-0.052362
-0.002024
0.096980
0.077846
-0.047530
-0.006645
-0.013550
-0.009902
-0.016314
-0.006017
-0.082105
-0.076773
-0.026978
-0.095595
-0.003973
-0.033337
-0.102482
-0.001117
-0.027079
0.084471
0.038287
-0.025959
0.111924
0.034921
-0.005174
-0.008687
-0.013554
0.016439
0.083029
0.012731
-0.064187
-0.006365
0.004310
-0.007063
0.064900
0.087255
0.062800
0.021865
0.013969
0.003604
0.005211
0.117009
0.105720
0.058382
0.008105
0.018697
0.042312
-0.004089
0.089966
-0.043518
0.015472
-0.002390
-0.115208
-0.022966
0.062651
-0.050797
0.022952
0.084529
0.000208
-0.035155
-0.001875
0.113144
0.113198
0.115902
0.028304
0.015714
0.020379
-0.017247
0.074741
0.070063
0.095259
0.013433
0.052111
0.030418
0.005256
0.047739
0.060718
0.023921
-0.077244
0.014793
-0.020008
-0.039182
-0.014028
-0.004213
0.068755
0.043812
-0.008530
-0.022625
-0.017395
0.022802
0.007932
-0.038576
0.004663
-0.030753
0.016797
0.018897
-0.099444
-0.068959
0.004417
-0.021479
0.063495
0.118618
0.040528
0.034862
0.042066
0.055947
-0.020689
-0.027020
-0.078000
-0.014442
0.000075
-0.086307
-0.009956
0.022961
0.009857
-0.023572
0.043187
-0.076223
-0.057845
-0.005395
0.037665
-0.036096
0.026774
0.099685
0.011338
-0.019111
-0.050115
-0.009710
0.017786
0.007638
-0.001574
0.024991
0.085120
0.066618
0.063922
0.118018
0.022679
0.005801
0.012811
-0.034409
0.031187
-0.019176
0.005542
0.005164
-0.059001
0.028999
-0.041727
-0.036557
-0.037047
0.048969
0.004380
0.062976
0.046866
0.035177
0.033666
-0.042557
0.009588
0.031285
-0.052344
0.066847
0.066102
0.023394
-0.012621
-0.029963
-0.000741
-0.050472
-0.029803
0.004236
-0.061161
-0.003852
-0.035650
0.030388
0.010665
-0.021669
-0.014164
-0.004257
0.071019
0.069569
0.079955
0.055583
0.027582
0.032044
0.033725
0.047372
0.046540
0.068076
-0.043829
0.041212
0.050096
0.024961
0.061101
0.076239
0.003822
0.076092
0.076686
0.033762
0.097624
0.001530
-0.007916
-0.021082
0.004368
-0.025824
0.021610
-0.020199
0.024053
0.021315
0.031206
0.052865
0.030100
-0.061306
0.022630
0.022654
-0.098865
-0.000215
0.053438
0.033620
-0.022795
-0.057878
0.012122
-0.047357
0.021206
-0.014408
0.010061
0.032761
-0.023776
-0.041322
-0.059640
-0.016748
-0.021775
0.001831
-0.013094
0.042962
-0.016172
-0.060251
0.060792
0.028559
0.020162
-0.051789
0.037046
0.017815
0.043308
-0.002898
-0.051738
0.075150
-0.002808
-0.020994
-0.026679
-0.047810
-0.045840
-0.050028
0.023400
-0.030905
0.000990
0.038157
-0.065304
-0.016543
-0.004105
0.027811
0.030760
0.057320
0.028099
0.047905
0.013836
-0.041214
0.072588
0.051465
0.020443
0.112747
0.018328
0.011441
0.004896
-0.035076
0.022842
0.017825
0.008779
-0.005163
-0.025852
-0.002873
-0.018434
0.056841
-0.016312
0.010778
0.046293
0.016391
0.089191
0.069106
0.042675
0.009475
0.043492
0.105963
-0.022967
-0.036491
-0.052982
0.029670
0.048148
0.016356
0.031976
-0.023045
-0.030168
-0.041420
-0.036218
0.029275
-0.057061
0.103302
0.044948
0.032095
0.001979
-0.018712
0.042256
0.009315
-0.069920
-0.015553
0.018214
-0.009626
0.091357
0.015564
0.040109
0.062326
-0.006851
-0.049089
0.014176
-0.034467
-0.030421
-0.011856
-0.010695
-0.044005
-0.047681
0.093902
-0.007704
-0.028137
0.025456
0.025667
0.009787
0.072372
-0.054619
0.008935
0.042767
0.046918
0.001584
-0.069255
0.062931
0.007061
-0.054250
0.091967
0.026345
0.023285
0.073325
0.079923
0.058010
-0.011770
0.012636
0.042435
0.077269
-0.013864
0.023809
-0.006594
-0.071436
-0.006207
0.027827
0.033628
0.074490
0.072201
0.041398
0.063277
0.032713
0.007794
-0.001637
0.022862
0.057274
0.035561
-0.032914
0.043709
0.096732
-0.001216
0.072800
-0.050237
0.039766
0.077384
-0.009604
0.003268
0.080836
-0.000329
0.054545
0.051575
0.021034
0.019301
0.019135
0.027267
0.014262
0.009151
-0.014160
-0.004347
0.007727
-0.067964
0.023853
-0.028428
-0.011709
0.029082
-0.007646
-0.026536
0.006282
0.031511
-0.028978
-0.009500
0.014727
-0.078567
-0.027759
-0.004445
-0.053483
-0.013207
-0.016917
0.033367
0.019213
0.007034
0.004040
0.012513
0.113280
0.095432
0.039846
0.024680
0.053355
0.037771
0.045987
0.098421
0.103396
0.016144
0.012439
-0.008097
0.036595
-0.008863
-0.003831
0.061099
0.068107
-0.004341
-0.005249
0.115072
0.023580
-0.054273
0.059529
0.053274
0.024192
-0.005892
0.035991
0.044794
-0.002117
-0.066972
0.007066
-0.018678
-0.093621
-0.038449
-0.011968
-0.067603
-0.065815
-0.032248
0.041854
-0.089794
0.026979
-0.007468
-0.079850
0.050004
-0.017472
-0.082633
0.003756
-0.043216
-0.083291
-0.013026
-0.090045
-0.031422
-0.045748
-0.157176
0.100999
-0.065643
-0.014688
0.027199
-0.055578
-0.033350
-0.111751
-0.057912
-0.008180
-0.012187
0.044145
0.003447
-0.020702
-0.007270
-0.066355
-0.022471
-0.097201
-0.012280
-0.035730
0.019602
0.052347
0.032436
0.043734
-0.018907
-0.028360
-0.018743
-0.027027
0.035292
0.035766
0.002812
-0.000247
-0.050904
0.069952
0.018883
-0.049406
0.023537
0.015334
0.033892
-0.024830
0.012578
0.076239
0.027502
0.089447
0.078379
-0.017705
0.017802
0.022860
-0.033971
-0.026021
0.041868
-0.051087
0.030050
-0.019715
0.006796
0.051328
0.085297
0.140459
-0.037066
0.014248
0.045939
-0.007628
-0.023600
0.045177
-0.015591
-0.055680
0.024439
0.038095
0.076840
0.133480
0.033683
0.024143
-0.014230
0.048164
0.026489
0.020173
0.046141
0.045426
0.031625
0.026077
0.008415
-0.029740
0.046935
-0.042399
-0.035191
0.004412
0.000151
-0.025579
-0.008469
0.002494
0.009254
0.003425
-0.063437
-0.016456
0.047997
0.007176
0.037421
0.022849
0.013009
0.004924
-0.015014
-0.040853
-0.014591
-0.028089
-0.008656
-0.042976
-0.000683
-0.105868
-0.076132
0.027293
-0.048169
-0.011044
-0.025614
0.047818
0.031092
0.079221
0.031603
0.116644
0.009849
-0.040366
0.028100
0.017390
0.048772
0.041146
0.036042
0.034068
0.047154
0.046742
-0.075733
0.061492
0.109929
-0.025564
0.074635
-0.001021
0.002096
-0.001556
-0.086292
-0.020272
-0.072202
-0.086939
-0.035472
-0.012955
0.036521
0.009091
0.083420
0.077086
0.018486
-0.019920
-0.001608
-0.054450
0.020381
-0.065767
0.005319
-0.007339
-0.054298
-0.001737
-0.006538
0.052213
0.022188
-0.011371
0.051180
0.014124
0.054649
-0.033670
0.026227
-0.037281
-0.010027
-0.057854
-0.041168
0.044097
-0.041332
0.041312
0.033794
-0.021198
0.029060
-0.052786
-0.067337
-0.016301
-0.014497
-0.107123
-0.032782
-0.053694
-0.056919
-0.094796
-0.032099
-0.019146
-0.054365
-0.044933
-0.037148
-0.017394
-0.078583
-0.031751
0.006331
0.033272
-0.030833
-0.096425
0.060706
-0.023383
-0.041146
0.056159
-0.038323
-0.047113
-0.037855
-0.001067
0.007449
0.010478
0.033135
0.026834
-0.079271
-0.075791
0.041026
0.021127
0.034329
0.081770
0.003135
-0.004160
0.058953
0.071348
0.034104
-0.082679
0.034228
-0.016206
0.005772
0.124717
-0.016364
0.006039
0.002526
0.004765
0.053620
-0.039897
-0.107316
-0.005971
0.002529
0.050539
-0.096980
-0.021302
-0.076271
-0.121445
0.023838
0.021541
0.023712
0.017020
0.050972
0.035830
-0.047072
0.032865
-0.018672
0.075344
0.094368
0.033558
0.041481
0.034314
0.012037
-0.011389
0.134579
0.089154
0.045493
0.055892
-0.000295
-0.062127
0.068837
0.057854
-0.007731
0.006277
-0.014494
-0.073477
-0.076332
-0.052230
-0.023790
-0.026384
-0.042607
-0.018360
0.032267
0.019323
0.017124
0.106220
0.102414
-0.011994
-0.008375
0.002364
-0.061494
0.035988
0.017085
-0.037073
0.050298
0.042164
0.031471
-0.021818
-0.005049
0.013798
-0.028578
-0.036294
-0.000998
0.037439
-0.008068
-0.044653
0.053718
0.058964
-0.023593
-0.059090
0.024793
-0.062240
-0.053664
-0.028912
0.052647
-0.041070
-0.033808
0.038657
-0.012967
0.054017
-0.000390
-0.003365
-0.029452
-0.005206
-0.026977
-0.027073
-0.080176
-0.064116
0.002237
0.009584
-0.013458
0.012196
-0.125200
-0.029497
0.087756
-0.023815
-0.006339
-0.003385
0.057203
-0.014367
-0.064178
0.041693
0.054105
0.039221
0.004044
0.037223
0.010279
-0.018811
0.022677
-0.027936
0.002026
-0.002316
-0.034142
0.003151
0.014853
-0.034096
0.066674
0.086346
0.014448
-0.000522
-0.026932
-0.004314
-0.012643
-0.102657
-0.062722
-0.033886
0.009718
0.046528
-0.019190
0.051023
0.084905
-0.004928
0.019261
-0.023047
-0.004700
-0.092687
0.000475
-0.099192
0.006311
0.018301
-0.023227
0.068919
0.023733
0.002962
0.107826
0.078385
-0.004159
0.068244
0.007187
-0.008292
0.101517
0.001887
-0.034137
0.040439
0.004931
0.078041
0.104405
0.105631
0.073691
0.064588
0.023443
0.055100
0.081011
-0.049612
0.056115
0.064147
-0.076926
0.045365
0.038712
0.011402
0.011173
0.001760
-0.049261
-0.025443
-0.046551
-0.008741
0.045380
-0.007083
0.033954
-0.023808
-0.000001
0.018532
0.027026
-0.028692
0.077639
0.104965
0.080967
0.009469
0.105925
0.020895
-0.027145
0.065821
0.050502
-0.002488
0.021453
-0.070654
0.014829
0.047266
-0.053752
0.069629
-0.010586
0.014468
0.019113
0.066765
0.034154
-0.003328
0.001552
-0.029425
0.027719
-0.016955
-0.065076
-0.040761
-0.009370
-0.004970
0.031368
0.061380
-0.053245
-0.013099
0.038645
-0.007816
0.002268
-0.060695
0.003547
-0.068789
-0.112745
-0.029059
-0.047955
0.070981
0.066761
0.073233
0.051290
0.029666
0.059347
-0.021932
0.006464
0.071807
0.001135
0.029333
0.003812
-0.002157
0.075059
0.059209
0.043566
0.076930
0.005394
-0.037112
0.002531
0.065871
0.043294
-0.001919
-0.005911
-0.073486
-0.088290
0.002412
-0.062173
-0.068795
-0.035233
-0.016804
0.008350
-0.038984
-0.019813
-0.018186
-0.017791
-0.045113
-0.066484
0.019739
0.006110
0.068077
0.067335
0.033420
0.089763
0.024346
-0.009800
0.059428
-0.047602
-0.010081
0.011050
0.025862
0.103528
0.004009
0.015701
0.044157
0.103550
0.057695
-0.007062
-0.092101
-0.040547
-0.013119
-0.067937
-0.032511
0.068528
0.072284
0.073549
0.023583
0.040877
0.052327
0.089256
-0.000748
0.071818
0.078010
-0.021329
-0.034278
-0.079091
0.002307
0.060891
-0.001425
-0.032041
0.030015
0.025523
0.094334
0.036040
0.007960
-0.046446
0.043473
0.210693
0.022395
-0.007493
-0.028882
0.016306
-0.050192
-0.047141
-0.067041
-0.009527
-0.006077
0.010221
-0.028555
0.021550
-0.020583
0.002030
0.046301
0.058475
0.075173
0.087106
0.033802
-0.009947
-0.046197
-0.015391
0.069479
0.080028
0.025022
0.039983
-0.040089
0.019069
-0.057613
-0.044938
0.009508
0.074290
0.023888
-0.003032
0.034579
0.017179
0.036655
0.006349
-0.036117
0.071945
0.113468
-0.005456
-0.002777
0.154241
0.015139
0.074161
0.089569
-0.007875
-0.076850
0.022533
-0.002603
-0.031447
0.005985
0.029691
0.025700
-0.066182
0.012643
0.029167
0.100522
0.035477
0.023205
-0.011563
0.060890
0.078418
0.076433
0.108078
0.065373
0.107648
0.027417
0.059111
0.061830
0.080231
0.037826
-0.051038
-0.027204
-0.006957
0.078762
-0.027235
-0.018455
0.088821
0.024384
0.033056
0.073945
0.014325
0.110849
0.088581
-0.003010
0.084674
0.013980
0.103840
0.097530
0.038221
-0.000329
-0.046076
0.009672
0.009713
-0.024541
-0.011149
0.007844
-0.016935
-0.076881
0.087427
0.007332
0.000020
-0.006761
-0.014217
0.079184
-0.018934
-0.074466
-0.037982
-0.036183
-0.041651
-0.040925
0.056366
0.046322
0.083723
0.021967
-0.027712
0.061517
-0.022127
-0.005768
0.016112
-0.090668
0.013691
0.033175
-0.067876
-0.005566
-0.073669
-0.050448
0.007475
-0.063242
0.024200
0.008629
-0.025644
0.006263
0.025292
0.021939
0.017916
-0.071567
-0.105324
-0.128107
0.021489
-0.027872
-0.059632
-0.008361
-0.093357
-0.002442
0.045589
-0.020396
-0.004524
0.050397
-0.037283
-0.014612
0.057270
-0.050316
-0.075146
-0.078315
0.046412
0.004163
-0.048060
0.052243
-0.016017
-0.025031
-0.000569
-0.033907
-0.034372
-0.017923
0.029666
0.054616
0.066472
0.100923
-0.004938
-0.059851
0.034822
-0.023747
0.021423
-0.032895
-0.055776
-0.060278
-0.045026
-0.064716
-0.055300
0.024527
0.016150
-0.020603
-0.007651
0.038000
0.069763
0.026541
-0.016363
-0.035253
0.018746
0.045315
-0.023864
-0.112502
0.022471
0.073949
0.010102
-0.026737
-0.017565
-0.060078
0.006761
0.029743
-0.173221
-0.032644
0.006801
-0.108677
-0.042733
-0.022320
0.028783
-0.038679
0.038998
0.103994
-0.049384
0.015243
-0.069165
-0.024280
0.035751
-0.095249
-0.027108
0.005006
0.020835
0.087633
0.008108
-0.014775
0.003767
0.016917
-0.061151
0.022129
-0.090374
-0.066308
0.070155
0.007818
0.097575
-0.003958
-0.005400
0.052070
-0.060406
-0.030264
0.027225
-0.098735
-0.054853
-0.059548
0.015809
0.109834
-0.007880
-0.033178
-0.033263
-0.021458
-0.033322
0.004539
0.030928
-0.039895
-0.041427
-0.062824
0.001206
0.011250
0.013633
-0.003184
-0.016020
-0.011401
-0.083432
0.017524
0.068218
0.048988
-0.031775
0.002215
-0.033776
-0.053012
-0.075245
-0.047246
-0.018002
-0.061757
0.014798
0.071865
-0.043949
-0.048953
0.012082
-0.024977
-0.082098
-0.050423
-0.045517
-0.011409
0.078968
-0.082668
-0.118480
-0.045052
0.003113
0.029520
-0.030557
0.008507
-0.065140
-0.058605
0.026630
-0.017261
-0.041913
-0.032275
0.016521
0.030847
0.023861
0.063578
0.039490
0.016246
0.000551
0.053561
0.029637
0.018561
0.020178
-0.036108
-0.059076
-0.006455
-0.004156
0.066894
0.054488
0.037199
-0.034926
-0.017699
0.021343
-0.041991
-0.042940
-0.060401
-0.051298
-0.097896
-0.027720
-0.016186
0.060727
0.009939
0.049368
0.060024
-0.042428
-0.010027
0.036185
-0.026915
-0.001122
-0.011338
0.041050
-0.030484
-0.001892
-0.023426
0.021411
0.015178
0.037305
0.071122
-0.042108
-0.036373
-0.001997
0.038030
-0.089206
-0.062685
-0.083046
-0.107101
-0.022754
0.000801
-0.035199
0.018957
0.058749
-0.055561
-0.005388
-0.039193
-0.059338
-0.019570
-0.054091
-0.017448
0.031970
-0.064953
-0.029325
0.038405
0.044558
-0.039304
0.026194
0.051308
0.012059
0.018108
0.045923
0.083581
0.001111
0.007285
-0.031340
-0.017363
0.039687
0.007980
0.077950
0.062712
-0.027923
-0.001557
-0.048984
-0.116883
-0.020178
-0.023028
0.001701
-0.017540
0.011576
-0.023619
-0.029642
-0.032689
-0.026071
-0.051460
-0.032994
0.045792
0.082122
0.040045
0.094869
0.030934
0.040983
0.103732
0.067952
0.059259
0.027279
0.026996
0.054156
0.033810
0.056319
0.114066
0.063800
0.050165
0.005751
0.001948
-0.068264
-0.014928
0.107402
-0.015998
-0.071941
0.039777
-0.011821
-0.013581
0.070276
-0.031447
0.010858
0.047537
0.013025
-0.007154
-0.018711
0.016877
-0.012033
-0.071928
0.015803
0.007290
-0.078358
0.014471
-0.012637
0.015088
0.057731
-0.047855
0.002516
0.061097
0.015750
-0.075505
0.020386
0.066785
-0.116674
-0.009912
-0.021693
-0.110834
-0.069628
0.017206
-0.055538
0.001888
0.055490
0.053369
-0.036027
0.008923
-0.030312
-0.019696
0.016592
-0.056195
0.034340
0.007720
-0.029774
0.004027
0.013160
-0.025696
0.010505
0.014561
0.002186
0.050512
-0.022235
-0.007320
-0.005135
0.010237
-0.039993
-0.002811
0.025768
-0.030697
-0.054482
-0.051802
0.007266
0.016704
-0.053405
-0.063835
0.074907
0.084186
0.011047
-0.018524
0.005268
-0.035765
-0.048625
-0.024691
-0.024351
-0.029543
-0.020341
-0.057491
-0.011664
-0.004685
0.012298
-0.024831
-0.008476
0.044845
0.010128
-0.003463
-0.052396
-0.001332
-0.014496
0.034891
0.036000
-0.051812
0.087135
0.064169
-0.066443
0.004738
-0.024401
0.019252
0.000733
0.077691
0.059384
-0.088974
0.014078
-0.031364
-0.091727
0.031386
0.042703
-0.046581
-0.019996
0.072123
0.040311
0.076204
0.013662
0.021211
-0.000798
-0.010120
0.035219
-0.106770
0.052551
0.063628
0.012285
-0.058234
-0.113980
-0.011705
-0.019547
-0.056514
-0.043756
-0.054969
-0.039538
-0.032236
-0.073114
-0.022615
-0.051048
-0.031761
-0.028468
-0.069344
-0.029184
-0.055852
-0.010387
-0.082036
-0.038314
-0.008472
-0.027142
0.041677
0.006729
0.108359
-0.031244
-0.006554
-0.046044
-0.002978
0.032195
-0.076814
-0.021341
-0.070492
0.031948
0.044542
-0.024292
-0.130230
0.015528
-0.051497
0.002099
0.001952
-0.032107
-0.051815
-0.068721
-0.019780
0.003758
-0.057266
-0.030722
-0.068564
-0.003443
-0.050675
-0.112961
-0.032691
0.041008
-0.040487
-0.053914
-0.037851
-0.071260
0.029699
-0.008917
0.070373
-0.007370
-0.046879
0.061947
-0.050918
-0.052212
0.019323
-0.032683
0.015535
-0.013800
-0.005601
-0.011699
0.039739
0.066570
-0.046937
-0.045936
-0.003041
0.012730
-0.028368
-0.032188
-0.082097
-0.006672
-0.017399
-0.018730
0.003661
-0.051255
-0.051916
-0.054929
-0.063020
-0.028575
0.017661
-0.063775
-0.045896
0.073900
-0.052538
0.051169
-0.064692
-0.042900
0.027424
0.003574
0.108412
0.087092
-0.056627
0.008614
0.122486
-0.022147
-0.009969
0.037612
0.000471
-0.015084
-0.024371
-0.059981
-0.043581
0.059174
-0.037293
0.005645
0.059652
-0.030198
-0.102778
-0.016814
0.009872
-0.057001
-0.025444
-0.100778
-0.005604
-0.042888
0.003836
0.099482
0.024102
0.057119
0.125263
0.035084
0.123053
0.115070
0.146130
0.042001
0.064155
0.077769
-0.003788
-0.014463
0.022358
-0.026768
-0.029521
0.101650
-0.017086
-0.029438
0.042077
-0.004767
0.116436
-0.043730
-0.031099
0.092695
-0.011576
0.030175
0.077915
0.058985
0.070960
0.032797
0.016879
0.005846
0.137597
0.089921
-0.000690
0.006881
0.092273
0.017459
-0.046293
0.042225
-0.008160
-0.117239
-0.126883
-0.014740
-0.068124
0.022302
0.019337
-0.033780
-0.064240
-0.066340
0.013833
0.067121
0.003735
-0.016833
0.035006
-0.072766
0.051066
-0.004222
0.049089
0.013330
0.068854
0.086163
0.033823
0.037680
-0.002360
0.113437
0.096824
0.003938
0.099438
-0.019956
-0.032448
-0.022466
-0.022882
0.056879
0.011777
-0.030646
0.063849
0.001495
-0.021766
0.002359
0.005693
0.061004
-0.025129
-0.007503
0.016913
0.009125
-0.021517
0.049716
-0.000408
-0.023117
-0.060552
-0.017589
-0.043360
-0.073063
0.024505
-0.078344
0.081835
0.013319
-0.012286
-0.003585
-0.050064
-0.004595
-0.075488
0.019210
-0.018187
-0.089537
0.002363
0.057751
-0.015087
-0.019863
0.018710
0.008727
-0.034687
-0.062389
-0.013903
0.017875
0.033393
0.065612
-0.023753
-0.031763
0.068219
0.047337
0.036635
-0.050265
-0.074941
0.071754
0.030313
0.004082
0.001865
-0.038081
-0.048714
-0.116431
-0.094366
-0.021372
-0.092622
-0.025546
0.009424
-0.089431
0.004770
0.014521
-0.002543
0.087287
0.077664
-0.049096
0.046914
0.071767
-0.056136
0.041376
0.005821
-0.042434
0.099065
0.045071
-0.028033
-0.045863
-0.033299
-0.073880
0.001321
-0.059232
0.029237
0.032960
0.001666
0.066046
0.047196
0.047575
0.025492
0.042477
-0.007695
-0.033863
0.024375
-0.005688
-0.016553
-0.075410
0.037777
0.070906
0.017466
-0.021058
0.111791
0.076568
-0.092966
-0.025708
0.030164
-0.052394
0.004995
-0.044927
-0.105090
-0.058354
-0.055765
-0.042124
-0.008744
-0.080837
-0.052970
0.041882
-0.004470
0.055485
0.102738
0.079729
0.062779
-0.037782
-0.030200
-0.030517
-0.045874
-0.050388
-0.047924
0.043198
-0.019638
-0.059465
0.009291
0.027365
-0.040569
-0.007101
-0.052902
0.048092
-0.001403
-0.034117
0.062948
0.032832
-0.011928
-0.032164
0.069235
-0.040694
-0.030212
0.031355
-0.070781
-0.014240
-0.026921
-0.037483
0.014068
-0.023256
-0.000323
-0.017148
-0.009512
-0.007030
0.026817
-0.014095
0.021126
0.007204
-0.054057
-0.009990
0.037313
0.005555
0.013606
0.106393
0.101563
0.037030
0.033165
0.034578
0.019794
0.004814
-0.112896
-0.011891
0.020570
-0.057666
-0.042624
0.017796
-0.030992
-0.007561
0.008872
-0.036066
-0.032534
-0.041185
0.005500
-0.027081
0.077206
0.040139
0.020252
-0.057566
-0.087902
0.050935
-0.005914
0.018114
0.018990
-0.024960
-0.041423
-0.112397
0.046989
0.023730
-0.008403
-0.053239
-0.030740
0.011697
-0.093868
-0.054829
0.096927
-0.046384
-0.019358
0.023207
-0.033561
-0.060969
0.010421
-0.003347
-0.063085
0.029415
0.027367
-0.034544
0.050663
0.059917
0.019917
-0.024830
-0.111176
-0.031614
0.016667
-0.097282
0.047884
0.031098
-0.039590
0.058597
0.004098
0.017257
-0.058113
-0.080579
-0.092723
-0.028791
0.002434
-0.056319
0.006369
-0.013520
0.007930
-0.034803
-0.076371
0.016390
0.011987
-0.073718
0.030597
-0.023152
-0.009033
0.000839
-0.031197
-0.013818
0.046243
-0.032630
-0.108804
0.026398
0.030983
0.040398
0.051732
0.094888
0.055960
-0.020000
-0.005319
0.016585
0.062255
-0.060044
-0.020946
-0.009998
0.013442
-0.004851
-0.010391
0.037508
0.081999
0.005660
-0.024915
-0.073356
-0.020607
-0.049098
-0.009781
-0.085485
-0.038926
0.026325
-0.041006
-0.006568
-0.031676
-0.068395
-0.082655
0.035030
0.017591
-0.032397
-0.087299
-0.039084
0.016865
-0.029291
-0.047164
-0.013295
-0.015976
-0.042879
0.026358
0.001598
-0.049633
0.049597
0.019871
0.076092
0.049096
-0.019086
0.006900
0.024413
-0.034654
-0.057283
0.024619
0.054245
-0.033472
-0.019218
0.024089
-0.036794
-0.090524
0.049043
0.067319
-0.030195
-0.040368
-0.014315
-0.025565
-0.008592
0.006442
0.021548
-0.021576
0.092150
0.009258
-0.025243
0.085470
-0.011410
-0.088867
-0.056043
-0.022723
-0.089688
-0.074072
-0.064030
-0.042328
0.043450
0.107712
0.018323
0.007154
-0.012236
-0.020309
0.052211
0.069766
0.038513
0.026769
0.022268
-0.075874
0.057271
0.028744
0.049445
0.102369
0.101082
0.039661
0.072481
0.046083
-0.017258
0.037438
-0.045782
-0.035305
0.019527
0.092890
0.038367
0.057921
0.031471
-0.031841
0.017732
0.066213
0.084656
0.069658
-0.014979
-0.051161
0.004815
0.022742
0.008127
-0.016312
0.013743
-0.024465
0.020513
0.059920
0.056104
-0.025591
0.021090
-0.015194
-0.063108
-0.012388
-0.033587
-0.048769
-0.033979
-0.027713
-0.015226
-0.088543
-0.075345
-0.039321
-0.019128
-0.071253
0.031493
0.127949
0.027166
0.046690
0.006741
0.055424
0.041201
-0.035819
-0.002110
-0.028979
-0.045954
-0.101845
0.054480
0.011936
0.071317
0.118230
0.025905
0.057196
-0.011619
-0.044146
-0.030108
0.011749
0.001252
-0.068251
0.025577
0.049870
-0.001240
-0.061599
0.050142
0.041060
0.021659
0.034166
0.068445
0.023370
-0.027931
-0.023476
0.024728
0.007628
0.065534
0.090010
0.064762
0.026665
0.113868
0.003204
0.006209
0.086382
-0.006522
0.025627
0.101199
0.067838
0.115079
0.021694
0.006031
0.058395
-0.010762
-0.013801
-0.017385
-0.093670
-0.048164
0.073243
0.021613
0.012508
0.050126
0.051166
0.033285
0.052386
-0.001254
0.000067
0.008685
-0.004871
-0.039830
-0.015791
-0.028351
-0.017857
0.036844
-0.002410
-0.032774
-0.028525
-0.050232
-0.036570
-0.041183
-0.098456
-0.032704
0.001505
-0.092215
-0.012175
-0.044791
0.000277
-0.018231
-0.060375
-0.020152
-0.028566
0.005225
-0.006533
-0.036960
0.008744
-0.054529
0.001787
-0.063531
0.031545
0.066378
-0.021642
0.061477
0.077152
-0.042445
-0.053595
0.012661
0.018995
0.105717
0.025443
-0.019193
0.102648
0.015508
-0.045214
0.078489
0.014286
0.008016
-0.027434
0.044399
0.003322
-0.022200
0.064863
0.003093
0.025936
-0.091971
-0.015826
0.053404
-0.045206
-0.069408
-0.027080
-0.017773
-0.092043
0.035354
0.033518
-0.033591
-0.026057
-0.013153
-0.058895
0.001592
0.024643
0.055945
-0.059862
-0.017248
-0.061758
0.004241
0.061820
-0.026652
-0.077070
-0.026272
0.022320
0.034779
-0.065393
-0.030696
0.099989
-0.037452
-0.057412
0.114873
-0.009521
-0.044078
-0.022483
-0.039592
0.014330
-0.013041
-0.035070
0.016715
0.001363
0.009250
0.015633
-0.090281
-0.103867
-0.021535
-0.078260
-0.036147
0.075581
-0.006945
-0.086010
0.039470
0.014600
-0.028622
-0.008013
0.012022
0.004347
-0.009958
-0.005189
-0.039401
0.072950
0.022908
0.130509
0.093094
-0.116904
-0.002960
0.006882
-0.057839
0.022935
0.030966
-0.024805
0.002590
-0.059294
-0.036519
0.029403
0.091820
0.032439
-0.060091
0.005802
-0.047320
-0.027583
-0.058447
-0.062163
-0.006685
-0.095240
0.005326
-0.076531
-0.079721
-0.042743
-0.109065
0.029057
0.038691
0.016851
0.004216
-0.070547
0.036748
-0.011661
0.053439
-0.017393
-0.081354
0.014822
-0.004567
-0.033147
-0.060444
0.024058
-0.051690
-0.099247
-0.006593
0.028960
0.023743
0.031576
0.027295
-0.004613
-0.050976
0.002305
0.087693
0.060874
0.058645
0.004116
0.051835
0.093140
0.064203
0.054617
0.022262
-0.019491
0.061574
-0.075255
-0.028897
-0.064927
0.029440
0.094666
-0.010207
0.014546
-0.030409
-0.165656
-0.048420
0.035717
-0.029959
0.052394
0.022563
-0.030342
0.008106
0.009366
0.041258
0.009624
0.041081
0.021894
-0.068466
0.031519
0.012911
-0.009342
0.067670
0.070410
0.004961
-0.076851
-0.118016
-0.041226
-0.015595
-0.057801
-0.008246
-0.017134
-0.050666
-0.048289
0.037673
-0.023344
-0.042398
0.019952
-0.006435
0.049423
0.100090
-0.023552
0.034125
0.105397
-0.004479
0.000545
-0.019166
-0.053377
-0.072056
-0.056768
-0.050198
-0.003485
0.057210
-0.027774
-0.052485
-0.034357
0.029272
-0.010091
-0.029504
0.032307
0.028739
-0.061170
0.025201
0.036349
-0.074114
0.055626
0.091759
0.038464
0.074913
0.064383
-0.015952
0.025285
-0.004692
-0.037906
-0.023059
-0.052935
-0.027424
-0.015485
-0.025355
0.037325
-0.063155
-0.004174
0.049118
-0.040747
-0.052722
-0.003570
0.037144
-0.004374
-0.015728
0.013271
-0.047536
-0.032298
0.038215
-0.061051
0.067798
0.032831
-0.074701
0.039991
-0.000556
0.034140
0.051447
0.043497
0.085482
0.011193
-0.055754
-0.049116
-0.005304
0.019513
-0.062160
-0.091374
0.029311
0.091160
0.031227
0.022676
-0.050596
0.028895
0.045130
0.053997
-0.011244
-0.027235
-0.017557
-0.047602
0.038277
-0.046321
-0.025225
0.002615
-0.005538
-0.101828
0.030382
0.082777
0.111679
0.078569
-0.048119
-0.069555
0.002552
0.050278
-0.081393
0.013169
0.020930
0.027964
0.009504
0.028147
0.067389
0.025226
0.003396
0.055296
-0.011813
0.005559
-0.015727
0.019341
0.030028
0.007423
0.070101
0.030390
0.024356
0.077221
0.077024
0.051303
0.073571
0.000267
-0.045343
-0.008430
0.009749
0.017984
0.046251
-0.009219
0.004328
0.013970
-0.044559
-0.037796
-0.084894
-0.030845
-0.015760
0.022260
-0.054575
0.039775
-0.033348
0.018269
0.039039
0.052592
0.126761
0.021974
-0.026902
0.035572
0.093293
0.030281
-0.012295
-0.006500
0.004984
0.015958
0.043356
0.053521
0.004076
-0.058524
0.063799
0.059449
-0.050936
-0.073885
-0.015988
-0.041025
-0.016250
-0.101686
-0.011708
-0.007645
0.018400
0.015570
-0.024277
0.075644
0.026205
0.059785
-0.014461
-0.055761
0.048828
0.039722
0.065055
0.045710
0.083642
0.079905
0.039684
0.036207
-0.022600
0.012510
0.023403
-0.017496
0.070709
-0.014205
0.025608
0.081178
-0.003902
0.008985
0.021376
0.034149
-0.015415
-0.080029
-0.103890
-0.061752
0.028766
0.018248
0.016580
0.092352
0.052062
-0.033879
0.060415
0.016929
-0.027172
0.110702
0.071562
0.020532
0.061961
-0.031050
0.065643
0.034239
-0.092715
-0.030606
0.027484
0.048378
0.045986
0.117783
0.074038
-0.037015
0.001450
-0.019280
-0.032609
0.007493
0.001155
-0.048203
0.047275
-0.061835
-0.088487
0.035563
0.004696
0.016309
0.004336
-0.018900
0.085987
0.031309
-0.039099
-0.013146
-0.094116
0.045201
0.009953
-0.038038
0.030134
-0.037303
0.038336
0.049419
0.002956
0.051605
-0.042231
0.053241
-0.012578
-0.082052
-0.061358
0.002653
-0.026462
-0.028234
-0.026283
0.006844
-0.027197
0.029383
0.047132
-0.005354
-0.060808
-0.007689
0.004661
0.047673
0.076256
-0.050402
-0.019522
-0.006663
-0.100834
-0.017880
-0.022967
-0.008522
-0.030131
-0.070567
-0.022789
-0.045947
-0.030229
0.083830
0.000435
0.026812
-0.036441
-0.062299
-0.009129
-0.001667
-0.021449
0.009455
-0.028428
0.023066
0.016783
0.037471
0.039942
0.110300
0.086405
-0.025716
0.105247
-0.003367
0.083732
-0.021559
-0.029250
0.080351
-0.013582
0.046960
0.052088
0.036830
-0.091451
-0.044334
-0.052049
0.009158
-0.016766
0.024613
0.019724
-0.048921
-0.059630
0.022189
-0.015712
0.075330
0.018957
-0.025559
0.117136
0.027036
-0.016254
0.027057
-0.060573
0.026444
0.017052
-0.091597
0.030931
0.050406
-0.010107
-0.070859
0.004731
-0.063396
-0.007388
0.039398
-0.022795
-0.038196
-0.005924
0.018511
-0.010987
-0.011901
0.040170
0.036767
-0.028844
-0.033621
-0.032397
0.008968
-0.026152
-0.043294
-0.020872
0.071921
0.050239
0.065970
0.046075
-0.006701
0.067943
0.057416
0.047644
0.034298
0.040001
0.041329
-0.036857
0.078822
0.077978
0.073681
-0.008514
0.002025
0.062022
0.009286
0.002350
0.034526
0.046927
0.036254
-0.028760
-0.005798
0.025638
0.025665
-0.104237
-0.090935
-0.030739
-0.032811
-0.019513
0.041349
0.034240
-0.043147
0.041259
0.046799
-0.049648
-0.079713
-0.104727
0.039232
-0.014304
-0.084428
0.061188
-0.080421
-0.118022
0.045766
0.006923
-0.012699
-0.088348
-0.075016
-0.017917
0.000487
0.020212
0.065657
0.015918
-0.051376
-0.135666
0.014019
0.027973
-0.067995
-0.088774
0.036113
0.048758
-0.019368
-0.032062
-0.009245
-0.024965
-0.004974
-0.025174
0.041083
-0.038490
-0.114642
0.033199
-0.000421
0.024496
0.031892
-0.073876
0.050126
0.088100
-0.004463
0.010810
-0.054645
0.013142
-0.071308
-0.085806
-0.034242
0.057608
-0.019405
0.075359
0.016517
-0.083431
-0.000353
-0.008602
-0.050666
0.022460
0.053896
-0.077066
-0.016912
0.035613
0.015045
0.080418
-0.010889
-0.070684
-0.003696
-0.014039
-0.018887
0.002361
0.076175
0.023534
-0.013788
0.007010
-0.027674
-0.047137
-0.033246
-0.000945
0.064788
0.114271
0.063752
0.117832
0.093813
0.024662
-0.003647
0.009710
-0.037046
-0.066413
0.014718
-0.097016
0.020058
0.049228
-0.011791
0.025619
-0.066526
-0.062374
-0.090584
-0.043594
-0.012816
0.009164
0.020485
0.046041
-0.031823
-0.068414
-0.073593
0.013862
-0.078233
-0.158883
-0.058136
-0.098255
-0.040874
-0.016081
0.014841
0.072200
0.049877
-0.003792
-0.025485
-0.067893
0.061241
-0.005469
0.049908
0.033483
-0.040305
0.118364
0.108727
0.036836
0.078743
0.026440
-0.047255
-0.022382
0.031626
0.027716
0.033221
0.026662
0.033081
0.086407
0.001464
0.018073
0.034448
0.049734
0.084548
0.074951
0.046066
-0.036348
0.020088
0.026215
-0.016002
0.037077
0.039550
0.016811
0.019012
0.009164
-0.006518
0.045391
0.028544
-0.037045
0.066669
0.003842
-0.060984
0.039097
-0.061557
-0.077040
0.022573
0.003372
0.004136
-0.018089
-0.058343
-0.050673
0.007058
-0.039717
0.005624
-0.008416
-0.021113
-0.034613
-0.077625
0.076770
0.011873
0.053977
-0.043468
-0.083122
0.014309
-0.009753
-0.042190
-0.027543
-0.073847
0.027071
0.001199
0.003074
0.020570
-0.000737
-0.074741
-0.032210
0.125862
0.060133
-0.020284
0.076307
-0.004810
0.021580
-0.010839
0.041597
0.015848
-0.081510
-0.065502
0.011490
-0.048620
-0.048018
0.052883
0.107296
0.024514
0.012689
-0.049253
0.004829
-0.094517
-0.045010
0.039473
-0.069958
-0.045388
-0.131894
-0.032592
0.082738
0.000981
0.067411
0.094146
0.038990
-0.008908
0.017327
0.054765
0.018638
0.036873
0.008807
-0.062690
-0.058289
0.078135
-0.040112
-0.021139
0.016626
-0.012604
0.060461
0.060342
0.053508
-0.011269
-0.005369
-0.000672
-0.070892
0.060769
0.016511
0.014710
0.049144
-0.041706
0.025396
0.050478
0.010187
0.077897
0.003773
0.022042
0.026433
-0.017040
-0.013017
0.018794
0.080785
0.077341
-0.016353
0.064521
-0.010714
0.019714
0.058827
-0.049192
-0.030383
-0.067559
0.027531
-0.018687
-0.079905
-0.012387
0.016782
0.045264
-0.029481
-0.003482
0.021853
0.027508
-0.028571
0.008761
0.055472
0.007577
0.056456
-0.044790
0.017220
0.036680
-0.065686
-0.022449
0.017149
0.034611
0.020640
0.091010
0.027601
-0.004115
-0.035914
0.021181
0.002321
-0.000266
0.030049
0.080014
0.025608
-0.019991
-0.047080
0.054522
0.013232
-0.002174
0.029590
0.033082
0.010530
-0.046160
0.023780
0.040255
-0.033253
-0.081644
-0.016795
0.020669
-0.027779
0.040185
-0.026936
-0.034630
-0.050109
0.027306
-0.077348
0.032632
0.068370
-0.001533
-0.050393
-0.065922
-0.047889
-0.037034
-0.095174
-0.018657
-0.010934
0.001755
-0.037784
-0.014843
0.065366
0.086059
0.052453
-0.003349
0.048145
-0.074605
0.028090
-0.029167
-0.000116
0.006211
-0.002807
-0.061162
-0.054276
0.142667
0.005469
0.022035
-0.031535
-0.054805
0.013151
0.046277
0.001813
0.017245
0.073528
0.028911
-0.017279
0.052086
-0.002612
0.045301
-0.085407
0.028913
0.077870
-0.050802
0.074125
0.074630
0.027580
-0.015632
0.126261
0.099305
0.030507
-0.040410
-0.065660
-0.014329
0.012981
-0.006571
0.027634
0.100617
0.010209
-0.103673
-0.036401
0.002686
-0.055031
-0.090870
0.023087
-0.009595
-0.053898
-0.040652
-0.069140
0.004726
0.038154
-0.058196
-0.004634
-0.061662
-0.064011
-0.013846
0.017453
0.054718
-0.037766
-0.012846
-0.040604
-0.035452
0.020555
-0.079489
0.048863
-0.032963
-0.036417
-0.063431
0.040146
0.048723
0.014988
-0.073029
0.015832
0.029655
0.035247
0.004420
0.018210
0.007434
-0.096596
0.036167
0.033426
-0.009171
-0.018627
-0.000280
-0.068704
0.006536
-0.020505
-0.045819
0.019837
-0.059946
0.035593
-0.032122
-0.014547
0.048959
-0.089159
-0.016282
-0.005572
0.035368
0.117918
0.029592
0.015674
0.025858
-0.014887
0.064076
0.045995
0.098650
-0.017685
0.020364
0.026455
-0.006829
0.050668
0.048494
-0.067887
-0.008193
0.012358
-0.033757
0.009515
0.017398
-0.041783
-0.055281
-0.054893
-0.073598
-0.136459
-0.041907
-0.011357
-0.031191
-0.097734
-0.011440
-0.022211
-0.049686
0.075178
-0.008491
0.010708
0.086342
0.090628
0.017557
0.040602
0.027023
-0.083023
-0.029102
0.034458
-0.000377
-0.054161
0.032717
0.073237
-0.003349
-0.023137
0.032465
0.047550
0.012413
0.041842
0.041492
0.054689
0.021025
-0.001199
0.080475
0.084809
-0.029706
0.051884
-0.017072
-0.014142
0.042207
-0.031245
-0.025752
-0.070580
0.015375
-0.002787
-0.090948
0.010465
-0.049801
-0.009395
0.013838
-0.053871
-0.051389
-0.000489
0.010967
-0.095769
-0.024505
-0.009954
0.016186
-0.008946
0.009653
-0.031104
0.040896
0.100547
-0.013785
-0.005382
-0.026955
0.004131
-0.072547
-0.070115
0.010955
-0.020641
0.011795
0.018341
0.019265
-0.033258
-0.036342
0.089611
-0.082486
-0.054785
0.045177
-0.003291
0.019717
-0.009857
-0.005400
0.037838
-0.059362
-0.015116
0.048102
-0.037302
0.078667
-0.026636
0.018304
0.071806
-0.030719
0.004992
0.051087
0.006588
-0.018641
0.044687
-0.005764
-0.043383
0.040457
0.080163
0.061550
0.107204
0.003375
0.000554
-0.005173
-0.119265
0.065389
-0.009873
-0.009519
-0.064454
-0.043045
-0.013067
0.016084
0.047084
0.061973
0.025712
0.025695
0.014850
-0.051201
0.021520
-0.096488
-0.092167
0.053490
0.060174
0.013427
0.057676
-0.037485
-0.049415
0.063480
0.065141
0.079638
0.043719
0.049217
-0.011806
0.078286
0.051656
-0.013768
0.016029
0.013642
0.093596
0.056748
0.051849
-0.021152
0.004958
-0.022737
-0.040821
0.003744
-0.025482
-0.000601
0.021862
-0.020199
0.077875
-0.018613
-0.033187
-0.018679
-0.020801
-0.020906
-0.036644
0.008164
0.041323
0.025048
-0.003281
-0.027246
-0.047548
-0.021321
0.035488
-0.004849
0.096975
0.067952
-0.060349
0.058153
-0.054255
-0.076287
-0.021961
0.047350
0.041244
-0.037963
-0.041440
0.007025
0.041712
0.004151
0.070456
0.085467
0.083601
0.085869
0.003234
0.013612
0.030131
0.046139
-0.016620
-0.088038
-0.011282
-0.025661
-0.033000
-0.021928
-0.051966
-0.023830
0.067602
0.037884
-0.082354
-0.037501
0.037969
0.032466
0.037549
-0.014782
0.011657
-0.001566
0.024734
0.000941
-0.018643
-0.037801
0.047849
0.018728
-0.008556
-0.041073
-0.082007
0.030362
-0.011598
0.017380
0.080746
-0.000909
-0.042111
0.090491
0.112037
0.018602
-0.034903
-0.068844
0.095611
0.042992
0.024549
0.083977
-0.003417
-0.005455
-0.046119
-0.048137
-0.001773
-0.059523
0.020265
0.002130
0.010103
0.026967
-0.029942
0.071115
0.050124
0.022449
0.055643
-0.031805
-0.031543
-0.038436
-0.054138
0.038587
0.011782
-0.097726
0.041584
0.060498
-0.010397
0.050093
0.041773
-0.032103
-0.071409
0.020397
-0.002257
-0.012758
0.038807
0.022992
0.041982
0.023764
-0.027100
0.016086
-0.107717
-0.010927
-0.076650
-0.140308
-0.016975
0.020169
0.017122
-0.038285
-0.004006
0.066238
-0.121760
-0.074357
-0.030552
-0.022303
-0.067506
-0.053338
0.064913
-0.001900
-0.036774
0.052525
0.021634
-0.032422
0.056273
0.062846
0.054336
0.054679
-0.026744
-0.035039
-0.001289
-0.081907
-0.062714
-0.030944
0.010555
0.045954
-0.060092
-0.037770
-0.069005
-0.067930
-0.039959
0.021403
-0.017220
-0.027841
0.099558
0.001752
-0.014099
-0.030357
-0.014699
-0.048141
-0.043238
-0.005154
-0.057139
0.082639
0.057325
0.078801
0.052796
0.037956
-0.063528
0.033437
0.048008
0.011237
0.099272
-0.094963
-0.066056
0.015196
-0.025665
-0.063919
-0.010650
-0.025539
-0.005516
0.032485
-0.027738
0.042022
-0.027699
-0.047710
0.026186
-0.035581
0.031976
0.074026
0.016204
0.099869
0.066796
-0.037882
-0.015120
-0.054001
-0.032312
0.057567
0.037088
-0.083134
-0.026722
-0.081531
-0.026612
0.040229
0.025674
0.045604
0.007643
-0.050872
-0.045761
0.023734
-0.034564
-0.008661
0.032857
-0.036883
-0.026109
0.040472
0.027911
0.019299
0.079185
0.055146
0.032609
0.013936
-0.032545
0.053001
0.038803
0.046555
0.046564
0.093656
-0.009923
-0.020680
0.014750
-0.008085
0.053179
0.015120
-0.053676
0.046182
0.032998
-0.125193
0.064616
0.076091
0.030725
0.089316
-0.000583
0.002331
0.064820
0.075808
0.006127
-0.009270
0.071077
-0.025935
-0.026439
-0.034261
-0.025117
0.001399
-0.010194
0.022143
0.014100
0.056616
0.035356
0.037123
0.052902
0.036250
-0.042727
-0.038031
-0.023965
-0.014836
-0.038808
-0.037458
-0.052553
-0.011458
0.030299
-0.048057
0.015489
0.026578
0.060071
0.049599
0.109223
0.067590
0.056452
0.064610
-0.080819
-0.020257
-0.011328
0.040565
0.021967
-0.103055
0.009693
-0.005542
-0.030785
0.062875
-0.003148
0.112843
0.033840
0.024970
0.063976
-0.006383
-0.026303
0.079307
0.080008
0.009026
0.043720
0.022074
0.097583
0.063237
0.035383
0.079707
0.012830
0.044368
0.008737
-0.026551
0.005220
0.055463
0.142931
0.002761
0.033182
0.002559
0.032851
0.060440
-0.015967
-0.042791
-0.120383
-0.046166
-0.022680
0.001718
0.006734
0.008835
-0.022864
0.005107
0.014401
0.000193
-0.001686
0.034868
0.034741
-0.022794
0.036871
-0.033001
-0.056531
0.032955
-0.070617
-0.011502
0.017701
-0.090002
-0.074731
-0.032811
-0.007181
0.031750
0.045340
0.106967
0.077733
0.063716
0.031109
-0.007520
-0.044283
0.018077
0.028677
-0.027248
0.039532
0.066554
0.012599
-0.005131
-0.073365
-0.040676
-0.049674
-0.008480
0.076614
0.049118
-0.001380
-0.008316
-0.008376
0.055563
-0.022685
0.056994
-0.022251
0.011248
0.065338
0.021013
0.035417
0.008285
-0.001541
-0.049058
0.032308
-0.018181
-0.014646
0.080260
0.021237
0.039943
0.060322
0.085302
-0.049153
-0.015378
0.028445
-0.099394
-0.006565
0.022250
-0.014101
0.033020
-0.028152
-0.096332
-0.038078
-0.032602
-0.039571
-0.051746
-0.057849
0.018052
0.037183
0.007311
0.060743
0.058479
0.109842
0.014156
0.030961
0.100554
-0.022325
0.021934
-0.031001
-0.008037
0.018000
0.016896
-0.050057
-0.017193
0.024850
0.069900
0.016382
0.045208
0.035400
0.055895
0.032923
0.007265
0.004458
-0.054764
0.013651
-0.059074
-0.063196
-0.047391
-0.055832
-0.069336
-0.030106
0.026438
0.042254
-0.006607
0.022983
0.024186
-0.055338
0.100568
0.046276
0.030582
0.030149
-0.070126
0.075436
0.005212
-0.011220
0.067729
-0.024660
-0.023315
0.006590
0.005695
0.024232
-0.032854
-0.048433
-0.042193
0.058192
0.037958
0.035803
0.052172
-0.029749
-0.016765
0.069202
0.057004
0.011756
-0.007203
0.047795
-0.001076
-0.001651
0.051279
0.047082
0.018785
0.043415
0.005836
0.091411
-0.008001
-0.062426
-0.004321
-0.000196
-0.002867
0.004298
0.004042
0.053194
0.043018
-0.029292
0.030929
0.007200
-0.012819
0.006572
0.014741
0.059513
-0.012682
-0.015411
-0.032069
-0.052727
0.025444
-0.070431
-0.021337
0.051918
-0.026383
0.003009
-0.088335
-0.053320
-0.032086
-0.028274
0.011017
-0.056340
-0.016041
0.061689
-0.007818
-0.003999
-0.000279
-0.012961
-0.063041
-0.155528
-0.043709
-0.006720
-0.181810
-0.007257
-0.041824
-0.009793
-0.031226
-0.098725
-0.017531
-0.099625
-0.112299
-0.025366
-0.011792
-0.068655
0.061281
-0.049594
0.007663
0.076077
-0.032682
0.054233
0.024294
0.083999
0.088442
-0.001916
0.077615
-0.036693
-0.006055
0.016341
0.106971
0.012506
-0.072591
0.031245
0.001128
0.059643
0.034889
0.007457
-0.026791
0.032214
0.123476
0.038660
0.009849
0.037133
0.015253
0.048337
-0.076043
-0.022855
-0.022028
-0.044544
0.021186
0.044329
0.007553
-0.060192
-0.009274
0.033395
-0.037848
0.007473
0.055902
0.085045
0.087585
0.094639
0.134573
0.040487
0.006363
-0.000537
-0.107936
-0.085115
0.041405
-0.010543
-0.041466
0.057972
0.042386
0.011150
0.070862
0.016611
0.066062
0.034821
0.072892
0.085242
0.005472
0.044168
0.032492
-0.109589
-0.087773
0.035265
0.029105
0.051448
0.005862
-0.020602
0.072822
0.036788
0.047282
0.030180
-0.030526
-0.037338
-0.075111
-0.084692
-0.045297
0.006080
-0.015466
-0.011186
0.036089
-0.030899
0.018601
0.000169
-0.136179
-0.042220
-0.049137
0.032116
0.031163
0.019959
-0.029809
0.019463
0.080476
-0.000048
0.039880
-0.000272
0.041222
0.032048
0.010366
0.092377
0.029532
-0.074326
0.023549
0.068860
-0.039856
0.012315
0.019766
-0.019062
0.031137
0.005506
-0.030970
0.023881
0.050121
-0.005345
-0.073546
0.040052
0.034489
-0.026659
-0.048640
-0.021425
0.052999
0.074007
0.033110
-0.010079
0.043139
0.040573
0.012363
0.042676
-0.061417
0.016961
0.032720
0.015142
0.131448
0.115233
0.056681
0.088059
0.041063
0.045602
0.011767
0.020835
0.045043
-0.025801
-0.004766
-0.059237
-0.007957
-0.026782
0.017458
0.100222
-0.046885
0.046300
0.011295
0.005487
-0.057365
-0.010366
0.013368
0.057683
0.017313
0.110475
-0.018324
-0.042484
0.039169
0.058139
-0.016489
-0.026378
0.035390
-0.082626
-0.095921
0.056108
0.019642
0.025886
0.037611
0.007903
0.036066
0.056866
0.064835
-0.000855
-0.090290
-0.093001
-0.058087
-0.017262
-0.013507
-0.006978
0.008496
0.033493
-0.028308
-0.002905
0.051575
0.009967
0.077475
-0.012091
-0.062571
0.016428
0.006240
0.012018
0.102527
0.029309
-0.014454
-0.059037
-0.025805
0.105103
0.004887
-0.039367
-0.012163
-0.092572
0.003605
-0.015613
0.078167
-0.012962
0.002981
-0.045536
-0.024711
-0.000509
-0.065053
-0.010029
0.004833
0.022824
0.133081
0.075598
0.064723
-0.010296
-0.046944
0.001260
0.073008
-0.010655
0.015649
0.109968
-0.026566
-0.100337
-0.038891
-0.018125
0.000959
-0.077633
-0.062182
0.020108
0.008986
0.010513
-0.007520
-0.057806
-0.048152
-0.023116
0.008996
-0.075447
-0.008984
-0.069454
0.008820
0.022707
-0.021028
0.039489
-0.018525
-0.100857
-0.024985
0.075371
0.037573
-0.020936
0.014280
-0.033335
-0.002580
0.057563
-0.043161
-0.083639
0.013452
0.076715
0.028671
-0.078455
-0.000191
0.037394
-0.034140
-0.094171
-0.038014
-0.019860
-0.009425
0.031337
0.116847
0.034215
0.066767
0.055230
0.013189
0.082551
0.033542
0.013641
0.039166
0.019455
0.013111
0.076809
0.013121
-0.021313
-0.057478
0.048256
0.089879
-0.074296
-0.013921
-0.026602
-0.089670
-0.031517
-0.048054
0.094243
0.117371
-0.036432
0.063211
0.013559
0.052997
0.039449
-0.001360
-0.046059
-0.107517
-0.045019
0.023064
0.069270
0.026193
-0.015206
0.033517
-0.005902
-0.054955
-0.060831
-0.040126
0.011371
-0.056681
-0.004291
0.021898
-0.056938
-0.063360
-0.052572
-0.008769
0.000774
0.108971
-0.036009
-0.023659
-0.019529
0.019489
-0.065539
-0.033853
0.045580
-0.116080
-0.038683
-0.044087
0.046197
0.021875
0.015768
-0.013946
-0.040512
-0.063612
0.004371
-0.009064
0.001638
0.024797
0.028348
-0.003094
-0.057957
-0.013440
-0.020120
0.017863
0.073572
-0.018822
0.085639
0.003845
-0.002621
0.001975
-0.020444
0.023416
0.020489
-0.053049
-0.038243
0.027750
0.029456
0.024633
-0.017572
0.010498
0.037576
0.091182
0.001856
0.057363
0.036365
0.155974
0.023774
-0.048340
0.055796
0.009185
-0.020262
-0.012742
-0.024828
0.023229
-0.034698
-0.072702
-0.027424
0.018207
-0.081324
-0.076322
0.015269
0.002816
-0.001046
-0.015882
-0.020554
-0.063179
-0.023194
-0.058374
0.027699
0.022751
-0.061463
0.027700
0.004630
0.020601
0.025961
-0.051905
-0.008735
0.090790
-0.015315
0.119406
0.046744
-0.034323
0.065963
0.050141
-0.016413
0.009916
0.062191
0.028998
0.026750
0.042974
0.015283
-0.010295
0.002231
0.029376
0.075629
0.072318
0.096381
-0.000964
-0.011188
0.080161
0.100588
0.006450
0.041450
-0.030836
-0.018205
0.125257
0.001168
-0.007687
0.070217
0.078601
-0.123477
-0.039769
-0.005354
-0.190329
0.022306
0.045487
-0.048130
0.035659
-0.034461
-0.031301
-0.046181
-0.030721
-0.101164
-0.074348
-0.032728
-0.075171
0.003143
-0.017399
0.003811
-0.012137
-0.047337
0.037974
-0.036069
-0.020646
-0.008201
0.050681
-0.043044
-0.044571
0.013976
-0.049514
0.030177
-0.003766
-0.049139
-0.040634
-0.060234
-0.040104
0.049240
0.049355
0.029878
-0.007543
-0.032463
0.016288
0.067337
0.069478
0.145577
-0.046526
-0.054457
-0.020501
0.020055
0.036212
0.042762
0.096035
0.065509
0.030738
0.046853
0.027910
0.098901
0.083876
0.042511
0.077264
0.110405
0.097250
0.053973
0.089632
-0.051940
0.094363
0.033061
-0.042470
-0.035244
-0.095582
-0.025318
0.020843
-0.002348
0.055044
0.006067
-0.053716
-0.003509
-0.021691
-0.044664
-0.022446
0.001705
-0.003936
0.036280
-0.009056
-0.020355
-0.017865
-0.004814
-0.053245
-0.062079
0.012187
-0.007998
0.013646
0.032623
0.026757
0.026055
0.036248
0.024126
0.053653
-0.085225
-0.039532
0.011568
-0.101886
-0.019830
0.005943
0.026446
0.049863
-0.040697
-0.004354
0.062284
0.012397
0.109237
0.005097
-0.002960
-0.075363
-0.095096
0.049333
-0.042439
-0.039151
0.018633
-0.028337
0.025501
-0.001096
-0.001521
0.026783
-0.004066
0.018690
0.003770
-0.083273
0.003997
0.017402
-0.049726
0.078825
0.135774
0.003844
-0.002231
-0.001235
-0.005687
-0.012761
0.039630
0.044605
-0.009040
0.047811
-0.033321
-0.120869
-0.022169
-0.005279
0.025490
-0.021160
0.023382
0.053947
0.013235
0.054794
0.020891
0.013277
-0.003991
0.000098
0.152714
-0.028876
-0.044839
0.041540
0.021314
0.092263
0.002974
0.011472
0.017798
-0.077692
0.001114
-0.025845
0.079776
-0.009328
0.051085
0.089647
0.021808
0.085024
0.021455
0.041429
0.051599
-0.025531
0.103747
0.054531
0.012963
0.025739
-0.027036
0.006359
0.002388
0.106063
0.111492
0.088234
-0.013155
0.034656
0.019747
-0.024420
0.101406
0.046726
-0.076250
0.106523
0.076442
-0.032255
-0.004574
-0.107712
-0.096570
-0.038787
0.013122
-0.081561
-0.004129
-0.078278
0.034831
0.012002
-0.076826
0.002508
-0.095121
0.001743
0.061653
-0.027496
-0.053642
-0.012456
0.008767
-0.020306
0.055973
0.038035
0.013140
-0.009481
0.026400
0.075606
-0.057875
-0.038367
-0.016336
0.004553
0.026770
0.060698
0.056114
0.054612
0.042343
-0.041395
-0.016332
0.022404
0.122004
0.067573
0.036837
0.107183
0.043688
-0.010141
0.073226
0.036082
-0.032600
0.023076
0.021945
-0.032146
0.050447
0.035892
0.022672
-0.022691
0.001255
0.035957
0.034255
0.077702
0.035539
-0.012849
-0.017779
-0.013300
0.002426
0.067069
0.041291
0.013427
0.051991
0.189125
0.058026
0.090075
0.106562
0.019156
0.071609
0.019526
-0.038075
0.013585
-0.046321
0.060402
0.095425
-0.020606
0.014906
-0.003655
-0.010919
0.066840
0.018592
-0.029176
0.052323
-0.030200
-0.046821
0.019442
0.010345
-0.009767
-0.014942
0.044733
-0.061542
0.056740
0.026440
0.025330
0.086471
0.029273
0.139767
0.046421
-0.045955
0.038789
0.020167
-0.017699
0.015512
0.008171
0.019214
0.010518
0.078515
0.104083
0.057654
-0.015585
-0.016746
-0.013301
-0.033280
-0.056131
-0.087621
-0.131423
0.020498
0.035583
0.053031
0.032426
0.008959
0.024516
0.115862
0.062694
0.006571
0.029493
0.003540
0.111676
-0.009254
-0.034059
-0.022955
-0.004513
0.000775
-0.016422
0.047218
0.014282
-0.023863
-0.006056
0.064573
0.009759
0.023355
-0.011110
-0.059745
-0.001127
-0.038095
-0.013091
0.035130
0.017223
-0.046723
-0.050065
-0.056168
-0.063104
-0.068796
-0.083102
-0.058213
-0.001632
-0.044841
-0.072596
-0.034407
0.042713
0.025266
-0.052049
-0.074822
0.039920
-0.021062
-0.043234
0.018545
-0.010669
0.089915
0.026467
0.018583
0.021840
-0.022836
0.044540
-0.013946
0.060858
0.063946
-0.038541
-0.050994
-0.030926
-0.018185
0.015764
0.043429
-0.070718
-0.099726
0.000443
0.023070
-0.127452
0.001939
0.000055
0.002597
-0.037960
-0.099480
0.013245
0.031637
-0.027330
-0.007169
-0.009222
-0.005915
-0.033541
-0.064723
-0.047424
0.021736
0.019764
0.002499
0.031371
-0.008660
-0.041084
-0.010001
0.009854
0.000784
0.021754
0.020952
0.016383
0.024104
0.033979
0.004801
-0.057637
0.041504
-0.031689
0.008748
0.053624
-0.041675
0.029527
0.031127
0.068845
0.049870
-0.048776
-0.035023
-0.036741
0.009219
-0.003838
-0.045281
-0.031931
-0.021531
-0.033696
-0.068472
0.052325
0.012790
-0.014710
-0.064646
-0.090858
-0.027836
-0.088959
-0.049843
-0.052136
-0.047827
-0.025832
-0.036305
-0.010363
-0.039158
-0.010779
-0.038624
-0.033398
-0.068235
-0.058351
0.040413
-0.010341
0.007434
-0.031687
-0.007969
-0.078485
0.063697
0.047662
-0.024050
0.062677
-0.014245
-0.019068
0.036778
0.034864
-0.016036
0.061955
-0.056214
-0.052430
0.010528
0.027064
0.043962
0.074495
0.027809
-0.012704
0.067119
-0.029280
-0.009887
0.010957
-0.065467
-0.143284
-0.082835
-0.081160
-0.059340
0.049789
0.000867
0.009406
0.013016
0.015198
0.090927
0.047048
0.027932
-0.014537
-0.011889
0.009163
-0.026513
-0.022233
-0.032877
0.003299
-0.034156
-0.068017
-0.011820
-0.006310
-0.103876
0.096358
0.186599
-0.012222
0.115917
0.041124
-0.028600
0.046116
0.048745
-0.068402
0.010907
0.018479
-0.027392
0.036458
0.071807
-0.034561
0.025858
0.059409
-0.022871
0.026215
0.008794
-0.049977
0.017141
-0.041206
-0.024342
-0.044610
-0.021981
-0.057843
-0.037912
-0.043143
-0.034080
0.010123
-0.021235
0.026530
-0.024763
0.025184
-0.077738
-0.048225
-0.000171
-0.081972
-0.040007
-0.054523
-0.004937
-0.024887
0.006362
0.015820
-0.036354
0.077450
0.071200
0.003010
-0.059618
0.059027
0.056287
0.001581
0.009133
-0.029795
-0.009257
0.020339
0.018191
0.046346
0.054573
0.029351
0.152946
-0.002244
-0.035924
0.005578
-0.078389
-0.028106
0.010025
0.017135
0.065807
0.017128
-0.002596
0.047319
0.080409
0.019644
0.022925
0.068417
-0.010193
0.054302
0.052360
0.045567
-0.020082
-0.079224
-0.004673
0.093611
0.039593
-0.001826
0.051030
0.032992
-0.043229
0.029456
0.049356
0.046762
0.030328
0.070201
0.006966
0.008055
0.068676
0.068850
0.049400
-0.056261
-0.054101
0.034882
0.066419
0.029599
0.091370
0.064343
0.010129
0.019398
0.035922
-0.002897
0.016223
-0.072117
-0.026385
-0.001726
-0.060782
0.038374
0.015548
-0.033615
0.049063
-0.006380
-0.115554
-0.087977
0.002337
-0.034434
0.035623
0.007736
0.007532
-0.058764
-0.039827
0.057421
0.036333
0.013590
0.008058
0.059836
-0.043654
0.024758
-0.047994
0.061726
-0.003583
-0.087745
0.048293
0.050775
0.024456
0.071131
-0.001496
0.000161
0.067217
0.018026
-0.008140
0.062673
-0.015289
-0.032673
0.033680
0.052308
0.000880
-0.031372
-0.006435
0.013930
-0.000530
-0.006088
0.024692
-0.030154
0.004162
-0.080973
0.003083
0.124252
-0.023309
0.030083
-0.022760
-0.010673
0.031793
0.001602
-0.082410
-0.018199
-0.044052
-0.056891
-0.010282
-0.045350
-0.016798
0.048911
0.042006
-0.054597
-0.099511
-0.031511
-0.062048
0.024699
-0.017423
-0.008129
0.011556
-0.086701
-0.011127
0.029737
0.044831
0.052699
0.026842
-0.040186
-0.055196
-0.000577
0.022001
-0.064348
0.048883
0.090329
-0.001872
-0.039489
0.032867
0.027052
-0.066362
-0.015305
-0.041327
-0.026910
0.031157
-0.124561
-0.054510
0.065853
-0.056602
0.043848
-0.012778
0.017420
0.013042
-0.036521
-0.044562
-0.068899
-0.032794
0.045222
0.033871
0.035490
0.013080
-0.043500
-0.022913
-0.021436
-0.071818
-0.006876
0.046473
0.012467
0.019089
0.073449
0.036082
0.053628
0.024453
-0.097933
-0.032113
0.004092
-0.027860
-0.076893
-0.104142
-0.057829
-0.071231
-0.079023
-0.013793
0.089654
0.035289
0.053667
0.053268
0.023339
0.040997
-0.015929
-0.041319
-0.025011
0.023245
0.017397
0.011106
0.090530
-0.034879
0.044439
0.114031
0.038664
0.015295
0.048648
0.097917
0.015306
-0.022172
0.030111
0.028398
0.061180
0.033342
-0.020263
0.028599
0.066494
0.047597
-0.100079
0.025640
-0.016487
-0.030720
0.069383
0.023332
0.070908
-0.041048
-0.019490
-0.015860
-0.051406
-0.022361
0.037017
0.023699
0.053401
0.052411
0.078852
0.014990
-0.036518
-0.023509
0.049277
0.077714
0.007794
0.004614
0.011975
0.056712
-0.025389
0.010079
0.049753
0.078948
0.063005
0.026598
0.023455
-0.066320
0.056728
0.099395
-0.123321
0.021141
0.102874
-0.026970
-0.055056
-0.003563
0.018347
0.044972
0.070549
-0.004250
-0.060410
0.009946
0.021919
-0.034206
-0.055058
-0.023974
0.021899
-0.075369
-0.031748
-0.053255
-0.018591
0.008766
-0.078616
-0.121542
-0.028137
-0.008177
-0.039702
0.053745
0.036617
-0.114207
-0.001031
0.014417
-0.044377
0.002016
-0.004347
-0.024752
-0.053956
-0.027002
-0.004150
-0.061862
-0.060572
0.004073
-0.000658
-0.043612
0.093923
0.023869
0.061577
0.019653
-0.090556
0.122987
0.095841
0.054026
0.042663
-0.002873
0.063003
0.024282
-0.021438
-0.000163
0.069767
-0.015391
-0.038697
0.058799
0.064100
0.058067
0.013255
-0.004294
0.097959
-0.026867
-0.015551
0.036746
0.058697
0.037300
-0.029757
-0.008100
0.019098
-0.054943
-0.084296
0.046860
0.066419
-0.050661
-0.049316
-0.001667
0.069668
-0.015173
-0.072659
0.027195
-0.078610
-0.034390
-0.013839
-0.044091
0.096362
0.058597
0.020930
0.063022
0.009358
-0.037173
-0.009831
-0.010956
0.027690
0.006665
-0.054420
-0.037614
-0.001348
0.016446
0.041397
-0.027480
0.035730
0.020392
0.028791
0.022882
0.090859
0.048045
0.081754
0.050805
0.083943
0.081380
0.048459
0.031421
-0.054459
-0.060689
-0.002413
0.030107
0.010704
0.001851
0.018761
-0.039285
-0.011093
0.051068
-0.031463
0.011194
0.008745
-0.099386
-0.078437
0.013997
-0.047893
0.003132
0.080392
-0.036308
-0.031281
0.088127
-0.015439
-0.026156
-0.047866
-0.051289
0.029231
0.010733
0.002840
0.023278
0.123975
0.107936
-0.015934
0.034554
0.150935
0.060120
-0.005678
0.017516
-0.029454
-0.020555
-0.046088
-0.041292
0.070459
0.016720
-0.033584
0.031714
-0.063708
0.011067
-0.012652
0.027952
0.104647
0.010446
0.022297
-0.048667
-0.021219
-0.004574
0.047446
0.045578
-0.031980
0.029469
0.022684
-0.009620
-0.047049
-0.068236
-0.029391
0.017846
0.020859
-0.015862
-0.083256
-0.015796
0.006361
0.044739
0.066793
0.019973
0.046614
0.022792
0.097590
0.031862
-0.043662
0.026089
0.020538
0.019144
0.076595
0.048315
0.052915
0.049356
0.024874
-0.005014
0.023509
-0.072124
-0.033947
-0.058732
0.038635
-0.041881
0.078430
0.169020
0.044180
-0.043282
-0.007249
0.048199
0.057186
0.016707
-0.052271
-0.108775
-0.022363
-0.006811
-0.037418
-0.036949
-0.052652
-0.024564
0.020757
-0.040356
0.027145
0.001688
-0.008817
0.081845
0.024356
0.020524
-0.047913
-0.029403
-0.014531
-0.009483
-0.016737
0.050179
0.087636
-0.012363
-0.021512
-0.017196
0.014270
0.012136
0.011426
0.076642
0.048819
0.037252
-0.023626
-0.035216
-0.059641
0.011485
0.044143
0.061651
0.093376
0.060182
0.040616
0.000847
0.001189
-0.004005
0.053855
0.046374
-0.057008
0.047522
0.019612
0.121475
0.106271
-0.061863
0.055686
0.024799
-0.023466
-0.027751
0.017360
-0.062717
0.059972
0.092150
-0.006306
0.089288
0.084635
-0.033849
-0.023192
0.030208
0.087161
0.058736
0.052408
0.055447
0.049209
0.006443
-0.066955
0.026600
0.014451
0.022299
-0.021253
0.049930
-0.017097
-0.085250
-0.034832
0.014340
0.051593
-0.089384
-0.085360
0.010869
-0.083096
0.047685
-0.017017
-0.093196
0.038104
0.014253
0.004950
-0.046425
0.001889
0.019827
-0.077365
-0.062630
-0.002003
-0.061930
0.023219
-0.016722
0.007173
-0.091423
0.008175
0.177890
0.030145
0.042675
0.056810
-0.069168
0.036922
-0.004516
-0.041898
-0.051024
-0.013547
0.036083
0.035915
-0.005600
0.038103
0.054826
0.054574
0.024680
-0.114235
0.006573
0.058886
-0.017385
-0.023589
0.059312
0.013383
-0.008444
0.009367
0.055234
0.038835
0.010135
-0.026678
-0.011031
-0.004147
-0.005395
0.020499
-0.031744
0.036218
-0.028943
-0.026111
0.063069
0.035774
0.089396
0.072086
0.036021
-0.017285
-0.086283
-0.081310
-0.040586
0.011524
-0.081206
-0.046564
0.073518
0.033593
0.018794
-0.003227
0.013240
-0.017180
-0.036682
0.049795
-0.011977
-0.094171
-0.066375
-0.000016
0.077937
0.067271
-0.014503
-0.007791
-0.031175
-0.067666
0.028824
0.097613
-0.017058
0.041087
0.137561
-0.000992
0.009106
0.050600
0.066045
0.018559
-0.006116
-0.009265
-0.016382
0.076931
0.099538
0.079771
0.032310
-0.033429
-0.015319
-0.006798
-0.053206
0.008228
-0.024785
0.069631
0.020532
-0.083236
-0.013295
-0.049076
-0.012096
0.032033
-0.055540
-0.057741
0.017427
-0.110557
-0.009897
0.080486
0.062518
0.029921
-0.043206
0.008371
-0.002205
-0.044483
-0.071718
-0.065793
0.041580
0.043043
-0.032986
-0.055057
0.024207
-0.000562
-0.008664
0.054615
0.009914
-0.023194
-0.053876
-0.039030
0.001750
-0.008722
-0.025533
0.008536
0.023747
-0.029378
-0.038942
-0.062372
-0.056141
-0.002877
-0.053386
0.028856
0.025757
-0.060715
0.047494
0.093878
-0.041915
-0.041472
0.044043
0.092926
0.030813
-0.002913
0.030093
0.019713
-0.032101
0.001889
0.089560
0.008692
0.065008
0.072136
-0.110282
0.030465
-0.074711
-0.070055
-0.054838
0.003150
0.109072
0.106966
-0.013806
0.065663
0.031143
-0.025587
0.014604
-0.046595
0.032750
-0.060201
0.046211
0.015650
0.022470
-0.107558
-0.018857
0.012148
-0.110820
-0.033147
-0.016655
-0.059204
-0.022323
0.029471
0.099743
0.026032
-0.005224
-0.010965
0.011527
-0.005012
-0.040051
-0.022880
-0.017230
0.024559
-0.040568
-0.033709
0.049248
0.002514
0.061246
0.089534
-0.013465
0.009085
-0.020957
-0.045152
0.027002
-0.082879
-0.010067
0.065121
0.021625
-0.022356
0.001826
0.038698
0.021302
0.090721
0.093389
0.008696
0.077505
0.136443
0.012321
0.035818
0.055898
-0.077620
-0.100211
0.001140
-0.008767
-0.040964
0.025936
0.018974
0.018676
0.021642
0.000345
0.024541
-0.047050
0.009925
-0.026303
-0.028513
0.033992
0.013853
0.034243
0.032146
-0.016821
0.012948
-0.072232
0.001841
0.026545
-0.049028
-0.005226
-0.032352
-0.045614
0.002700
0.108381
0.066311
0.055477
-0.068626
-0.032628
-0.016514
-0.132016
0.023082
0.012948
-0.009452
-0.038205
-0.100376
-0.026710
-0.007453
-0.038860
0.012391
0.037012
0.053094
-0.016243
-0.025529
0.028258
0.048270
0.003733
-0.031366
-0.042957
-0.072850
0.040838
0.006569
-0.043161
0.070008
-0.012564
0.048018
0.063578
-0.056627
0.001612
0.040678
-0.010406
-0.060670
0.009665
0.047798
0.019872
0.070225
0.102422
0.003259
-0.009895
0.090534
0.063260
0.037185
0.001183
-0.040338
-0.013732
-0.058406
0.054799
0.086568
-0.057471
0.045090
0.129409
-0.007419
-0.035163
0.018934
-0.029239
0.033233
0.000241
-0.040318
0.033687
-0.048681
-0.048436
-0.092784
-0.069029
-0.001141
0.059975
-0.000792
0.032174
0.072306
-0.043444
-0.004749
0.029039
0.069137
-0.009484
0.056090
-0.015728
0.011373
0.061742
-0.024918
0.031687
0.027743
0.001558
-0.025852
0.077518
-0.047022
-0.022210
0.075041
-0.082673
0.047986
0.077322
-0.017887
0.027335
0.003982
0.058618
-0.035010
-0.031303
0.085288
-0.017859
0.037998
0.050033
0.002939
0.050176
0.083185
0.045173
0.022910
0.016089
-0.075457
0.002017
0.003484
-0.068838
-0.011756
-0.047595
-0.054536
-0.037600
-0.015305
-0.004109
0.000496
0.011352
0.010079
0.033983
-0.069238
-0.096501
0.050743
0.019099
-0.031784
0.001164
-0.014595
0.006656
0.006473
0.030767
0.133577
-0.034393
0.036308
-0.037442
0.042073
-0.073609
-0.130699
-0.082081
-0.018617
-0.020921
-0.038142
0.031689
-0.004539
0.041724
-0.031945
-0.027027
0.021682
-0.014174
-0.033775
-0.001811
-0.047447
0.052383
0.105179
-0.010503
0.037036
0.046294
-0.033437
-0.037661
0.004939
0.071001
0.124419
0.090319
0.124488
0.095073
0.023064
0.044904
0.071399
0.001415
0.024944
0.042970
0.009175
-0.000732
0.027140
0.024256
-0.114746
0.025889
0.009190
0.044454
0.100578
0.066778
0.066984
-0.038148
0.041568
0.000125
0.003101
0.065453
-0.068104
-0.022916
-0.005034
0.014754
0.099012
-0.027774
-0.041824
-0.027072
0.053469
0.001209
-0.009091
-0.003830
-0.063105
-0.028741
-0.003773
-0.014457
0.042888
-0.007380
0.011907
0.074708
-0.009068
-0.043296
0.002713
0.026154
0.011831
0.026648
-0.068182
-0.063210
0.006416
0.064644
-0.033812
0.004043
0.011882
0.020520
-0.009719
-0.005100
-0.005622
0.032225
0.006389
-0.006946
0.105094
-0.004808
-0.032077
-0.018878
-0.035948
-0.131707
0.003467
0.094100
-0.022365
-0.017426
0.025192
0.033983
0.015046
0.046249
0.026433
-0.022300
-0.061562
0.041568
-0.042077
-0.033411
0.001838
0.027939
0.053743
0.039597
0.013912
-0.005656
0.011768
0.013667
-0.039787
0.081206
-0.031247
-0.021179
0.044108
-0.025579
0.071266
0.023576
-0.025117
0.069518
0.006328
0.014908
0.081992
-0.004284
0.040018
0.014120
0.074560
0.024347
-0.013694
0.026122
-0.016338
0.068575
0.008408
0.023556
0.004844
-0.051560
-0.010917
-0.004469
0.043368
0.034206
-0.002552
-0.018366
0.031276
0.000763
0.043031
0.030554
-0.091627
-0.062012
-0.027883
-0.061915
0.008538
-0.022908
-0.064887
0.027637
0.022754
0.013731
0.032516
0.070260
0.002379
0.032321
0.005335
0.041917
0.040241
0.021600
0.017609
-0.078398
-0.021531
0.026950
-0.044486
-0.010696
0.018561
0.003140
-0.044736
-0.031749
0.044891
0.004490
-0.034828
-0.051042
0.057377
0.065547
0.057755
0.069880
0.086928
-0.033236
-0.029292
0.029057
-0.030269
0.007602
-0.031380
0.039756
0.064748
-0.026614
0.020665
0.083685
0.078536
0.045262
-0.104189
0.095704
0.051715
0.038179
0.027655
0.074870
0.035408
-0.026149
0.042831
-0.014571
-0.021794
0.046032
-0.097775
-0.007493
0.051536
0.056675
0.019005
-0.011396
0.004730
0.045903
-0.033431
-0.016972
0.025734
-0.006105
0.029593
0.052197
0.036437
0.038477
0.015603
0.054836
0.020932
0.002851
0.036764
0.046199
-0.006434
-0.032623
0.003889
0.008166
-0.132049
0.029077
0.020356
-0.076244
0.089964
0.101609
0.081963
-0.006181
-0.062560
-0.014311
-0.039923
0.015512
0.056623
0.114695
0.079462
0.109862
-0.008923
-0.098355
-0.002336
0.028474
-0.011745
-0.061698
-0.081802
-0.021714
0.080381
-0.011292
-0.004763
-0.010485
0.022617
0.020379
-0.028309
0.073631
0.037912
-0.004289
-0.045748
-0.062971
-0.000612
-0.074598
0.014084
0.004063
-0.009907
-0.008032
0.011374
-0.046346
-0.016358
0.013451
0.070150
-0.004454
0.014075
0.039933
0.052395
0.003673
0.026765
0.021103
0.043075
0.065003
0.076820
0.029427
-0.041078
0.020191
-0.071406
0.001054
0.046344
0.043936
0.038342
-0.019848
0.025866
-0.034403
-0.017226
0.020231
0.054127
0.100595
0.070132
0.013128
-0.021459
0.019209
-0.030546
0.026294
-0.054462
0.028969
0.029185
-0.047575
-0.012404
-0.040043
-0.011950
0.040230
0.068376
-0.010531
0.011251
-0.002600
-0.034257
-0.005489
-0.013583
-0.050891
0.012753
0.037384
-0.012653
-0.004057
0.028180
0.013589
0.035393
0.060011
0.034404
0.080469
0.034194
0.018928
0.042895
-0.027116
-0.003574
-0.022756
-0.022002
0.063793
-0.045268
0.076754
0.056965
0.027209
0.044864
0.065446
0.055825
0.059501
0.119801
-0.023290
-0.034182
0.006414
0.100592
0.071351
-0.112828
0.004610
-0.066610
-0.083718
-0.003023
0.012366
0.037608
-0.039845
0.018799
0.044559
-0.047653
-0.089761
-0.064328
-0.012754
-0.051601
0.014737
0.068116
-0.053052
0.042783
0.132464
0.066690
-0.011012
0.043391
-0.025589
-0.025430
-0.063180
-0.131229
-0.067706
0.043880
0.048571
0.010759
-0.022042
-0.039918
-0.058862
0.012138
-0.041681
-0.055420
0.048294
0.003394
0.018283
0.089759
0.009243
0.020682
0.013977
0.007284
-0.028097
-0.042459
0.018452
0.053241
0.026192
0.035682
0.036545
0.011169
0.078995
0.016231
0.063494
0.115896
-0.003787
0.026479
0.030366
0.005525
0.047954
-0.118004
-0.094007
-0.066371
-0.070137
0.058765
-0.036575
-0.001836
0.036449
0.006434
-0.109427
-0.087437
-0.008662
-0.076017
-0.042440
-0.080685
-0.035184
0.036638
0.004274
-0.024649
0.018507
0.068466
0.084201
0.059359
0.042580
-0.032433
0.047615
0.000727
-0.052116
-0.034928
0.004511
-0.055844
-0.053231
0.007319
0.024821
0.006892
-0.015240
0.058189
0.000062
-0.035681
-0.075394
0.023407
0.033721
0.006918
0.007337
0.064524
0.052833
0.051934
0.017868
-0.001817
-0.052176
-0.047383
-0.010708
0.095381
-0.035912
-0.027692
-0.039055
-0.061664
-0.033741
0.021337
0.064797
-0.042910
0.045296
0.013813
0.044783
0.042503
0.030911
0.063672
0.035795
-0.008333
0.011275
-0.001996
-0.011957
-0.008956
-0.046438
-0.026697
-0.022296
0.031417
0.131736
0.027154
0.010353
0.093927
-0.017901
-0.022699
0.034399
-0.044248
-0.032601
-0.071860
-0.041655
0.039906
0.086331
0.089589
0.036596
0.032583
0.062561
-0.006018
-0.030621
-0.104081
-0.015968
-0.012190
-0.021018
-0.055660
-0.032644
0.025891
-0.015077
-0.077867
0.033361
-0.063454
-0.120053
-0.019580
-0.104082
-0.009266
-0.061419
-0.010605
0.108306
-0.091183
0.018702
-0.089250
-0.060189
-0.032635
-0.020028
0.047590
-0.003696
0.056225
0.049459
-0.013142
0.015180
0.019893
-0.074240
-0.055169
0.017769
-0.018995
0.039228
-0.056941
-0.079401
-0.010869
-0.009512
-0.145141
-0.008459
0.059964
0.028118
-0.014852
-0.031185
-0.040460
-0.079292
-0.089121
-0.038541
0.037103
-0.001205
-0.023309
0.007080
0.060285
0.029567
0.010912
0.027698
-0.006110
-0.057629
-0.221277
-0.079968
-0.024625
-0.108207
0.020090
-0.007643
-0.003801
0.022320
-0.004606
0.001104
0.066989
0.007371
-0.076897
0.025461
-0.011441
0.008864
0.051651
0.066024
0.021466
0.031867
0.005644
-0.005979
-0.003734
0.022825
0.015852
-0.004514
0.064636
-0.023565
-0.094887
0.010987
-0.048043
-0.089281
-0.060780
0.010641
-0.074443
-0.000826
-0.026742
0.036902
0.019232
-0.020611
0.026035
0.003968
-0.025489
-0.031670
-0.040777
0.003743
0.027680
0.098351
0.101871
0.106309
0.046673
-0.021291
-0.082634
-0.053069
-0.035283
0.017498
-0.011600
-0.076019
0.025816
0.030114
-0.104361
-0.092904
0.030868
0.059979
0.003832
-0.048249
0.001838
-0.060942
-0.014967
-0.076563
-0.089673
0.012673
0.007040
0.000031
-0.051684
-0.059019
-0.025836
0.079887
-0.024996
-0.031878
0.038396
-0.000841
-0.060783
0.035266
-0.078126
-0.052944
0.036828
-0.053670
-0.113548
-0.052836
0.008562
-0.038993
0.004662
0.004429
-0.087805
-0.025145
0.004544
-0.031176
0.051903
0.090199
-0.022242
0.015559
0.126926
0.063866
0.053904
-0.002866
-0.013820
-0.039343
-0.021744
-0.019208
0.040734
0.053383
0.003934
0.003027
-0.025326
0.061542
0.060578
0.137465
0.054890
0.055659
0.078403
-0.027278
0.015037
-0.008539
-0.020654
0.008936
-0.044976
-0.040512
-0.047412
-0.053861
0.010560
-0.071556
-0.041562
-0.015413
-0.023534
0.049181
-0.082764
-0.067799
-0.080069
-0.012945
0.000305
-0.013140
-0.054572
-0.031311
0.014914
-0.018636
-0.016176
-0.002730
-0.045267
0.046552
-0.076322
-0.100894
-0.040279
0.060229
0.028602
0.024613
-0.089817
-0.056485
0.058313
-0.041639
0.037734
-0.019872
-0.044638
0.115185
0.028450
0.008101
-0.001656
0.000452
-0.032309
-0.102016
-0.034463
0.013121
0.065164
-0.014081
-0.056129
-0.025263
0.064166
-0.034898
-0.047236
-0.004781
-0.120293
-0.009394
0.031840
0.026790
0.070356
-0.084293
0.019561
-0.043287
-0.015424
0.048631
0.082954
0.024897
0.017400
0.078934
-0.006585
0.040762
-0.069247
-0.009327
-0.045532
0.019737
0.071955
-0.011635
0.021134
0.070797
0.066826
-0.037664
-0.029567
0.003261
-0.007657
-0.016142
0.005463
0.037096
-0.043072
0.032128
0.058538
0.040977
0.002676
0.053995
0.067080
-0.043426
0.042348
0.103480
-0.001362
-0.009591
-0.000926
0.020556
0.053585
-0.036757
0.038258
0.008994
-0.053073
-0.044615
0.010818
0.051488
0.022359
0.088540
-0.062487
0.015813
0.006148
0.060548
0.098707
-0.052429
-0.048732
-0.013894
-0.077719
-0.066020
-0.038488
-0.061744
0.006710
0.035734
-0.028110
0.042765
0.066104
0.052816
0.075633
0.026701
0.085886
-0.023385
-0.025851
-0.024357
-0.085242
0.029803
0.012133
0.021519
-0.066795
-0.037564
0.019798
-0.006278
-0.005644
0.016597
-0.015219
0.033193
0.004421
-0.052665
0.047118
0.067263
-0.010579
0.057794
0.049719
0.028066
0.013023
0.075460
0.042632
-0.018671
0.042715
-0.026075
-0.050557
-0.003261
-0.059775
-0.057010
-0.010637
-0.015917
0.031046
-0.000203
-0.040096
-0.057056
0.043798
-0.040304
-0.098182
-0.014243
-0.007249
-0.015634
-0.014713
0.013685
0.001843
-0.013013
0.064516
0.008942
0.079055
0.030523
0.010175
0.071190
-0.014284
0.005667
-0.009422
-0.100888
0.017489
0.038364
0.011616
0.022372
0.011609
0.123841
-0.008276
-0.083154
-0.059525
0.017042
-0.061680
-0.041300
0.005958
-0.000245
-0.007020
0.047703
0.035544
-0.001874
-0.037040
-0.090773
0.052155
0.009455
-0.003086
0.071185
-0.068291
0.074219
0.126635
-0.009809
0.007305
0.046475
0.004231
0.009419
0.007192
0.000490
-0.012610
-0.006875
-0.016203
0.030755
0.085219
-0.060400
-0.036414
0.012407
-0.075817
-0.005757
0.014538
0.017849
-0.002030
-0.001102
0.036416
-0.047190
-0.023746
-0.054082
-0.076943
0.023152
-0.057041
-0.011573
0.014945
0.032397
0.053700
0.086055
0.042645
0.093671
0.063009
0.030681
0.002168
0.022021
-0.100676
-0.081002
-0.010076
0.001216
0.012254
-0.031837
0.053506
0.003843
-0.044956
-0.023858
-0.002170
-0.077279
0.011064
-0.050880
-0.024480
0.028833
-0.065358
0.070657
-0.011973
-0.008211
0.028767
0.017483
0.003863
0.051738
0.080608
0.088618
0.027359
0.039052
0.094011
0.141791
0.007053
0.002018
0.137962
0.002375
0.061057
0.019043
-0.037276
-0.022527
-0.092604
-0.004394
-0.047083
-0.101732
0.039444
0.001344
-0.029954
0.123244
0.056366
0.008821
0.034023
0.023433
-0.006314
-0.005931
-0.015333
-0.041724
-0.055945
-0.133313
0.000860
0.035467
-0.017964
0.019566
0.054370
0.055191
0.057187
-0.004628
-0.036255
0.050865
0.080367
0.043204
0.023986
0.069337
0.032657
-0.050464
-0.055568
0.017038
-0.064107
0.017807
-0.085432
-0.046289
-0.019098
0.005473
0.011133
-0.005797
0.040505
-0.011239
0.078627
-0.002351
-0.012978
-0.009502
-0.036935
0.060477
0.006311
-0.035613
0.008731
0.030483
-0.022831
-0.031731
-0.038084
0.049378
-0.026133
-0.054735
0.021501
-0.015629
-0.006720
0.076451
0.100467
0.046910
-0.052584
0.108203
0.036186
-0.028633
0.004392
-0.063719
-0.030514
-0.120580
-0.099331
0.086362
0.061056
-0.022625
0.013438
-0.004345
-0.025176
-0.002016
0.034007
0.007387
-0.036162
0.006727
0.006443
-0.059183
-0.081421
0.029913
0.054851
0.020046
-0.013669
0.006099
-0.003806
-0.002825
0.002437
0.014893
0.014790
0.025045
-0.027878
-0.049083
0.034706
0.080305
0.051840
0.032353
0.088654
0.098042
0.041120
-0.007395
-0.070439
-0.054786
-0.050997
-0.064673
-0.058222
0.005298
-0.078330
-0.022992
-0.022867
-0.006908
0.027362
-0.000713
0.029156
-0.000413
0.005538
-0.040711
-0.000881
0.040737
0.001297
0.056720
-0.076530
-0.046982
0.093089
-0.034045
-0.084441
0.072507
0.071298
0.080868
0.066111
-0.046213
-0.063782
0.040299
0.041317
-0.046281
-0.035016
-0.047240
-0.008296
-0.037471
0.018415
-0.066829
-0.020317
0.056929
-0.030681
0.017780
-0.058646
0.040381
0.003110
0.065690
0.055272
-0.033031
0.017042
0.028215
-0.073560
-0.003818
0.009281
0.007896
0.030200
-0.026143
-0.118337
0.028155
0.036561
-0.012177
0.049536
0.003764
-0.122618
0.019522
0.018044
-0.061134
-0.050994
-0.101386
0.014677
-0.000588
-0.008071
0.003520
-0.006996
-0.030033
0.038233
0.035770
0.016094
0.038613
0.025634
-0.039526
-0.050833
0.094783
0.012410
0.015183
0.088040
0.091451
0.070255
0.031228
0.042269
-0.027672
-0.086998
-0.026359
-0.059393
0.010672
0.020817
-0.027857
0.023953
-0.013213
-0.045149
0.038645
-0.001958
0.020665
-0.044575
-0.113436
-0.061158
-0.075081
-0.041185
-0.081275
-0.033274
0.001461
0.029257
0.074636
-0.064562
0.044712
0.029856
-0.037008
0.037904
-0.018851
-0.048803
-0.031304
-0.029389
-0.003427
0.028284
-0.137346
-0.152224
0.034822
0.036577
0.029335
0.109006
0.002244
0.004464
0.032251
-0.002133
0.051739
0.001425
0.034903
0.054277
-0.032913
0.004212
0.021719
0.083144
-0.006356
-0.049435
-0.003603
-0.104489
0.010771
0.032934
-0.049184
0.027381
-0.015947
-0.052294
-0.053554
0.025735
0.012828
-0.022463
0.064301
0.029590
-0.102208
-0.033664
-0.010383
-0.038514
0.021884
-0.053635
0.005777
-0.040679
-0.101370
-0.037516
-0.030256
-0.017094
0.061837
0.042136
-0.013163
-0.016677
-0.007445
0.003554
-0.033073
0.017302
-0.022531
-0.028696
0.015241
0.015094
0.078434
0.070228
-0.064556
-0.011620
0.030280
-0.036352
0.007198
-0.032251
-0.035703
-0.100747
-0.051207
0.017585
-0.008048
0.062391
-0.001589
-0.112199
-0.020791
-0.004527
0.053928
0.012986
-0.011624
0.077255
0.021485
-0.059143
0.067289
0.119069
0.034462
-0.063773
0.005143
0.030860
0.032869
0.053782
0.055335
0.029653
0.089338
-0.006778
-0.049927
0.045787
-0.033831
-0.056673
0.080020
0.002344
0.045566
0.019913
-0.026830
0.028869
0.076082
0.022363
0.096125
0.094258
-0.068979
0.015095
0.036067
0.010856
0.079867
-0.046628
0.038122
-0.079983
-0.098510
0.049764
-0.017179
-0.091713
-0.018526
-0.063864
-0.017524
-0.041523
0.056189
-0.015601
-0.137688
-0.069855
0.046352
-0.116444
0.024014
-0.004426
-0.028117
-0.046688
-0.055521
-0.058809
-0.058156
-0.035501
-0.070106
0.000337
0.014230
0.096198
0.034274
0.030321
0.106543
0.025181
0.018631
0.014604
0.011854
-0.060289
-0.061812
-0.104577
-0.039362
0.009111
0.047766
0.011200
-0.011976
-0.024617
0.020636
0.039038
-0.004696
0.010950
0.043419
0.027625
-0.028875
0.062486
-0.059813
-0.050120
-0.002156
-0.109015
-0.020091
-0.037785
-0.102233
-0.072183
-0.088377
0.011881
0.081285
-0.042254
-0.105927
-0.074932
-0.065605
-0.055887
-0.054131
-0.003278
0.031498
-0.053455
-0.023560
-0.052745
0.050897
0.052532
-0.023034
0.044106
-0.044605
-0.041005
0.028080
0.023473
-0.022756
-0.038865
0.029051
-0.032337
-0.063931
0.003181
0.036764
-0.010560
0.013502
0.030193
-0.062868
-0.030928
-0.008785
-0.042261
-0.021955
0.025922
-0.033563
-0.023884
-0.014567
0.003789
-0.077476
-0.076249
-0.072077
0.034479
-0.001656
0.058056
0.038701
-0.035891
-0.003166
-0.043968
-0.038905
0.029870
0.007478
0.104571
0.080278
-0.024995
0.028936
0.004259
-0.010733
0.030912
0.037232
-0.048553
0.015449
0.032339
0.076125
0.082024
0.028432
0.016810
-0.000203
-0.083244
-0.054514
0.011450
0.003369
0.056881
0.029905
0.003232
0.004127
-0.050691
-0.011023
-0.034836
-0.030226
0.014662
-0.010942
-0.015112
-0.029020
0.018939
-0.021428
-0.005011
0.012989
0.002872
-0.006656
-0.037170
-0.116967
-0.086667
-0.023143
-0.028820
0.021925
-0.013325
0.000297
0.036529
-0.051314
-0.054638
-0.036877
-0.115804
0.008455
-0.021736
-0.011862
0.007049
-0.112114
-0.081267
0.043300
0.014987
0.060756
0.003178
-0.019478
-0.020631
-0.078009
-0.048281
-0.054989
0.091193
0.006694
-0.022938
-0.019706
-0.043542
0.044250
-0.119486
-0.024126
0.000126
-0.078746
-0.044000
-0.004381
0.002299
-0.044302
0.073664
0.020968
-0.001438
-0.058607
-0.004561
-0.049014
0.016661
0.062725
0.011845
-0.008563
-0.026257
0.000700
0.010359
0.043358
0.041836
-0.016557
-0.016754
0.056169
-0.083068
-0.069479
-0.043609
-0.053206
-0.096361
-0.008104
-0.025496
-0.075614
-0.122439
-0.023401
0.029152
0.043716
-0.031320
0.076827
0.063672
-0.033221
0.062586
-0.003772
-0.032070
-0.038601
-0.003624
0.044729
0.055089
0.032582
-0.013219
-0.009452
-0.041300
-0.066675
-0.013881
0.068182
0.006493
0.019143
-0.061991
0.011162
0.014539
-0.091979
-0.012971
0.008602
0.018064
-0.031771
-0.008228
0.066424
0.057216
-0.007901
-0.024643
0.058560
0.061912
-0.028601
-0.069648
-0.073348
-0.035120
-0.007537
0.002648
-0.029572
-0.037841
0.026088
0.061811
0.023868
-0.008129
0.065490
0.036051
0.029972
-0.011973
-0.084960
0.017042
0.040882
0.097536
0.068430
0.058311
0.005008
-0.011362
-0.043003
0.036841
0.091140
-0.009636
-0.039460
0.004900
0.005040
0.030754
0.025594
0.017486
-0.017934
-0.045747
-0.012456
0.002209
-0.028355
-0.000690
-0.071052
0.034363
0.058847
-0.008819
0.081392
0.064551
0.043353
-0.052882
-0.027651
0.077424
0.010133
-0.036130
-0.059070
-0.043652
0.004025
-0.020010
-0.023549
-0.014226
0.076800
-0.009332
0.049718
0.061134
-0.037469
0.039604
-0.033879
-0.054094
-0.002314
-0.016328
0.033198
0.007823
-0.073738
-0.001158
0.042995
0.009289
0.053305
-0.025474
-0.038479
0.045494
-0.009484
0.024969
0.023816
0.011488
0.044394
-0.032023
0.008594
-0.025249
-0.005628
0.132350
-0.004368
-0.008173
-0.069871
0.020817
-0.041717
-0.024821
-0.000108
-0.016241
0.021194
-0.026415
-0.130483
-0.078373
0.013433
-0.010489
-0.004750
-0.017874
0.010538
-0.086168
-0.035362
-0.009287
-0.035809
-0.039539
0.038324
-0.075113
0.043127
-0.048101
-0.020755
0.068866
-0.043663
0.039455
-0.042077
-0.003366
0.037786
-0.022057
-0.041691
-0.000061
-0.002797
0.124643
0.098591
-0.054533
0.019884
0.026844
-0.027158
-0.014988
-0.030398
0.046375
0.025034
-0.009847
0.043036
0.027654
0.063702
0.015080
-0.011390
-0.017754
0.010822
-0.029048
-0.007329
-0.000418
-0.027611
0.098538
0.013038
0.014532
0.110106
0.060017
0.145216
0.011700
-0.027517
0.122398
0.026165
0.016855
0.074557
0.080347
-0.079686
-0.011775
-0.022081
-0.068397
-0.120951
-0.141575
-0.104975
-0.040297
-0.059274
0.090196
0.024484
-0.049782
0.012948
0.046307
-0.017572
0.001826
-0.060628
-0.049236
-0.067485
-0.015472
-0.013119
