0	40.040144
50	2.399534
100	0.846816
150	0.349128
200	0.320817
250	0.182148
300	0.173365
350	0.037614
400	0.130193
450	0.288514
500	0.226087
550	0.087483
600	0.022456
650	0.169289
700	0.175859
750	0.033624
800	0.232708
850	0.239987
900	0.041495
950	0.248919
1000	0.061443
1050	-0.064138
1100	0.129582
1150	0.098698
1200	0.295796
1250	0.091724
1300	0.030578
1350	-0.005014
1400	0.020821
1450	-0.001363
1500	0.054051
1550	0.034938
1600	-0.151292
1650	0.125926
1700	0.246561
1750	0.076159
1800	0.063367
1850	0.150771
1900	0.156817
1950	0.071077
2000	0.096031
2050	0.052060
2100	0.068115
2150	0.149493
2200	0.048002
2250	0.077316
2300	0.002060
2350	0.025438
2400	0.089525
2450	0.074776
2500	-0.014529
2550	0.219500
2600	0.103764
2650	0.150424
2700	-0.043245
2750	0.148487
2800	-0.027281
2850	0.190809
2900	0.037353
2950	-0.005181
3000	0.016455
3050	-0.015795
3100	-0.032735
3150	0.098580
3200	0.007444
3250	0.120806
3300	0.242292
3350	0.276314
3400	0.041429
3450	0.111012
3500	0.167211
3550	0.277185
3600	0.069321
3650	0.182840
3700	0.137133
3750	0.017895
3800	0.013034
3850	0.116185
3900	0.113697
3950	0.014925
4000	-0.107116
4050	-0.073617
4100	0.308250
4150	0.022870
4200	0.147821
4250	-0.104832
4300	0.020117
4350	-0.079983
4400	-0.024944
4450	-0.015164
4500	-0.033687
4550	0.080996
4600	0.025091
4650	0.133578
4700	0.082672
4750	-0.079473
4800	-0.061962
4850	0.141709
4900	0.135212
4950	-0.188731
5000	0.046449
5050	0.075709
5100	0.194826
5150	-0.010018
5200	0.079136
5250	0.060471
5300	0.157637
5350	0.139607
5400	-0.121514
5450	-0.217902
5500	-0.040716
5550	0.025222
5600	0.061360
5650	0.048584
5700	-0.164412
5750	-0.130916
5800	-0.126306
5850	-0.094064
5900	0.010878
5950	-0.060750
6000	-0.051605
6050	0.044526
6100	0.104800
6150	-0.043687
6200	0.116753
6250	0.156997
6300	0.055562
6350	0.190862
6400	0.018306
6450	0.094430
6500	0.208768
6550	-0.022831
6600	0.093950
6650	0.127890
6700	0.153685
6750	0.071276
6800	-0.051188
6850	-0.007483
6900	-0.063126
6950	0.122091
7000	0.117484
7050	0.074714
7100	-0.020173
7150	-0.010447
7200	-0.118308
7250	0.143735
7300	0.258476
7350	0.107146
7400	0.082142
7450	0.035201
7500	0.056524
7550	0.030453
7600	0.064739
7650	-0.037040
7700	-0.066155
7750	0.190641
7800	-0.066239
7850	-0.001435
7900	0.036823
7950	-0.156724
8000	-0.098197
8050	-0.062807
8100	-0.036749
8150	0.083788
8200	0.260672
8250	-0.041732
8300	-0.072497
8350	0.020463
8400	-0.057691
8450	-0.097083
8500	-0.060141
8550	0.168746
8600	0.262447
8650	0.122430
8700	-0.173122
8750	0.048047
8800	-0.128007
8850	0.008906
8900	0.062998
8950	-0.089271
9000	0.055914
9050	-0.154978
9100	0.051470
9150	-0.086023
9200	-0.113735
9250	-0.050419
9300	0.111033
9350	-0.032712
9400	0.038120
9450	-0.033486
9500	-0.082377
9550	0.139861
9600	-0.046969
9650	-0.009955
9700	0.130277
9750	-0.064799
9800	-0.012733
9850	-0.006510
9900	-0.010451
9950	0.097995
10000	-0.006149
10050	0.163699
10100	-0.087242
10150	-0.013846
10200	-0.074871
10250	0.304496
10300	-0.064275
10350	0.044537
10400	-0.010305
10450	0.247940
10500	0.067644
10550	0.029109
10600	0.124011
10650	0.030122
10700	-0.192261
10750	0.041331
10800	0.043778
10850	-0.026007
10900	0.146212
10950	0.255236
11000	-0.049320
11050	-0.100714
11100	0.239557
11150	0.320561
11200	0.198886
11250	0.196265
11300	0.063208
11350	0.003549
11400	0.137174
11450	0.003665
11500	0.153971
11550	-0.026424
11600	0.285628
11650	0.089270
11700	0.098379
11750	0.082331
11800	0.260725
11850	0.005131
11900	0.086190
11950	0.114918
12000	0.013453
12050	-0.002452
12100	-0.044740
12150	0.180742
12200	-0.097950
12250	0.042549
12300	0.106410
12350	0.091751
12400	0.029084
12450	0.015144
12500	-0.041497
12550	0.084856
12600	0.089448
12650	0.034220
12700	0.034238
12750	-0.013879
12800	-0.242651
12850	-0.063950
12900	0.102010
12950	0.013793
13000	0.076656
13050	-0.126463
13100	0.151868
13150	-0.135886
13200	-0.028244
13250	0.096491
13300	-0.022412
13350	0.051006
13400	0.000007
13450	0.244095
13500	0.333129
13550	0.110160
13600	0.132094
13650	0.091860
13700	0.033524
13750	0.039255
13800	0.036225
13850	0.080880
13900	0.030619
13950	-0.099744
14000	0.081526
14050	0.221957
14100	0.131157
14150	0.003911
14200	0.100011
14250	0.063290
14300	0.006489
14350	0.122584
14400	0.107050
14450	0.036754
14500	0.215202
14550	0.197814
14600	0.067965
14650	-0.099070
14700	0.007974
14750	0.059426
14800	-0.022422
14850	0.147449
14900	-0.002925
14950	0.122713
15000	0.149256
15050	0.221582
15100	0.259379
15150	-0.024715
15200	-0.023344
15250	0.095128
15300	-0.231140
15350	-0.052647
15400	0.151290
15450	-0.079305
15500	-0.034411
15550	0.270663
15600	0.196903
15650	-0.024790
15700	0.031233
15750	-0.001158
15800	0.041848
15850	0.106884
15900	0.070884
15950	0.098008
16000	-0.094149
16050	0.162721
16100	0.007134
16150	-0.064027
16200	-0.073292
16250	0.051586
16300	-0.108715
16350	0.150126
16400	0.155950
16450	0.154241
16500	-0.080341
16550	0.163183
16600	0.091709
16650	0.153638
16700	-0.141039
16750	0.033622
16800	0.120357
16850	-0.001638
16900	-0.190204
16950	-0.063889
17000	-0.022279
17050	-0.014952
17100	0.015234
17150	-0.225820
17200	0.131686
17250	-0.109272
17300	0.139298
17350	-0.065847
17400	-0.258026
17450	0.016998
17500	-0.089070
17550	-0.079454
17600	-0.202555
17650	-0.137413
17700	-0.135974
17750	0.087915
17800	-0.360315
17850	-0.047136
17900	-0.098081
17950	-0.009672
18000	-0.041340
18050	-0.055475
18100	0.026354
18150	0.045088
18200	0.065404
18250	0.183938
18300	-0.107801
18350	0.092356
18400	0.125338
18450	-0.131735
18500	0.084035
18550	-0.087881
18600	0.075547
18650	-0.116341
18700	-0.155838
18750	0.030679
18800	0.192372
18850	0.138059
18900	0.094246
18950	0.022860
19000	0.042639
19050	0.004891
19100	0.139724
19150	0.114280
19200	-0.059905
19250	-0.036250
19300	0.038937
19350	0.167563
19400	0.039499
19450	0.066978
19500	-0.086540
19550	0.155220
19600	-0.169047
19650	-0.025513
19700	0.007170
19750	-0.010244
19800	0.000464
19850	0.008953
19900	-0.158283
19950	0.002719
20000	0.051031
20050	-0.089580
20100	0.040369
20150	0.017554
20200	-0.092689
20250	0.201424
20300	-0.047219
20350	-0.034445
20400	0.022351
20450	-0.147915
20500	-0.059900
20550	-0.054114
20600	-0.351735
20650	-0.018276
20700	-0.071296
20750	0.024079
20800	0.083216
20850	-0.031990
20900	-0.044734
20950	-0.125693
21000	0.096808
21050	0.200083
21100	0.127811
21150	-0.034126
21200	-0.182830
21250	-0.083955
21300	-0.114790
21350	-0.393701
21400	0.115216
21450	-0.082654
21500	-0.051900
21550	0.131691
21600	-0.206824
21650	-0.210329
21700	-0.085046
21750	0.139977
21800	-0.019272
21850	-0.089711
21900	0.069301
21950	0.133113
22000	0.140592
22050	0.145942
22100	0.103269
22150	0.221611
22200	-0.072292
22250	0.150787
22300	-0.114860
22350	0.028782
22400	0.030398
22450	0.052869
22500	0.111394
22550	-0.084759
22600	0.030197
22650	0.213540
22700	0.026206
22750	0.199415
22800	0.282889
22850	0.226812
22900	0.084310
22950	0.091066
23000	0.046632
23050	-0.180792
23100	-0.056369
23150	-0.100993
23200	-0.098161
23250	-0.006293
23300	0.092453
23350	0.154283
23400	-0.300507
23450	0.147474
23500	0.143499
23550	0.157753
23600	0.036305
23650	0.077483
23700	-0.096897
23750	-0.093986
23800	-0.047887
23850	0.289590
23900	0.065472
23950	-0.051201
24000	0.107434
24050	-0.004298
24100	0.075399
24150	0.118930
24200	0.034864
24250	0.023442
24300	-0.113772
24350	0.050886
24400	0.092454
24450	0.139596
24500	0.072672
24550	-0.042048
24600	0.085163
24650	0.203447
24700	-0.167302
24750	-0.207897
24800	-0.084833
24850	0.076252
24900	-0.098287
24950	0.105100
25000	-0.059584
25050	-0.182214
25100	-0.194373
25150	0.098618
25200	0.032290
25250	-0.015742
25300	-0.009785
25350	0.103495
25400	0.158431
25450	-0.035943
25500	-0.120328
25550	-0.043035
25600	-0.070932
25650	0.185150
25700	0.309385
25750	0.087912
25800	0.051049
25850	0.003470
25900	-0.126889
25950	-0.062988
26000	0.083725
26050	0.104374
26100	0.136748
26150	0.066108
26200	0.125769
26250	0.089848
26300	0.061241
26350	0.109417
26400	0.086341
26450	-0.002391
26500	-0.048824
26550	-0.066890
26600	-0.038656
26650	-0.161531
26700	-0.068529
26750	0.245136
26800	0.097867
26850	-0.190325
26900	-0.017658
26950	0.074719
27000	0.027416
27050	-0.122772
27100	-0.063563
27150	-0.009103
27200	-0.103456
27250	0.132389
27300	-0.097829
27350	-0.075041
27400	0.057329
27450	-0.003841
27500	0.058411
27550	0.226038
27600	-0.031292
27650	0.097533
27700	-0.036639
27750	-0.108787
27800	-0.023795
27850	-0.102772
27900	0.113397
27950	0.007982
28000	-0.104476
28050	0.171682
28100	0.299734
28150	0.144331
28200	-0.081274
28250	-0.067936
28300	-0.001130
28350	-0.016653
28400	0.055601
28450	0.148312
28500	-0.115788
28550	0.134337
28600	0.072391
28650	0.243685
28700	0.258766
28750	-0.054434
28800	0.073236
28850	0.106507
28900	-0.086488
28950	0.081891
29000	0.229949
29050	-0.117353
29100	0.266783
29150	0.057965
29200	0.232986
29250	-0.103022
29300	-0.035900
29350	0.191983
29400	-0.051383
29450	-0.075591
29500	0.137226
29550	0.037225
29600	0.043984
29650	-0.019567
29700	0.019203
29750	0.037891
29800	-0.001946
29850	-0.180194
29900	-0.014400
29950	0.138104
30000	0.190255
30050	-0.184797
30100	-0.155585
30150	0.082177
30200	0.387097
30250	-0.003363
30300	0.124687
30350	-0.054183
30400	-0.069086
30450	0.250645
30500	-0.035721
30550	0.024226
30600	-0.019593
30650	0.190802
30700	0.200221
30750	0.030830
30800	0.076383
30850	0.147089
30900	0.033520
30950	0.033142
31000	0.031293
31050	-0.176611
31100	-0.017530
31150	-0.026282
31200	-0.009667
31250	-0.106545
31300	0.018369
31350	0.025146
31400	-0.111695
31450	0.207565
31500	0.031249
31550	-0.013766
31600	-0.246221
31650	0.165564
31700	0.076047
31750	0.067056
31800	-0.042901
31850	0.010123
31900	0.109239
31950	0.194331
32000	-0.071146
32050	0.030058
32100	0.127711
32150	0.209122
32200	0.067287
32250	0.135110
32300	0.038612
32350	0.085642
32400	-0.140425
32450	0.020215
32500	-0.015680
32550	-0.216536
32600	0.052478
32650	0.092551
32700	-0.077581
32750	-0.173968
32800	0.050245
32850	-0.087363
32900	-0.037147
32950	-0.184041
33000	0.086189
33050	-0.048747
33100	0.226002
33150	0.006967
33200	-0.032736
33250	-0.099146
33300	0.108570
33350	0.193585
33400	0.121662
33450	0.094339
33500	0.003447
33550	-0.063063
33600	0.073002
33650	-0.094699
33700	0.036218
33750	-0.023531
33800	0.005624
33850	0.125981
33900	0.218063
33950	0.000719
34000	0.022321
34050	-0.030465
34100	0.052963
34150	0.290957
34200	0.059299
34250	0.171585
34300	0.065007
34350	0.081501
34400	0.024633
34450	-0.001857
34500	-0.134356
34550	0.041339
34600	-0.052056
34650	0.129689
34700	-0.114617
34750	-0.101926
34800	-0.051252
34850	0.097819
34900	-0.027169
34950	0.123111
35000	0.024223
35050	-0.000215
35100	0.081307
35150	-0.161399
35200	0.224860
35250	-0.058898
35300	-0.038475
35350	0.008918
35400	0.230773
35450	-0.082646
35500	0.073276
35550	0.021862
35600	-0.201507
35650	0.024226
35700	-0.004427
35750	0.018773
35800	-0.165863
35850	0.138867
35900	-0.077819
35950	0.072639
36000	-0.216387
36050	-0.003000
36100	0.274213
36150	0.142083
36200	-0.114796
36250	-0.095283
36300	0.070826
36350	0.061410
36400	0.135540
36450	0.004334
36500	0.003332
36550	0.003504
36600	-0.109701
36650	-0.077291
36700	-0.024233
36750	0.034612
36800	0.197597
36850	-0.062782
36900	-0.109851
36950	0.110351
37000	0.125679
37050	0.328241
37100	0.109524
37150	-0.094414
37200	0.020197
37250	0.136219
37300	-0.165018
37350	-0.249616
37400	-0.125168
37450	-0.078309
37500	-0.098667
37550	-0.229922
37600	-0.105669
37650	0.058185
37700	0.040940
37750	0.003595
37800	0.012801
37850	0.163637
37900	-0.029697
37950	0.010050
38000	-0.062248
38050	-0.148659
38100	-0.250447
38150	0.159711
38200	0.132343
38250	0.067406
38300	0.074434
38350	0.100267
38400	0.000188
38450	0.138788
38500	-0.023601
38550	0.043931
38600	-0.124615
38650	-0.036314
38700	-0.097208
38750	-0.051782
38800	0.013490
38850	0.044613
38900	0.050398
38950	-0.157807
39000	-0.084729
39050	0.153769
39100	-0.124168
39150	0.095078
39200	0.070278
39250	0.028051
39300	-0.014393
39350	0.179010
39400	0.008663
39450	0.135282
39500	0.141060
39550	-0.148367
39600	-0.011393
39650	0.032948
39700	-0.046151
39750	0.019612
39800	-0.016307
39850	0.055774
39900	0.110493
39950	0.037934
40000	-0.094934
40050	-0.001430
40100	-0.053649
40150	0.009720
40200	-0.015652
40250	-0.051177
40300	0.085983
40350	-0.036030
40400	-0.097942
40450	-0.172346
40500	-0.043755
40550	-0.025225
40600	-0.039365
40650	-0.028897
40700	-0.007568
40750	0.145712
40800	-0.002802
40850	0.217494
40900	-0.133814
40950	0.085124
41000	-0.051195
41050	0.005520
41100	-0.139206
41150	0.131053
41200	0.090017
41250	-0.116275
41300	-0.034748
41350	-0.088158
41400	0.295683
41450	-0.031725
41500	-0.038677
41550	0.083186
41600	0.087958
41650	-0.035830
41700	-0.045999
41750	-0.168484
41800	-0.054620
41850	0.154599
41900	-0.127649
41950	0.053746
42000	0.029320
42050	0.146731
42100	0.311666
42150	0.137390
42200	0.023443
42250	-0.020012
42300	0.076492
42350	0.151653
42400	0.123140
42450	-0.120851
42500	0.003222
42550	0.068680
42600	0.041365
42650	0.095864
42700	0.008782
42750	0.200989
42800	0.138508
42850	0.098998
42900	-0.042426
42950	-0.029233
43000	0.026234
43050	0.052516
43100	0.148310
43150	0.034153
43200	-0.124578
43250	-0.112203
43300	0.065442
43350	0.020074
43400	-0.051269
43450	-0.021758
43500	-0.192185
43550	-0.151034
43600	-0.023361
43650	-0.074690
43700	-0.050511
43750	-0.134941
43800	-0.132217
43850	-0.003676
43900	-0.022123
43950	0.140191
44000	0.026907
44050	0.160782
44100	0.294239
44150	-0.079216
44200	0.018492
44250	0.023063
44300	-0.195437
44350	0.069812
44400	-0.011604
44450	0.091490
44500	-0.092997
44550	0.033835
44600	0.020717
44650	-0.062425
44700	0.059205
44750	0.153341
44800	-0.104506
44850	-0.085658
44900	-0.153158
44950	0.024456
45000	-0.217667
45050	-0.122433
45100	-0.091118
45150	0.012483
45200	-0.115551
45250	0.063316
45300	-0.129130
45350	0.011149
45400	-0.036172
45450	-0.324106
45500	0.111156
45550	-0.168997
45600	-0.003845
45650	-0.107892
45700	-0.207630
45750	-0.160688
45800	-0.051118
45850	-0.108331
45900	-0.133967
45950	-0.087523
46000	-0.093728
46050	-0.040514
46100	-0.013098
46150	-0.191059
46200	0.093276
46250	0.088070
46300	0.032214
46350	0.123256
46400	-0.232619
46450	-0.089720
46500	-0.013120
46550	0.069363
46600	0.087179
46650	-0.005371
46700	0.104437
46750	0.050532
46800	0.057599
46850	-0.209843
46900	-0.034172
46950	0.198570
47000	0.111996
47050	0.094448
47100	0.047417
47150	-0.169902
47200	-0.142281
47250	-0.024626
47300	0.007139
47350	0.101064
47400	0.061581
47450	-0.019181
47500	0.229519
47550	-0.117399
47600	-0.030141
47650	0.052723
47700	0.063045
47750	0.197030
47800	0.253381
47850	0.087335
47900	-0.033001
47950	-0.178460
48000	-0.013121
48050	-0.017020
48100	0.114735
48150	0.255687
48200	0.036803
48250	0.086784
48300	0.043105
48350	0.030370
48400	-0.000498
48450	0.115086
48500	-0.168524
48550	-0.115800
48600	-0.086738
48650	-0.032302
48700	-0.172008
48750	0.120755
48800	0.189204
48850	0.155589
48900	0.023468
48950	0.064117
49000	-0.063294
49050	-0.039927
49100	0.006615
49150	-0.054406
49200	0.057236
49250	-0.154640
49300	0.066830
49350	0.117767
49400	-0.050258
49450	-0.058216
49500	-0.012382
49550	-0.054982
49600	-0.067725
49650	0.219583
49700	0.039156
49750	-0.119255
49800	-0.081463
49850	-0.181307
49900	-0.053366
49950	0.193618
50000	0.166744
50050	0.001852
50100	0.148708
50150	0.066067
50200	0.076072
50250	0.115278
50300	0.319794
50350	-0.042875
50400	0.075776
50450	0.155736
50500	0.138033
50550	0.159808
50600	0.017128
50650	-0.025813
50700	0.065261
50750	-0.143963
50800	-0.038519
50850	0.110971
50900	-0.020038
50950	-0.252241
51000	0.128590
51050	0.092438
51100	0.033791
51150	-0.040564
51200	0.063705
51250	0.034716
51300	0.051745
51350	0.192418
51400	-0.019452
51450	0.093612
51500	-0.183866
51550	-0.186921
51600	0.073772
51650	-0.086679
51700	-0.028456
51750	-0.135001
51800	-0.423295
51850	0.129287
51900	-0.311104
51950	-0.054834
52000	-0.011775
52050	-0.187463
52100	0.018749
52150	0.090794
52200	0.047093
52250	0.037002
52300	0.087253
52350	0.107335
52400	0.059312
52450	0.079984
52500	-0.073592
52550	0.112657
52600	-0.048421
52650	0.108573
52700	-0.111649
52750	-0.043393
52800	0.225752
52850	-0.111794
52900	-0.157391
52950	0.075902
53000	-0.164184
53050	-0.176523
53100	0.018054
53150	0.018675
53200	-0.000262
53250	0.031522
53300	0.267243
53350	0.136610
53400	0.107421
53450	0.049334
53500	0.039736
53550	0.076441
53600	0.189483
53650	0.144370
53700	0.043335
53750	-0.198760
53800	-0.105904
53850	-0.185740
53900	-0.098818
53950	0.041300
54000	-0.202737
54050	0.005043
54100	0.089978
54150	0.249533
54200	0.021927
54250	0.109966
54300	0.111039
54350	-0.041757
54400	0.218115
54450	0.030249
54500	-0.166975
54550	-0.052075
54600	0.213809
54650	0.123984
54700	-0.009854
54750	0.027242
54800	0.044719
54850	-0.013546
54900	0.185836
54950	0.219501
55000	-0.021684
55050	-0.072058
55100	0.133764
55150	-0.098957
55200	-0.039961
55250	0.019498
55300	-0.082127
55350	0.069967
55400	0.032214
55450	-0.114001
55500	-0.049410
55550	0.005573
55600	0.180963
55650	-0.066812
55700	0.005124
55750	0.010122
55800	0.180879
55850	0.031136
55900	-0.086597
55950	0.084191
56000	-0.173288
56050	0.156424
56100	0.040309
56150	0.069116
56200	0.094123
56250	0.108672
56300	0.081750
56350	0.053039
56400	0.109538
56450	-0.011276
56500	0.158142
56550	-0.041033
56600	0.028279
56650	0.103535
56700	0.166754
56750	-0.135623
56800	0.018225
56850	-0.083450
56900	-0.065287
56950	0.062598
57000	0.057228
57050	-0.017474
57100	-0.067678
57150	0.020268
57200	-0.138606
57250	-0.096553
57300	-0.104440
57350	0.015962
57400	0.110061
57450	0.084255
57500	-0.068480
57550	-0.270393
57600	0.024823
57650	-0.018947
57700	0.053506
57750	0.174195
57800	0.081328
57850	0.062037
57900	0.193544
57950	0.074111
58000	-0.063366
58050	-0.001374
58100	0.099673
58150	0.100130
58200	0.199380
58250	0.014887
58300	0.078728
58350	0.124887
58400	-0.039878
58450	-0.096135
58500	0.101814
58550	-0.017608
58600	0.162496
58650	0.038899
58700	-0.062462
58750	0.126864
58800	-0.059923
58850	-0.161309
58900	0.015718
58950	-0.179183
59000	0.035470
59050	-0.118814
59100	0.003846
59150	0.025732
59200	-0.102012
59250	-0.301786
59300	0.026171
59350	-0.070361
59400	-0.039296
59450	-0.046978
59500	-0.074126
59550	0.041132
59600	0.086016
59650	0.149733
59700	-0.076548
59750	0.102266
59800	-0.028733
59850	0.155705
59900	-0.045389
59950	-0.024407
60000	-0.072906
60050	-0.134071
60100	0.016115
60150	-0.064629
60200	-0.112801
60250	0.045525
60300	0.046535
60350	-0.256651
60400	-0.054299
60450	-0.125589
60500	0.054718
60550	-0.033136
60600	0.007413
60650	0.039158
60700	-0.174320
60750	0.072674
60800	0.106504
60850	0.070281
60900	0.184364
60950	0.118133
61000	0.003658
61050	-0.082711
61100	0.029209
61150	0.053453
61200	0.017646
61250	0.085208
61300	0.043729
61350	-0.104311
61400	0.157835
61450	0.141740
61500	-0.147947
61550	0.097624
61600	0.067022
61650	0.148439
61700	0.071019
61750	0.076177
61800	0.265840
61850	0.070343
61900	-0.105087
61950	-0.118089
62000	0.045866
62050	-0.163898
62100	-0.051672
62150	0.023078
62200	0.082375
62250	-0.060599
62300	-0.011166
62350	0.107680
62400	-0.086016
62450	-0.009682
62500	0.005637
62550	-0.132129
62600	0.080813
62650	-0.022936
62700	-0.114476
62750	-0.101702
62800	0.163297
62850	-0.011783
62900	0.125036
62950	-0.172829
63000	-0.001716
63050	-0.167382
63100	-0.033787
63150	-0.086863
63200	-0.082248
63250	-0.024139
63300	-0.058859
63350	-0.079321
63400	0.050275
63450	0.186412
63500	0.148376
63550	0.036745
63600	0.133089
63650	0.106694
63700	0.178566
63750	0.021840
63800	0.150973
63850	0.314105
63900	0.067746
63950	-0.057446
64000	0.122234
64050	-0.094110
64100	0.049842
64150	0.253918
64200	-0.026255
64250	-0.011202
64300	0.085882
64350	-0.139461
64400	0.128754
64450	0.086399
64500	-0.212347
64550	-0.055276
64600	0.048957
64650	0.017723
64700	0.256991
64750	0.127814
64800	0.070508
64850	-0.003521
64900	0.129541
64950	0.003551
65000	-0.113658
65050	0.061728
65100	-0.019632
65150	0.035887
65200	0.096245
65250	0.161532
65300	-0.180119
65350	0.129695
65400	0.165893
65450	0.099072
65500	-0.016543
65550	0.089577
65600	-0.025438
65650	-0.010145
65700	0.115563
65750	-0.018007
65800	-0.066051
65850	-0.074980
65900	-0.240819
65950	-0.332749
66000	0.200520
66050	0.028765
66100	0.035678
66150	0.198589
66200	-0.166237
66250	0.161170
66300	0.070578
66350	0.164125
66400	0.247803
66450	-0.027709
66500	0.103059
66550	0.065535
66600	0.020640
66650	0.043829
66700	-0.030192
66750	-0.113220
66800	-0.028402
66850	-0.012902
66900	-0.174245
66950	0.139224
67000	-0.046324
67050	-0.151210
67100	0.101397
67150	-0.021606
67200	-0.141091
67250	-0.028249
67300	0.081446
67350	0.224872
67400	-0.044036
67450	0.021726
67500	-0.044248
67550	-0.041625
67600	-0.114790
67650	0.050975
67700	-0.065411
67750	-0.184922
67800	-0.011875
67850	0.051723
67900	-0.006539
67950	0.032055
68000	0.105351
68050	0.075048
68100	-0.216456
68150	0.040314
68200	-0.084537
68250	0.073891
68300	-0.022791
68350	-0.035716
68400	-0.033185
68450	-0.034821
68500	0.097834
68550	0.032866
68600	0.136366
68650	0.163819
68700	-0.002798
68750	-0.060484
68800	0.089684
68850	-0.076844
68900	-0.228632
68950	0.125874
69000	-0.191513
69050	0.087877
69100	0.036130
69150	0.070900
69200	-0.037066
69250	-0.093541
69300	0.259437
69350	0.118714
69400	0.093506
69450	-0.045475
69500	0.105622
69550	0.082119
69600	0.142541
69650	-0.126797
69700	-0.044008
69750	-0.109600
69800	0.043385
69850	-0.054074
69900	0.051167
69950	-0.000813
70000	-0.004747
70050	-0.065350
70100	-0.015919
70150	0.124164
70200	-0.008258
70250	0.337475
70300	0.243209
70350	0.096424
70400	-0.056285
70450	-0.170859
70500	0.025166
70550	0.203895
70600	0.096095
70650	0.203941
70700	0.050981
70750	0.022824
70800	0.089486
70850	0.013584
70900	-0.155706
70950	-0.106785
71000	-0.006491
71050	-0.021633
71100	0.082202
71150	0.279456
71200	0.088916
71250	0.069126
71300	0.070788
71350	0.033837
71400	-0.234991
71450	-0.118786
71500	0.039118
71550	-0.021515
71600	-0.023551
71650	-0.075868
71700	-0.123354
71750	-0.036577
71800	0.096980
71850	0.110803
71900	0.005007
71950	0.087949
72000	0.007665
72050	0.135502
72100	0.192152
72150	-0.015493
72200	0.196947
72250	0.172076
72300	0.211522
72350	-0.007178
72400	0.017578
72450	0.167188
72500	0.143029
72550	-0.017294
72600	-0.060201
72650	0.232380
72700	-0.155247
72750	0.195063
72800	0.068808
72850	0.010544
72900	0.053316
72950	-0.048881
73000	-0.191727
73050	0.015345
73100	-0.049635
73150	0.158270
73200	-0.038894
73250	-0.000171
73300	-0.223272
73350	-0.096259
73400	-0.118230
73450	0.095807
73500	-0.115598
73550	0.095716
73600	0.091831
73650	0.055771
73700	0.096797
73750	0.008116
73800	-0.054768
73850	0.095276
73900	0.127242
73950	-0.092540
74000	-0.036424
74050	0.218608
74100	-0.114517
74150	-0.044070
74200	0.042572
74250	0.101187
74300	0.043890
74350	0.002643
74400	0.092803
74450	0.034227
74500	0.096533
74550	0.030082
74600	-0.110101
74650	0.201386
74700	-0.022246
74750	0.064913
74800	0.110422
74850	0.299226
74900	0.029074
74950	0.109355
75000	0.265744
75050	-0.033248
75100	-0.109112
75150	-0.033367
75200	0.177689
75250	0.042871
75300	-0.074756
75350	0.225181
75400	0.079899
75450	-0.076254
75500	0.263498
75550	0.079766
75600	0.098327
75650	-0.052806
75700	0.176334
75750	-0.018359
75800	0.145632
75850	0.028868
75900	0.012125
75950	-0.017672
76000	-0.032795
76050	-0.012075
76100	-0.152285
76150	-0.127085
76200	0.251573
76250	0.148484
76300	0.107952
76350	0.047931
76400	0.038933
76450	-0.202697
76500	0.121781
76550	0.008543
76600	0.032020
76650	-0.048723
76700	0.079120
76750	0.073502
76800	-0.135201
76850	0.021355
76900	-0.024737
76950	0.026592
77000	0.056654
77050	-0.140767
77100	-0.195216
77150	-0.070421
77200	0.089735
77250	0.086568
77300	0.025565
77350	0.025776
77400	0.069144
77450	-0.251338
77500	0.207142
77550	0.111681
77600	0.130080
77650	0.045535
77700	0.173102
77750	0.077001
77800	-0.017198
77850	-0.128141
77900	0.229712
77950	0.135764
78000	0.029554
78050	-0.034310
78100	-0.014775
78150	-0.066584
78200	-0.088729
78250	0.030840
78300	0.095188
78350	0.072932
78400	-0.120670
78450	0.210090
78500	0.070868
78550	0.043133
78600	0.241297
78650	0.079666
78700	-0.133096
78750	-0.149016
78800	0.030314
78850	0.099137
78900	0.020050
78950	0.011041
79000	-0.063077
79050	-0.091935
79100	0.145369
79150	0.131707
79200	0.100767
79250	0.071049
79300	-0.018226
79350	0.011273
79400	0.068842
79450	0.029418
79500	0.043792
79550	-0.244874
79600	-0.079645
79650	-0.068263
79700	0.087263
79750	0.158829
79800	-0.198499
79850	-0.006420
79900	-0.021484
79950	-0.189248
80000	0.154297
80050	0.221330
80100	0.021597
80150	0.007716
80200	-0.083894
80250	0.080094
80300	0.090791
80350	0.193832
80400	0.161417
80450	0.027697
80500	-0.042841
80550	0.190576
80600	0.002696
80650	-0.152826
80700	0.134765
80750	0.192547
80800	0.348661
80850	0.063721
80900	-0.044651
80950	0.110003
81000	-0.110277
81050	-0.023267
81100	0.170237
81150	0.092365
81200	-0.080910
81250	0.161951
81300	0.101424
81350	0.077280
81400	-0.068461
81450	0.024449
81500	-0.094625
81550	0.142558
81600	-0.091857
81650	0.121396
81700	-0.075233
81750	0.042413
81800	0.086898
81850	-0.027492
81900	0.037398
81950	0.062259
82000	-0.138175
82050	0.091312
82100	0.054337
82150	0.024662
82200	0.050714
82250	0.082664
82300	-0.042139
82350	0.083845
82400	0.092488
82450	0.107970
82500	0.048645
82550	-0.037027
82600	-0.104319
82650	0.151562
82700	0.027267
82750	0.050128
82800	0.139771
82850	-0.070022
82900	-0.207129
82950	-0.050177
83000	0.176007
83050	-0.062142
83100	-0.031751
83150	-0.063694
83200	-0.062722
83250	-0.014330
83300	0.096102
83350	-0.058840
83400	0.036019
83450	0.138076
83500	-0.017421
83550	-0.017826
83600	-0.086791
83650	-0.024950
83700	0.059458
83750	-0.004945
83800	0.151170
83850	0.278884
83900	0.216858
83950	-0.028419
84000	-0.146876
84050	0.002409
84100	0.064837
84150	-0.040415
84200	0.262067
84250	0.052425
84300	-0.105262
84350	0.060909
84400	0.007804
84450	0.042812
84500	0.127829
84550	0.067849
84600	0.059751
84650	0.276070
84700	0.065440
84750	0.046798
84800	0.045082
84850	0.270753
84900	0.003412
84950	0.076773
85000	-0.318164
85050	-0.156460
85100	0.050090
85150	0.025074
85200	-0.132550
85250	-0.040843
85300	0.004922
85350	-0.069375
85400	-0.024859
85450	0.180642
85500	0.083756
85550	0.007123
85600	0.100773
85650	0.037259
85700	0.134413
85750	-0.036435
85800	-0.046845
85850	0.185480
85900	0.010057
85950	0.035277
86000	0.060760
86050	0.027960
86100	0.125832
86150	-0.081309
86200	-0.122296
86250	-0.018917
86300	-0.020724
86350	0.155838
86400	0.004672
86450	-0.016108
86500	0.167467
86550	-0.108923
86600	0.018472
86650	-0.038295
86700	0.069142
86750	0.075293
86800	-0.017246
86850	-0.077494
86900	0.090211
86950	0.132504
87000	-0.084594
87050	-0.133496
87100	-0.176247
87150	0.074126
87200	-0.150604
87250	-0.060172
87300	-0.110222
87350	-0.046497
87400	0.232671
87450	0.126159
87500	0.105857
87550	-0.030623
87600	-0.051656
87650	0.089273
87700	0.060963
87750	-0.105561
87800	-0.053978
87850	-0.048279
87900	-0.084381
87950	-0.022187
88000	-0.092983
88050	-0.204378
88100	0.103999
88150	0.108282
88200	-0.146269
88250	0.100148
88300	0.104455
88350	-0.050985
88400	0.003506
88450	-0.031464
88500	0.060791
88550	-0.020404
88600	0.105435
88650	-0.077279
88700	0.056286
88750	0.158102
88800	0.083529
88850	0.272459
88900	0.140990
88950	0.304398
89000	-0.155829
89050	-0.024956
89100	0.118094
89150	0.056665
89200	-0.100591
89250	0.008011
89300	0.007096
89350	0.232732
89400	0.042137
89450	-0.153377
89500	0.194318
89550	0.057614
89600	-0.021199
89650	0.088083
89700	0.107688
89750	0.117828
89800	0.051054
89850	0.049058
89900	-0.094287
89950	0.053126
90000	0.162311
90050	0.220165
90100	-0.074683
90150	-0.234518
90200	0.052599
90250	0.123153
90300	0.252854
90350	0.139807
90400	0.111460
90450	0.023667
90500	-0.027525
90550	-0.076368
90600	0.125728
90650	0.074590
90700	0.033094
90750	-0.115956
90800	0.026936
90850	0.015648
90900	-0.028216
90950	0.128631
91000	0.165545
91050	-0.044922
91100	0.031159
91150	0.077006
91200	-0.056356
91250	-0.173149
91300	-0.066303
91350	0.085033
91400	-0.202974
91450	0.151705
91500	0.063968
91550	0.124552
91600	0.301113
91650	0.007921
91700	-0.041801
91750	-0.060464
91800	0.247416
91850	-0.295205
91900	-0.005355
91950	0.027854
92000	0.235696
92050	0.067169
92100	-0.113199
92150	0.184043
92200	0.101975
92250	0.258215
92300	0.074984
92350	-0.042059
92400	-0.032807
92450	0.139711
92500	0.134844
92550	0.093059
92600	0.032169
92650	0.171204
92700	0.092141
92750	0.046879
92800	0.355587
92850	0.129736
92900	-0.116174
92950	-0.081499
93000	-0.035211
93050	-0.015136
93100	0.064920
93150	0.184138
93200	-0.158634
93250	-0.006485
93300	0.009310
93350	-0.037560
93400	-0.132693
93450	-0.152163
93500	-0.011703
93550	0.100419
93600	0.331602
93650	-0.070386
93700	0.111929
93750	0.207667
93800	-0.042778
93850	0.129435
93900	-0.039776
93950	-0.019309
94000	-0.076086
94050	-0.096834
94100	-0.057155
94150	-0.165773
94200	-0.018411
94250	-0.090766
94300	0.002123
94350	-0.044793
94400	0.165524
94450	0.073408
94500	0.317002
94550	0.054532
94600	0.026226
94650	-0.085589
94700	-0.141632
94750	0.094312
94800	0.108144
94850	0.024956
94900	-0.071182
94950	0.195188
95000	0.158978
95050	0.367631
95100	-0.057626
95150	0.095998
95200	-0.304736
95250	0.032295
95300	0.102413
95350	0.073241
95400	-0.154961
95450	0.143114
95500	0.297427
95550	0.298623
95600	0.017006
95650	0.092661
95700	0.062503
95750	-0.060645
95800	-0.063789
95850	-0.019803
95900	-0.000849
95950	0.070780
96000	-0.056233
96050	-0.132902
96100	-0.026448
96150	-0.355517
96200	-0.011971
96250	-0.130908
96300	-0.120687
96350	0.003094
96400	-0.021385
96450	0.098086
96500	-0.056909
96550	-0.140828
96600	0.035115
96650	-0.122312
96700	0.057849
96750	0.139676
96800	0.083713
96850	0.201298
96900	0.172996
96950	-0.041355
97000	-0.051076
97050	0.037434
97100	-0.089053
97150	0.013338
97200	0.131501
97250	0.092500
97300	0.212422
97350	-0.022700
97400	0.294634
97450	0.026676
97500	0.031808
97550	0.060612
97600	-0.032157
97650	0.077876
97700	0.018078
97750	-0.055327
97800	0.172797
97850	-0.100453
97900	-0.135515
97950	0.055694
98000	0.128780
98050	-0.019864
98100	-0.082836
98150	-0.106443
98200	-0.172267
98250	0.022854
98300	0.018769
98350	0.056788
98400	-0.298143
98450	-0.131870
98500	-0.152993
98550	-0.176576
98600	-0.213718
98650	-0.073964
98700	0.014732
98750	0.069264
98800	0.128431
98850	-0.003749
98900	0.016295
98950	0.093741
99000	-0.113055
99050	-0.004414
99100	-0.019806
99150	-0.206009
99200	-0.037696
99250	0.396832
99300	0.161331
99350	0.127051
99400	0.067296
99450	0.099318
99500	-0.075917
99550	-0.177397
99600	-0.032437
99650	-0.164790
99700	0.074288
99750	-0.033286
99800	-0.211533
99850	-0.202034
99900	-0.211743
99950	0.080140
100000	-0.020995
100050	-0.140198
100100	0.096304
100150	0.016108
100200	0.146620
100250	0.238854
100300	0.113550
100350	0.078529
100400	0.095259
100450	0.102674
100500	0.089626
100550	0.048871
100600	-0.143322
100650	-0.137969
100700	-0.010418
100750	-0.002647
100800	0.045077
100850	0.188543
100900	0.087065
100950	-0.075936
101000	0.062625
101050	-0.046704
101100	0.166953
101150	-0.010450
101200	-0.075973
101250	0.085804
101300	0.055352
101350	0.169871
101400	-0.126300
101450	-0.075628
101500	-0.049654
101550	-0.237708
101600	-0.354120
101650	0.022085
101700	0.058747
101750	-0.154447
101800	0.126703
101850	0.081393
101900	0.186144
101950	-0.036472
102000	-0.009411
102050	-0.038325
102100	0.064338
102150	-0.012584
102200	-0.061245
102250	-0.176494
102300	-0.020361
102350	-0.144265
102400	-0.034521
102450	0.061673
102500	0.124125
102550	-0.019093
102600	-0.028312
102650	-0.037895
102700	0.063635
102750	0.173221
102800	0.090119
102850	-0.009376
102900	0.159311
102950	0.141172
103000	-0.188201
103050	0.026417
103100	-0.107237
103150	-0.030445
103200	-0.058142
103250	0.101370
103300	-0.162763
103350	0.106585
103400	0.030291
103450	0.045663
103500	0.051909
103550	-0.065666
103600	-0.011915
103650	-0.026045
103700	0.055501
103750	0.057832
103800	-0.111616
103850	0.038231
103900	-0.039766
103950	0.005467
104000	0.017230
104050	0.161419
104100	-0.224084
104150	-0.089386
104200	-0.137891
104250	-0.080426
104300	-0.061063
104350	-0.019530
104400	0.035036
104450	-0.088550
104500	-0.144679
104550	-0.021514
104600	-0.006336
104650	-0.260183
104700	-0.094145
104750	-0.131641
104800	-0.031358
104850	0.032425
104900	0.089819
104950	0.040826
105000	-0.021414
105050	-0.224196
105100	-0.046431
105150	0.039490
105200	-0.006774
105250	0.186204
105300	-0.145097
105350	-0.185614
105400	-0.156526
105450	0.038039
105500	0.112132
105550	-0.089779
105600	0.047706
105650	-0.033661
105700	0.105776
105750	0.028716
105800	-0.138457
105850	-0.143882
105900	0.106254
105950	0.094142
106000	0.058940
106050	0.063806
106100	0.013291
106150	-0.158862
106200	-0.119776
106250	-0.037383
106300	-0.222424
106350	-0.032031
106400	0.016187
106450	-0.045618
106500	-0.007203
106550	-0.047615
106600	-0.106539
106650	0.023739
106700	0.112025
106750	0.123992
106800	-0.034057
106850	-0.016818
106900	-0.218681
106950	0.066352
107000	-0.072980
107050	0.049050
107100	0.041958
107150	0.031251
107200	0.119667
107250	0.093642
107300	-0.020975
107350	-0.023704
107400	0.028915
107450	0.119758
107500	-0.196114
107550	-0.019330
107600	0.087730
107650	-0.059264
107700	-0.118658
107750	-0.082754
107800	0.032254
107850	0.004273
107900	0.034382
107950	-0.029782
108000	0.113692
108050	0.111239
108100	0.349186
108150	0.060462
108200	0.014103
108250	-0.108306
108300	-0.158999
108350	0.038107
108400	0.020527
108450	-0.050714
108500	0.034454
108550	0.082099
108600	-0.026351
108650	0.082218
108700	0.130582
108750	-0.115921
108800	0.062861
108850	0.113660
108900	0.120768
108950	0.057000
109000	0.044534
109050	0.019489
109100	0.014293
109150	-0.068101
109200	0.228948
109250	0.124479
109300	-0.173574
109350	0.025692
109400	0.094092
109450	-0.006968
109500	0.098865
109550	0.053723
109600	0.080695
109650	0.014538
109700	0.083518
109750	-0.173766
109800	-0.053428
109850	-0.108622
109900	-0.127452
109950	0.065945
110000	-0.173296
110050	-0.226123
110100	-0.030369
110150	-0.101870
110200	0.043032
110250	0.042701
110300	-0.015584
110350	0.012960
110400	-0.062676
110450	0.110547
110500	-0.076471
110550	0.050976
110600	-0.110668
110650	0.056181
110700	0.077440
110750	-0.003572
110800	0.049078
110850	-0.267302
110900	0.112442
110950	-0.013227
111000	-0.141141
111050	0.082507
111100	0.053183
111150	0.003029
111200	0.039845
111250	-0.054804
111300	0.055667
111350	0.133245
111400	0.042959
111450	0.161763
111500	0.066906
111550	0.032107
111600	-0.032812
111650	-0.044889
111700	-0.167750
111750	-0.091404
111800	-0.104968
111850	0.093838
111900	0.263816
111950	0.002874
112000	-0.027837
112050	0.176684
112100	-0.110929
112150	-0.043315
112200	-0.094060
112250	-0.022306
112300	0.098104
112350	-0.109644
112400	-0.097994
112450	0.036255
112500	0.000109
112550	0.164675
112600	0.194617
112650	0.117336
112700	0.264092
112750	0.017532
112800	-0.018314
112850	-0.216342
112900	-0.166926
112950	-0.236092
113000	-0.157646
113050	0.125567
113100	0.024653
113150	-0.161720
113200	0.079155
113250	0.042489
113300	-0.008782
113350	0.045721
113400	-0.218594
113450	-0.169485
113500	-0.017472
113550	0.071986
113600	0.087074
113650	-0.016266
113700	-0.014952
113750	-0.001940
113800	0.022802
113850	-0.137928
113900	0.027211
113950	-0.036322
114000	-0.119003
114050	-0.084224
114100	0.057939
114150	0.078034
114200	0.123977
114250	-0.012250
114300	-0.076663
114350	-0.087364
114400	0.111483
114450	0.159525
114500	0.107606
114550	0.010703
114600	0.082535
114650	-0.084452
114700	0.193459
114750	-0.110881
114800	-0.015416
114850	0.169471
114900	-0.126014
114950	0.012440
115000	-0.098174
115050	-0.113809
115100	0.022523
115150	0.060590
115200	0.206273
115250	0.106010
115300	0.205909
115350	0.119142
115400	-0.065232
115450	-0.229567
115500	-0.039909
115550	0.151543
115600	-0.026648
115650	-0.135929
115700	-0.007571
115750	0.053605
115800	-0.079172
115850	0.140115
115900	0.034114
115950	0.092612
116000	-0.054558
116050	0.018079
116100	0.043077
116150	0.210322
116200	0.102224
116250	-0.011636
116300	0.029359
116350	0.170233
116400	0.225216
116450	0.230307
116500	0.022612
116550	-0.066964
116600	-0.039109
116650	0.091637
116700	0.157157
116750	-0.041719
116800	-0.107644
116850	0.149937
116900	-0.208217
116950	0.220428
117000	0.221812
117050	-0.080965
117100	0.069621
117150	-0.188963
117200	0.053539
117250	0.151346
117300	-0.097151
117350	-0.145181
117400	-0.271115
117450	-0.159539
117500	0.059002
117550	-0.231002
117600	-0.038265
117650	-0.101752
117700	-0.244462
117750	0.025825
117800	0.158209
117850	-0.209879
117900	0.135228
117950	0.100315
118000	-0.008511
118050	0.005100
118100	0.097655
118150	-0.140825
118200	-0.381194
118250	0.009858
118300	-0.142289
118350	0.189185
118400	0.101795
118450	0.037495
118500	0.047114
118550	0.061825
118600	-0.163614
118650	-0.074696
118700	-0.008957
118750	-0.002422
118800	0.038398
118850	-0.206182
118900	-0.192976
118950	-0.008423
119000	0.134790
119050	0.190892
119100	0.156605
119150	0.167065
119200	0.153764
119250	-0.177930
119300	0.166496
119350	0.007890
119400	0.047635
119450	-0.122724
119500	0.095528
119550	0.152543
119600	0.034164
119650	-0.083964
119700	0.034564
119750	0.222639
119800	-0.014210
119850	-0.014995
119900	0.031939
119950	-0.134947
120000	-0.046343
120050	0.123880
120100	-0.187459
120150	0.134629
120200	0.224826
120250	-0.064404
120300	-0.154966
120350	0.129853
120400	-0.190544
120450	0.027732
120500	-0.085161
120550	-0.083423
120600	-0.332310
120650	-0.037439
120700	-0.063216
120750	0.040716
120800	0.163706
120850	-0.156247
120900	-0.079785
120950	-0.117913
121000	-0.000850
121050	0.026624
121100	0.161414
121150	-0.044845
121200	0.162356
121250	0.339435
121300	0.058902
121350	-0.060402
121400	0.270331
121450	-0.090891
121500	-0.014407
121550	0.087359
121600	0.020043
121650	-0.030379
121700	-0.117961
121750	-0.068688
121800	0.189164
121850	-0.316068
121900	0.081745
121950	0.121826
122000	-0.026380
122050	-0.003941
122100	-0.109132
122150	-0.016780
122200	0.125509
122250	0.134727
122300	0.094346
122350	0.019315
122400	-0.232828
122450	0.003287
122500	0.166934
122550	0.032958
122600	0.077999
122650	-0.052545
122700	-0.001913
122750	-0.132338
122800	-0.051423
122850	-0.047264
122900	0.081635
122950	0.225681
123000	-0.046809
123050	-0.073624
123100	0.070148
123150	-0.134308
123200	-0.026915
123250	-0.088254
123300	-0.023205
123350	0.092324
123400	-0.034774
123450	-0.020129
123500	0.137779
123550	-0.000248
123600	0.031053
123650	-0.099472
123700	0.147393
123750	0.287055
123800	-0.036328
123850	-0.022051
123900	-0.061463
123950	-0.079515
124000	0.115246
124050	-0.220667
124100	-0.109887
124150	0.011528
124200	-0.169425
124250	0.034143
124300	-0.137398
124350	0.012734
124400	-0.131279
124450	0.047154
124500	-0.121573
124550	0.038450
124600	0.073926
124650	0.040007
124700	0.112524
124750	-0.063233
124800	-0.075763
124850	0.030782
124900	-0.027558
124950	0.068096
125000	0.139501
125050	-0.099358
125100	0.015677
125150	-0.149562
125200	0.039229
125250	-0.021608
125300	0.041931
125350	-0.041771
125400	-0.097397
125450	0.146304
125500	0.068381
125550	-0.130661
125600	-0.018339
125650	0.099117
125700	-0.082596
125750	0.074133
125800	0.109639
125850	0.005797
125900	-0.083407
125950	-0.150488
126000	0.031202
126050	-0.091067
126100	0.188943
126150	-0.091509
126200	0.001309
126250	-0.077339
126300	-0.032482
126350	-0.091744
126400	0.055493
126450	-0.149082
126500	-0.171857
126550	0.030328
126600	0.100937
126650	-0.056496
126700	-0.144276
126750	0.084037
126800	0.086584
126850	0.011735
126900	-0.007178
126950	-0.114419
127000	0.000558
127050	-0.180457
127100	0.273109
127150	0.223575
127200	0.054672
127250	0.220505
127300	-0.043963
127350	0.093795
127400	-0.081781
127450	-0.015699
127500	-0.129252
127550	0.006777
127600	0.143262
127650	0.138864
127700	-0.183236
127750	0.101244
127800	-0.053010
127850	-0.192516
127900	-0.179155
127950	0.008142
128000	0.177138
128050	-0.085846
128100	-0.093463
128150	-0.071197
128200	0.022160
128250	-0.001433
128300	0.039065
128350	-0.089443
128400	0.018337
128450	-0.037890
128500	0.041084
128550	-0.017898
128600	0.022954
128650	0.145241
128700	-0.120330
128750	-0.060550
128800	0.044941
128850	0.133860
128900	-0.073214
128950	0.072522
129000	0.172481
129050	-0.029339
129100	0.043743
129150	-0.238220
129200	0.035168
129250	0.153958
129300	-0.016518
129350	0.042550
129400	-0.165893
129450	0.027367
129500	0.061299
129550	0.014622
129600	-0.051849
129650	0.004613
129700	0.092094
129750	0.158359
129800	-0.025480
129850	0.086224
129900	0.139218
129950	0.200260
130000	0.236374
130050	-0.232700
130100	0.022412
130150	0.111564
130200	0.090309
130250	0.017255
130300	0.024014
130350	-0.035677
130400	-0.078720
130450	0.236421
130500	0.108526
130550	0.008673
130600	0.033877
130650	-0.042596
130700	0.049476
130750	0.198192
130800	0.205554
130850	0.136010
130900	-0.022192
130950	0.037215
131000	0.254008
131050	0.003469
131100	0.222893
131150	-0.056162
131200	-0.087561
131250	-0.130836
131300	0.030567
131350	0.157961
131400	-0.062745
131450	0.074421
131500	-0.093977
131550	0.232918
131600	0.096658
131650	0.028834
131700	-0.042741
131750	-0.103890
131800	-0.031623
131850	-0.033512
131900	-0.062500
131950	0.208797
132000	0.061118
132050	0.022654
132100	0.071422
132150	-0.026010
132200	-0.099351
132250	-0.086541
132300	0.132771
132350	-0.156077
132400	0.200943
132450	-0.148757
132500	-0.304852
132550	0.037057
132600	-0.061868
132650	-0.114843
132700	0.096581
132750	-0.004428
132800	0.061222
132850	0.215880
132900	-0.098178
132950	-0.011937
133000	-0.007829
133050	0.019343
133100	-0.097296
133150	0.005051
133200	0.122909
133250	-0.084912
133300	0.110123
133350	0.271512
133400	0.173851
133450	-0.107997
133500	-0.054769
133550	0.049586
133600	-0.044023
133650	-0.101013
133700	-0.180072
133750	0.089104
133800	0.127180
133850	0.088365
133900	0.173490
133950	-0.054993
134000	0.003074
134050	-0.060207
134100	0.095601
134150	0.095366
134200	-0.007930
134250	0.078530
134300	0.037610
134350	-0.116769
134400	-0.022454
134450	0.010133
134500	0.129484
134550	-0.086037
134600	0.037831
134650	0.160077
134700	-0.136661
134750	0.215718
134800	0.107697
134850	-0.055445
134900	0.060016
134950	0.044094
135000	-0.186679
135050	-0.021825
135100	0.118848
135150	0.087455
135200	0.041709
135250	-0.002780
135300	0.044269
135350	-0.126364
135400	0.229651
135450	0.166258
135500	-0.192058
135550	-0.076553
135600	-0.160374
135650	-0.093766
135700	-0.016342
135750	0.180744
135800	0.028631
135850	0.159825
135900	0.137775
135950	0.026107
136000	-0.028997
136050	-0.030327
136100	-0.020289
136150	0.008895
136200	0.015765
136250	0.016073
136300	0.103737
136350	0.263251
136400	-0.003615
136450	-0.177414
136500	-0.040050
136550	-0.022584
136600	-0.150891
136650	0.090025
136700	-0.202221
136750	-0.287885
136800	-0.074976
136850	0.033431
136900	0.233506
136950	0.157837
137000	0.128838
137050	0.020663
137100	-0.054983
137150	0.242059
137200	0.119454
137250	0.010810
137300	-0.163258
137350	-0.111996
137400	-0.120264
137450	-0.113823
137500	0.032170
137550	0.186581
137600	0.074470
137650	0.093459
137700	-0.035352
137750	0.276044
137800	-0.175173
137850	0.165546
137900	0.173356
137950	0.030932
138000	0.035941
138050	-0.211514
138100	0.084073
138150	0.017464
138200	-0.068362
138250	-0.085463
138300	-0.206809
138350	-0.285853
138400	0.126860
138450	0.068632
138500	-0.041518
138550	0.247340
138600	-0.062496
138650	0.127131
138700	-0.123956
138750	0.043200
138800	-0.078760
138850	0.002881
138900	0.059603
138950	0.088649
139000	0.237132
139050	0.070383
139100	0.066172
139150	0.156348
139200	-0.154545
139250	0.049532
139300	0.143683
139350	-0.134516
139400	-0.035039
139450	0.129474
139500	-0.001580
139550	0.205418
139600	0.127768
139650	-0.007504
139700	-0.094077
139750	-0.154287
139800	-0.123233
139850	-0.206139
139900	0.054108
139950	0.069410
140000	0.043617
140050	0.082408
140100	0.134697
140150	0.072083
140200	-0.057533
140250	-0.010566
140300	0.030626
140350	0.107378
140400	-0.068197
140450	-0.003859
140500	-0.079218
140550	0.272111
140600	0.033498
140650	-0.155372
140700	0.160249
140750	-0.163471
140800	-0.052978
140850	0.016190
140900	-0.044501
140950	0.002053
141000	0.135893
141050	-0.038638
141100	0.176027
141150	-0.002435
141200	-0.162134
141250	0.077978
141300	0.124768
141350	0.004920
141400	0.012686
141450	0.085119
141500	-0.024152
141550	-0.072598
141600	-0.056068
141650	0.044307
141700	-0.023630
141750	0.036284
141800	0.181744
141850	-0.014761
141900	0.062371
141950	0.030219
142000	0.034786
142050	0.204705
142100	0.053173
142150	0.030404
142200	-0.130315
142250	0.058288
142300	0.079956
142350	-0.027467
142400	-0.100885
142450	0.125429
142500	-0.079446
142550	0.017395
142600	-0.101600
142650	-0.042477
142700	0.083263
142750	0.062710
142800	-0.035720
142850	0.119680
142900	-0.039295
142950	0.058768
143000	-0.003693
143050	-0.031042
143100	-0.160700
143150	-0.084584
143200	0.059596
143250	-0.216288
143300	-0.053124
143350	-0.036195
143400	0.053422
143450	-0.119067
143500	0.208934
143550	-0.117985
143600	-0.163723
143650	0.115329
143700	0.116683
143750	0.026619
143800	0.038239
143850	0.039262
143900	-0.059648
143950	-0.132836
144000	0.086252
144050	0.068033
144100	0.155924
144150	0.303981
144200	0.271342
144250	0.154074
144300	-0.020076
144350	0.090015
144400	-0.118210
144450	0.150680
144500	-0.060770
144550	0.004364
144600	0.032731
144650	0.012510
144700	0.073262
144750	-0.088002
144800	0.085512
144850	0.081275
144900	0.025186
144950	0.032553
145000	-0.046767
145050	-0.048073
145100	-0.140353
145150	0.002360
145200	0.058220
145250	0.153363
145300	-0.186588
145350	-0.245731
145400	-0.011403
145450	0.030701
145500	0.095290
145550	0.035764
145600	0.348880
145650	-0.017264
145700	-0.025825
145750	-0.149562
145800	0.005202
145850	0.146944
145900	0.050567
145950	0.000006
146000	-0.098970
146050	0.086881
146100	0.045223
146150	0.011807
146200	0.054749
146250	-0.111384
146300	-0.012702
146350	0.036358
146400	0.098026
146450	-0.122697
146500	-0.045478
146550	0.081842
146600	-0.140188
146650	0.053034
146700	0.084877
146750	-0.010414
146800	0.089776
146850	0.181849
146900	0.004274
146950	0.051475
147000	0.076136
147050	-0.163745
147100	0.271957
147150	0.096497
147200	0.008125
147250	0.195523
147300	0.017105
147350	0.020438
147400	0.046114
147450	0.191455
147500	-0.159368
147550	-0.007346
147600	-0.053517
147650	-0.003444
147700	0.088535
147750	0.017456
147800	0.119746
147850	0.006094
147900	-0.039930
147950	0.033638
148000	0.095564
148050	-0.203255
148100	-0.148521
148150	0.284240
148200	-0.037333
148250	-0.132850
148300	-0.179178
148350	0.093929
148400	0.108208
148450	0.072715
148500	0.209702
148550	-0.114922
148600	-0.039309
148650	0.003338
148700	-0.001791
148750	0.168371
148800	-0.116750
148850	0.058745
148900	0.017461
148950	0.003398
149000	0.084784
149050	-0.101702
149100	0.099092
149150	0.024747
149200	-0.130514
149250	-0.009466
149300	-0.051118
149350	-0.023353
149400	-0.110952
149450	-0.256943
149500	0.170466
149550	0.107322
149600	0.042996
149650	-0.060371
149700	0.106453
149750	0.138257
149800	-0.039818
149850	-0.160805
149900	0.063972
149950	-0.018025
150000	-0.024136
150050	-0.131294
150100	0.055563
150150	0.002392
150200	0.037768
150250	-0.184213
150300	-0.141407
150350	-0.014140
150400	0.254761
150450	-0.064058
150500	0.274841
150550	0.187889
150600	0.130616
150650	-0.022320
150700	-0.097245
150750	0.062651
150800	-0.176813
150850	-0.146434
150900	0.124448
150950	-0.058855
151000	0.041402
151050	0.071388
151100	-0.064755
151150	-0.023761
151200	0.064419
151250	0.089909
151300	0.176274
151350	0.169433
151400	0.147397
151450	-0.050546
151500	0.083944
151550	-0.085993
151600	-0.026772
151650	-0.118489
151700	-0.101061
151750	-0.144541
151800	-0.120848
151850	-0.107430
151900	0.011470
151950	0.052322
152000	-0.052494
152050	-0.215634
152100	-0.062192
152150	-0.250738
152200	0.046487
152250	-0.157146
152300	0.099308
152350	0.002673
152400	0.036860
152450	-0.027162
152500	-0.095508
152550	0.165002
152600	0.274260
152650	0.051531
152700	0.009763
152750	0.059496
152800	0.152157
152850	0.204258
152900	0.278707
152950	0.119382
153000	0.074909
153050	0.204900
153100	0.093634
153150	0.010331
153200	-0.117982
153250	0.065757
153300	0.068222
153350	-0.005793
153400	0.059198
153450	0.135229
153500	0.140163
153550	0.022501
153600	-0.010924
153650	0.106967
153700	-0.057137
153750	-0.008582
153800	-0.011369
153850	-0.075992
153900	-0.074265
153950	-0.066051
154000	-0.049313
154050	0.029303
154100	0.169410
154150	0.111806
154200	-0.116413
154250	0.055013
154300	-0.028748
154350	0.023228
154400	0.246425
154450	0.080682
154500	-0.052142
154550	-0.320858
154600	0.129843
154650	0.217187
154700	-0.159739
154750	-0.031503
154800	0.056717
154850	0.030539
154900	0.083225
154950	0.170760
155000	0.101202
155050	0.077684
155100	0.029921
155150	-0.011740
155200	-0.040106
155250	-0.140844
155300	0.116256
155350	0.061363
155400	0.031400
155450	-0.017794
155500	-0.163447
155550	-0.131344
155600	0.030620
155650	0.299775
155700	0.061949
155750	0.142299
155800	0.208190
155850	0.018123
155900	0.009505
155950	0.151593
156000	0.112522
156050	0.220109
156100	0.110357
156150	0.118717
156200	0.074510
156250	0.344118
156300	0.200227
156350	-0.098627
156400	0.229112
156450	0.234755
156500	0.080514
156550	0.158827
156600	0.032645
156650	0.067662
156700	-0.364911
156750	-0.334727
156800	-0.214749
156850	-0.147576
156900	0.174085
156950	0.291907
157000	0.137451
157050	-0.369908
157100	0.154017
157150	0.009146
157200	0.033816
157250	-0.052973
157300	0.113418
157350	0.019272
157400	0.119508
157450	0.185340
157500	-0.182952
157550	0.054764
157600	0.066967
157650	0.078200
157700	0.148723
157750	-0.132214
157800	0.047781
157850	-0.028994
157900	-0.137254
157950	-0.014293
158000	-0.107721
158050	-0.019665
158100	-0.047670
158150	-0.001673
158200	-0.082598
158250	-0.024845
158300	-0.015456
158350	0.057299
158400	0.139479
158450	-0.149581
158500	-0.057659
158550	0.126824
158600	0.099169
158650	-0.010221
158700	0.042124
158750	-0.102679
158800	-0.081787
158850	0.038370
158900	0.004319
158950	0.197434
159000	-0.217222
159050	-0.155137
159100	0.237018
159150	-0.091439
159200	0.013470
159250	-0.106006
159300	-0.133078
159350	0.037500
159400	-0.094281
159450	-0.066610
159500	0.030075
159550	0.059505
159600	0.095330
159650	0.018061
159700	-0.038596
159750	0.019932
159800	0.067595
159850	-0.049655
159900	-0.016874
159950	-0.007347
160000	-0.108613
160050	0.068368
160100	0.111150
160150	-0.018670
160200	-0.064872
160250	-0.091843
160300	0.182125
160350	-0.076460
160400	0.006040
160450	0.068484
160500	-0.120311
160550	0.106346
160600	-0.014954
160650	0.135684
160700	0.220351
160750	0.120053
160800	0.003185
160850	-0.080617
160900	0.024917
160950	0.132241
161000	0.264887
161050	0.053345
161100	0.108610
161150	0.068906
161200	-0.057101
161250	0.120657
161300	0.157275
161350	-0.065339
161400	-0.114733
161450	0.074449
161500	-0.014320
161550	0.172334
161600	-0.072748
161650	0.041855
161700	-0.245571
161750	-0.133710
161800	-0.145428
161850	0.064079
161900	-0.003193
161950	-0.050447
162000	-0.060275
162050	0.097117
162100	-0.052280
162150	-0.049281
162200	0.020797
162250	0.110697
162300	-0.159355
162350	-0.125970
162400	-0.213309
162450	-0.064709
162500	0.045024
162550	-0.023368
162600	-0.072927
162650	0.006241
162700	0.031430
162750	-0.206620
162800	0.058178
162850	0.021697
162900	0.167638
162950	-0.020603
163000	0.215156
163050	0.167302
163100	0.120250
163150	0.134776
163200	0.064938
163250	0.244185
163300	-0.010228
163350	0.207032
163400	-0.054990
163450	-0.065969
163500	0.064651
163550	0.070727
163600	0.075027
163650	0.090399
163700	-0.022382
163750	-0.145404
163800	-0.118676
163850	0.145143
163900	-0.063405
163950	0.123070
164000	-0.026594
164050	-0.158875
164100	0.056617
164150	-0.224858
164200	-0.253403
164250	-0.039639
164300	0.028877
164350	-0.049986
164400	-0.083531
164450	0.014729
164500	0.135933
164550	-0.261300
164600	-0.062501
164650	-0.157499
164700	0.076065
164750	0.205398
164800	0.015821
164850	-0.155626
164900	0.144471
164950	0.058748
165000	-0.045010
165050	-0.054367
165100	-0.036534
165150	-0.023954
165200	-0.177930
165250	-0.038787
165300	-0.065621
165350	0.036662
165400	-0.167196
165450	-0.082109
165500	-0.024809
165550	-0.031771
165600	-0.213497
165650	-0.096620
165700	0.028399
165750	-0.056810
165800	-0.061207
165850	-0.124522
165900	-0.056195
165950	-0.106946
166000	0.001266
166050	-0.123713
166100	-0.159734
166150	0.214162
166200	-0.101802
166250	0.247242
166300	0.106277
166350	0.041613
166400	-0.010780
166450	-0.040678
166500	-0.063794
166550	0.041590
166600	0.100657
166650	0.001233
166700	-0.088097
166750	0.162324
166800	0.145437
166850	-0.009789
166900	0.097932
166950	0.034875
167000	-0.035362
167050	-0.137835
167100	-0.040030
167150	0.121975
167200	-0.087511
167250	0.085717
167300	0.032898
167350	0.121498
167400	0.198085
167450	-0.106766
167500	0.133678
167550	0.116181
167600	-0.054812
167650	-0.067602
167700	0.099788
167750	-0.023039
167800	-0.131260
167850	-0.052833
167900	0.027210
167950	-0.074209
168000	0.040156
168050	0.090154
168100	0.116020
168150	0.098299
168200	0.002228
168250	-0.040850
168300	0.035168
168350	-0.026344
168400	-0.210487
168450	-0.258446
168500	0.056077
168550	0.124417
168600	0.250323
168650	-0.088913
168700	-0.109365
168750	-0.057631
168800	0.249487
168850	0.066645
168900	-0.022096
168950	-0.297579
169000	0.051243
169050	-0.057235
169100	0.073791
169150	-0.100618
169200	0.120814
169250	0.320404
169300	-0.147280
169350	-0.052587
169400	0.054425
169450	0.288763
169500	-0.188397
169550	-0.033611
169600	-0.086112
169650	-0.051895
169700	0.056947
169750	-0.136880
169800	-0.025332
169850	0.112363
169900	0.140735
169950	0.054952
170000	-0.105386
170050	0.131890
170100	-0.003550
170150	0.100843
170200	0.067384
170250	-0.039881
170300	-0.102997
170350	-0.084607
170400	0.061116
170450	0.033953
170500	0.083986
170550	0.166508
170600	0.146254
170650	0.047787
170700	0.161178
170750	0.133718
170800	0.055778
170850	0.034243
170900	-0.257644
170950	0.039868
171000	0.046922
171050	0.006497
171100	0.011741
171150	-0.204987
171200	0.094655
171250	0.098684
171300	0.167778
171350	-0.005952
171400	-0.015764
171450	0.304192
171500	-0.050142
171550	0.107767
171600	0.001954
171650	0.056851
171700	-0.039324
171750	0.146550
171800	-0.126046
171850	-0.038402
171900	0.079228
171950	-0.119596
172000	-0.239776
172050	-0.130092
172100	-0.024127
172150	-0.080383
172200	0.046872
172250	-0.052831
172300	-0.129080
172350	-0.162206
172400	-0.011918
172450	-0.216757
172500	0.126477
172550	0.007205
172600	0.061533
172650	-0.236673
172700	-0.042572
172750	-0.063636
172800	0.055022
172850	0.081655
172900	-0.050733
172950	-0.219090
173000	-0.061314
173050	-0.070239
173100	0.160077
173150	-0.171534
173200	-0.094691
173250	0.075145
173300	-0.127402
173350	0.042907
173400	-0.095180
173450	-0.233553
173500	-0.167685
173550	-0.130026
173600	0.084439
173650	0.346073
173700	-0.080762
173750	0.079404
173800	-0.267295
173850	-0.192704
173900	-0.141398
173950	-0.092317
174000	-0.017346
174050	-0.057440
174100	0.070392
174150	0.083645
174200	0.135613
174250	0.127704
174300	0.022733
174350	-0.158766
174400	-0.306695
174450	-0.186560
174500	-0.157125
174550	-0.153651
174600	0.021387
174650	-0.010647
174700	-0.182936
174750	0.057701
174800	0.079921
174850	-0.074186
174900	-0.067593
174950	-0.038919
175000	-0.157677
175050	0.161565
175100	-0.051972
175150	-0.178855
175200	-0.042418
175250	-0.156175
175300	0.107492
175350	-0.008068
175400	-0.079932
175450	0.162040
175500	0.153279
175550	-0.180854
175600	-0.173245
175650	-0.273323
175700	0.028996
175750	-0.080769
175800	-0.037851
175850	-0.131915
175900	-0.122708
175950	-0.019691
176000	0.088225
176050	-0.019377
176100	0.097029
176150	-0.016135
176200	-0.042211
176250	0.156256
176300	-0.088350
176350	-0.176385
176400	0.014328
176450	-0.015673
176500	0.066358
176550	-0.052738
176600	-0.190697
176650	0.100421
176700	-0.088895
176750	-0.116203
176800	-0.192527
176850	0.004631
176900	0.014712
176950	0.112725
177000	-0.075441
177050	-0.002065
177100	-0.116137
177150	-0.027366
177200	0.172193
177250	-0.093028
177300	0.025877
177350	-0.150268
177400	-0.011436
177450	0.151121
177500	-0.016758
177550	-0.192115
177600	-0.011642
177650	0.036962
177700	-0.117841
177750	0.149539
177800	0.008176
177850	0.004086
177900	-0.033206
177950	0.126057
178000	0.032558
178050	0.023115
178100	-0.201238
178150	0.046713
178200	0.001202
178250	-0.125950
178300	-0.098731
178350	0.032389
178400	-0.140171
178450	-0.305306
178500	-0.159367
178550	-0.028289
178600	-0.006268
178650	0.041112
178700	-0.001269
178750	-0.055213
178800	-0.244514
178850	-0.041948
178900	0.180260
178950	0.063022
179000	-0.092402
179050	-0.009240
179100	-0.152707
179150	-0.043716
179200	-0.111138
179250	-0.131850
179300	-0.042346
179350	0.081748
179400	0.165124
179450	0.101221
179500	-0.170394
179550	-0.232479
179600	-0.010715
179650	-0.162456
179700	0.029181
179750	0.034223
179800	-0.090246
179850	0.142981
179900	0.152979
179950	0.031060
180000	-0.046159
180050	-0.245248
180100	0.201143
180150	0.205671
180200	-0.061637
180250	-0.239063
180300	-0.029352
180350	-0.219433
180400	-0.097310
180450	-0.150782
180500	-0.086555
180550	-0.060123
180600	0.053604
180650	-0.066770
180700	0.130286
180750	0.108378
180800	-0.012853
180850	0.144775
180900	0.103244
180950	0.029141
181000	0.108176
181050	0.061781
181100	0.149489
181150	-0.030771
181200	-0.078060
181250	-0.018746
181300	-0.008416
181350	0.050312
181400	-0.019588
181450	-0.148404
181500	0.055069
181550	0.108662
181600	0.047991
181650	0.027705
181700	-0.196702
181750	0.026642
181800	-0.160669
181850	-0.041410
181900	0.061134
181950	-0.238508
182000	0.183206
182050	0.054104
182100	-0.094385
182150	-0.131165
182200	0.030122
182250	0.059450
182300	-0.201955
182350	-0.007969
182400	-0.191346
182450	-0.091230
182500	0.005134
182550	-0.066808
182600	0.003826
182650	-0.011412
182700	-0.196190
182750	-0.171843
182800	-0.079111
182850	0.208463
182900	0.058659
182950	0.079425
183000	0.106119
183050	0.003185
183100	0.181790
183150	0.039335
183200	-0.022145
183250	0.241736
183300	-0.168370
183350	-0.267721
183400	0.042946
183450	-0.042546
183500	-0.057046
183550	-0.197601
183600	0.153487
183650	-0.063293
183700	0.238492
183750	0.113939
183800	0.001173
183850	0.058031
183900	-0.014677
183950	-0.002991
184000	-0.064221
184050	-0.099538
184100	-0.161298
184150	0.072159
184200	0.112942
184250	0.076004
184300	0.062394
184350	-0.088341
184400	0.141484
184450	-0.285289
184500	-0.110851
184550	-0.036884
184600	-0.132741
184650	0.088914
184700	0.150198
184750	0.009904
184800	0.122199
184850	-0.053867
184900	-0.044547
184950	-0.117357
185000	0.093023
185050	0.242283
185100	0.169975
185150	0.107804
185200	-0.017599
185250	0.090821
185300	-0.090461
185350	-0.183841
185400	0.002669
185450	-0.089673
185500	-0.155670
185550	-0.268569
185600	-0.175853
185650	-0.075394
185700	0.198510
185750	-0.047548
185800	-0.010143
185850	-0.031971
185900	0.095770
185950	0.099308
186000	-0.102151
186050	0.116321
186100	-0.082305
186150	-0.083813
186200	-0.088017
186250	-0.121020
186300	-0.031536
186350	-0.071040
186400	-0.148818
186450	0.125754
186500	0.063730
186550	-0.057458
186600	-0.000703
186650	0.043265
186700	0.064816
186750	-0.099172
186800	0.144600
186850	-0.033331
186900	-0.136053
186950	0.006319
187000	-0.007687
187050	-0.052248
187100	-0.044432
187150	-0.082260
187200	-0.086177
187250	0.164629
187300	-0.113120
187350	-0.062043
187400	-0.040724
187450	-0.068336
187500	-0.111512
187550	-0.039649
187600	0.132708
187650	-0.228550
187700	-0.040749
187750	-0.016799
187800	-0.059140
187850	-0.276031
187900	-0.195716
187950	0.052693
188000	0.006350
188050	-0.030068
188100	-0.033788
188150	-0.224779
188200	-0.062781
188250	-0.076898
188300	-0.226046
188350	-0.165236
188400	-0.027054
188450	-0.162405
188500	-0.115235
188550	-0.196595
188600	-0.096489
188650	-0.022988
188700	-0.161735
188750	0.121147
188800	0.064763
188850	0.095735
188900	0.114993
188950	0.145616
189000	0.264379
189050	-0.001779
189100	0.105530
189150	0.187405
189200	0.211496
189250	0.077153
189300	0.111995
189350	0.098008
189400	-0.075304
189450	0.167365
189500	0.187908
189550	-0.081534
189600	0.025021
189650	0.051162
189700	-0.036621
189750	0.071509
189800	0.141419
189850	0.128647
189900	-0.047196
189950	-0.171809
190000	-0.102331
190050	0.045970
190100	-0.087160
190150	0.037993
190200	-0.081598
190250	-0.128497
190300	0.159130
190350	-0.118491
190400	0.111995
190450	-0.082020
190500	0.181231
190550	-0.028304
190600	-0.161271
190650	-0.029645
190700	0.105915
190750	-0.031983
190800	-0.056394
190850	-0.039439
190900	0.029836
190950	-0.030330
191000	-0.109193
191050	-0.197228
191100	-0.068714
191150	-0.006118
191200	-0.025514
191250	-0.096937
191300	0.053247
191350	0.097880
191400	0.070218
191450	0.149757
191500	-0.018295
191550	-0.052539
191600	-0.037284
191650	0.007593
191700	-0.137097
191750	-0.145107
191800	0.203940
191850	-0.075105
191900	0.138398
191950	-0.125905
192000	-0.135908
192050	-0.071510
192100	0.194902
192150	-0.133916
192200	0.131104
192250	-0.060837
192300	-0.063891
192350	0.098281
192400	-0.124342
192450	0.160857
192500	0.168858
192550	0.056640
192600	-0.021664
192650	-0.055592
192700	-0.129146
192750	0.038785
192800	0.077686
192850	-0.100838
192900	0.173559
192950	-0.069290
193000	-0.127174
193050	-0.016155
193100	0.137854
193150	0.155655
193200	-0.049238
193250	-0.027454
193300	0.100161
193350	-0.112359
193400	-0.243349
193450	-0.085656
193500	0.021471
193550	-0.094670
193600	-0.062789
193650	-0.106431
193700	-0.072424
193750	0.035692
193800	-0.231280
193850	-0.117372
193900	-0.040591
193950	-0.133470
194000	-0.000921
194050	-0.222756
194100	-0.017211
194150	-0.044089
194200	-0.073837
194250	0.030468
194300	0.138453
194350	0.011974
194400	0.146911
194450	0.003172
194500	0.054302
194550	0.067987
194600	-0.057588
194650	-0.079590
194700	0.019597
194750	-0.104047
194800	-0.025783
194850	0.186583
194900	-0.033120
194950	0.255070
195000	-0.193223
195050	0.121246
195100	0.089695
195150	-0.117446
195200	-0.102278
195250	-0.156982
195300	-0.006635
195350	0.002732
195400	-0.220603
195450	-0.155477
195500	0.139712
195550	-0.073338
195600	-0.187310
195650	-0.142766
195700	-0.085740
195750	0.068699
195800	-0.153545
195850	0.019852
195900	0.033305
195950	0.017198
196000	-0.065478
196050	0.114438
196100	-0.093421
196150	-0.081087
196200	-0.146541
196250	0.048022
196300	0.070862
196350	0.054699
196400	-0.056903
196450	-0.148661
196500	0.170726
196550	0.003796
196600	0.020575
196650	-0.152372
196700	0.040043
196750	0.217408
196800	-0.151310
196850	-0.126966
196900	-0.020128
196950	0.180876
197000	0.036657
197050	0.070823
197100	-0.148803
197150	-0.008680
197200	0.018949
197250	0.273303
197300	-0.043137
197350	-0.020874
197400	0.011454
197450	0.165231
197500	0.184056
197550	-0.205741
197600	-0.046131
197650	-0.100003
197700	0.069444
197750	0.302867
197800	-0.030789
197850	0.003731
197900	-0.136172
197950	-0.162930
198000	-0.080943
198050	0.070388
198100	-0.179498
198150	0.007482
198200	-0.224101
198250	-0.070871
198300	-0.086184
198350	-0.083324
198400	0.221623
198450	-0.050930
198500	-0.017200
198550	0.094036
198600	-0.400408
198650	-0.188811
198700	0.087114
198750	-0.058703
198800	0.120394
198850	-0.063615
198900	0.043589
198950	-0.235837
199000	0.026158
199050	0.011653
199100	0.020937
199150	-0.231101
199200	0.228118
199250	0.111120
199300	-0.128214
199350	-0.009693
199400	0.059760
199450	-0.055101
199500	0.093100
199550	-0.020066
199600	-0.142024
199650	0.030308
199700	0.178602
199750	0.002336
199800	0.117831
199850	-0.001983
199900	-0.008842
199950	0.037200
