0	40.434564
50	2.363168
100	0.625066
150	0.511981
200	0.245361
250	0.181482
300	0.382725
350	0.297078
400	0.242987
450	0.167474
500	0.065441
550	0.295991
600	0.336548
650	0.193162
700	0.075282
750	0.161213
800	0.037367
850	-0.011105
900	-0.070976
950	-0.059366
1000	0.063446
1050	0.151738
1100	0.008811
1150	0.055698
1200	-0.109504
1250	-0.062416
1300	-0.270246
1350	-0.215530
1400	0.065609
1450	-0.167042
1500	0.051797
1550	-0.049730
1600	0.155166
1650	0.109229
1700	-0.051658
1750	-0.206200
1800	-0.029899
1850	0.066598
1900	0.017913
1950	0.152255
2000	0.260124
2050	-0.056849
2100	0.086535
2150	0.226729
2200	0.202377
2250	0.063343
2300	0.212135
2350	-0.002421
2400	-0.075583
2450	-0.177333
2500	0.043271
2550	0.014727
2600	0.119311
2650	0.071609
2700	-0.002138
2750	0.072846
2800	0.109490
2850	0.006398
2900	0.018408
2950	0.245303
3000	0.105478
3050	-0.077478
3100	-0.018240
3150	0.151025
3200	0.312418
3250	0.230763
3300	0.068562
3350	0.024205
3400	-0.180908
3450	0.042182
3500	-0.002236
3550	-0.072057
3600	0.105816
3650	0.133983
3700	0.179800
3750	0.321053
3800	0.091303
3850	-0.027866
3900	-0.042328
3950	-0.009343
4000	0.143703
4050	-0.019866
4100	0.060979
4150	-0.026244
4200	-0.094447
4250	0.028767
4300	0.093575
4350	-0.070892
4400	0.174055
4450	-0.095598
4500	-0.019946
4550	0.005017
4600	-0.107649
4650	-0.167155
4700	-0.012096
4750	-0.215953
4800	-0.128644
4850	-0.099311
4900	-0.093328
4950	0.041312
5000	-0.096783
5050	-0.051617
5100	0.173793
5150	-0.035258
5200	-0.079677
5250	-0.060303
5300	-0.244860
5350	0.155567
5400	0.114505
5450	0.042852
5500	-0.073559
5550	-0.003419
5600	-0.000586
5650	-0.085670
5700	-0.086462
5750	-0.004774
5800	0.061832
5850	0.257842
5900	0.135046
5950	0.133782
6000	-0.148036
6050	0.151839
6100	0.131735
6150	0.103758
6200	0.192340
6250	-0.007221
6300	0.022390
6350	0.081728
6400	0.183059
6450	0.171408
6500	0.061723
6550	-0.102453
6600	-0.009960
6650	0.193105
6700	-0.070870
6750	0.093509
6800	-0.017914
6850	-0.003196
6900	-0.082685
6950	-0.073926
7000	-0.033821
7050	0.149009
7100	0.219778
7150	0.003345
7200	-0.011374
7250	0.058588
7300	0.029824
7350	0.163098
7400	-0.050563
7450	-0.219197
7500	-0.147379
7550	0.113742
7600	0.068139
7650	-0.088903
7700	-0.048999
7750	0.073236
7800	0.043209
7850	0.002062
7900	-0.013707
7950	-0.003439
8000	0.126951
8050	0.153005
8100	-0.019356
8150	-0.082151
8200	-0.103053
8250	0.193628
8300	0.006100
8350	-0.045352
8400	-0.100027
8450	-0.097390
8500	0.140345
8550	0.028843
8600	-0.055082
8650	-0.124271
8700	0.097394
8750	-0.152339
8800	0.161957
8850	0.028342
8900	0.119009
8950	0.042817
9000	-0.075167
9050	-0.119381
9100	-0.049272
9150	0.143499
9200	0.000342
9250	-0.033903
9300	0.067730
9350	0.025124
9400	0.050795
9450	0.018769
9500	-0.112878
9550	0.075849
9600	0.088933
9650	-0.113619
9700	0.014308
9750	0.118237
9800	-0.047298
9850	0.272721
9900	0.208272
9950	0.084733
10000	-0.036538
10050	-0.042043
10100	-0.183762
10150	0.051820
10200	-0.140838
10250	0.126778
10300	-0.085698
10350	-0.167972
10400	-0.036805
10450	-0.122231
10500	-0.078261
10550	0.196617
10600	0.030981
10650	0.143660
10700	0.003029
10750	0.080361
10800	0.180770
10850	0.011887
10900	0.090278
10950	-0.137364
11000	0.057109
11050	-0.089806
11100	0.146291
11150	-0.009978
11200	0.050852
11250	-0.129834
11300	0.051480
11350	-0.026228
11400	-0.081348
11450	0.201371
11500	0.049109
11550	0.158481
11600	0.014174
11650	0.088070
11700	0.037717
11750	0.078698
11800	-0.093796
11850	-0.058617
11900	0.085627
11950	-0.160534
12000	0.118743
12050	0.057512
12100	0.074382
12150	-0.158265
12200	0.001976
12250	-0.167862
12300	-0.002126
12350	0.096844
12400	-0.061603
12450	0.037414
12500	0.019960
12550	0.128548
12600	-0.034811
12650	-0.191091
12700	0.185369
12750	0.004317
12800	-0.075035
12850	-0.142527
12900	-0.200698
12950	0.134097
13000	0.060883
13050	0.148701
13100	0.091648
13150	0.153109
13200	-0.060456
13250	0.021400
13300	-0.033545
13350	0.107394
13400	0.106338
13450	0.176898
13500	-0.074043
13550	0.060294
13600	0.131178
13650	0.173634
13700	0.078976
13750	-0.019088
13800	0.143681
13850	0.152331
13900	0.064841
13950	-0.180847
14000	0.085327
14050	0.110529
14100	0.092252
14150	0.191660
14200	0.164731
14250	-0.182506
14300	0.192164
14350	0.047719
14400	0.247010
14450	0.070258
14500	0.002840
14550	-0.066370
14600	0.096172
14650	-0.435483
14700	-0.042880
14750	0.112556
14800	0.124711
14850	0.176998
14900	-0.032041
14950	0.126508
15000	0.095878
15050	0.029376
15100	0.057892
15150	0.107172
15200	0.225720
15250	-0.017170
15300	0.129559
15350	0.180301
15400	-0.094374
15450	-0.009846
15500	0.038806
15550	0.040245
15600	-0.013857
15650	0.140074
15700	-0.084159
15750	0.040031
15800	-0.074083
15850	0.074970
15900	-0.025747
15950	0.090057
16000	0.179967
16050	0.114295
16100	0.047931
16150	0.126992
16200	-0.049785
16250	-0.110884
16300	0.150530
16350	0.014109
16400	-0.083874
16450	0.054596
16500	0.261067
16550	0.187124
16600	0.061893
16650	0.097771
16700	0.078887
16750	-0.068279
16800	-0.048996
16850	-0.178117
16900	0.054293
16950	0.037482
17000	-0.034416
17050	0.078868
17100	0.046471
17150	0.127585
17200	0.104184
17250	0.100598
17300	-0.073118
17350	0.135641
17400	0.033249
17450	-0.171897
17500	0.015329
17550	0.028158
17600	-0.041897
17650	0.281697
17700	-0.080079
17750	0.163919
17800	0.055986
17850	-0.118763
17900	0.042479
17950	-0.026006
18000	0.043436
18050	0.144114
18100	0.200664
18150	-0.107422
18200	0.224370
18250	-0.073262
18300	0.007625
18350	-0.083067
18400	0.155200
18450	0.263302
18500	-0.010090
18550	0.001859
18600	-0.050545
18650	0.003069
18700	-0.144213
18750	0.007022
18800	-0.302643
18850	0.163912
18900	-0.033066
18950	0.065980
19000	0.124746
19050	0.031852
19100	-0.027725
19150	-0.008710
19200	0.151619
19250	0.128713
19300	0.070165
19350	-0.046784
19400	0.089377
19450	-0.179679
19500	-0.070684
19550	0.006829
19600	0.029941
19650	-0.219253
19700	0.051410
19750	0.006165
19800	-0.095820
19850	-0.096884
19900	-0.000627
19950	0.003441
20000	-0.004303
20050	-0.203236
20100	0.087621
20150	-0.125076
20200	-0.141567
20250	-0.109778
20300	-0.138728
20350	-0.234239
20400	0.138224
20450	-0.087365
20500	0.130865
20550	-0.005029
20600	0.019522
20650	-0.132134
20700	0.029249
20750	-0.068648
20800	-0.011698
20850	-0.006444
20900	-0.049967
20950	0.064626
21000	-0.063636
21050	-0.091713
21100	-0.130242
21150	-0.273480
21200	-0.194591
21250	-0.113308
21300	-0.057016
21350	0.130745
21400	0.073477
21450	0.119834
21500	-0.133734
21550	0.147532
21600	0.046409
21650	0.055785
21700	0.086705
21750	0.121735
21800	0.354989
21850	0.019870
21900	0.017094
21950	0.157916
22000	0.096622
22050	0.064058
22100	0.142032
22150	0.012871
22200	0.102748
22250	-0.053479
22300	-0.031026
22350	0.040225
22400	-0.047904
22450	0.011295
22500	0.136552
22550	0.068884
22600	-0.059910
22650	0.183659
22700	0.038132
22750	-0.093398
22800	-0.388697
22850	0.036065
22900	-0.213874
22950	-0.009026
23000	0.001957
23050	-0.028349
23100	0.155654
23150	0.100731
23200	-0.084412
23250	-0.195788
23300	0.064785
23350	0.247057
23400	-0.048466
23450	0.089005
23500	0.021656
23550	-0.196240
23600	-0.125635
23650	-0.024124
23700	-0.023272
23750	0.003841
23800	-0.154273
23850	0.022424
23900	-0.157466
23950	0.034558
24000	0.026009
24050	-0.215327
24100	0.171030
24150	-0.012662
24200	-0.125890
24250	-0.126022
24300	-0.265307
24350	-0.107605
24400	-0.199677
24450	0.031561
24500	0.081449
24550	-0.102643
24600	-0.103411
24650	-0.076556
24700	0.070732
24750	0.067196
24800	-0.184252
24850	-0.018564
24900	-0.119823
24950	-0.105528
25000	0.014972
25050	0.102300
25100	-0.008049
25150	0.127643
25200	0.012716
25250	-0.009114
25300	0.090795
25350	0.248003
25400	0.169515
25450	-0.175725
25500	-0.166646
25550	0.195380
25600	-0.007127
25650	-0.002933
25700	0.106396
25750	0.059720
25800	0.172359
25850	0.021220
25900	0.003889
25950	0.195843
26000	0.046136
26050	-0.056454
26100	0.076928
26150	0.096442
26200	-0.098107
26250	-0.071354
26300	-0.186431
26350	-0.124232
26400	0.002100
26450	-0.124054
26500	0.068223
26550	-0.034244
26600	-0.300370
26650	0.057514
26700	0.005490
26750	-0.083086
26800	-0.032085
26850	0.050447
26900	-0.015750
26950	-0.146108
27000	0.028852
27050	0.013298
27100	-0.188192
27150	-0.000465
27200	0.167122
27250	0.160282
27300	-0.092574
27350	0.054736
27400	0.031063
27450	0.107363
27500	-0.247889
27550	-0.040760
27600	0.104189
27650	0.225642
27700	0.017364
27750	0.174165
27800	0.072706
27850	0.073940
27900	-0.113438
27950	-0.177873
28000	0.157139
28050	0.411088
28100	0.051080
28150	0.086383
28200	-0.071574
28250	0.119348
28300	-0.045813
28350	0.019060
28400	-0.186650
28450	0.131526
28500	0.222383
28550	0.084917
28600	0.116914
28650	-0.003131
28700	0.241377
28750	-0.210253
28800	-0.044772
28850	-0.058606
28900	-0.136155
28950	-0.012622
29000	0.095034
29050	0.035154
29100	0.268139
29150	0.269879
29200	0.088003
29250	-0.066689
29300	0.080148
29350	0.042083
29400	-0.011473
29450	0.157886
29500	0.034634
29550	0.168045
29600	0.018640
29650	-0.169778
29700	-0.124320
29750	0.219605
29800	-0.076441
29850	0.132660
29900	0.122772
29950	-0.121429
30000	-0.023070
30050	0.093093
30100	0.051478
30150	-0.047957
30200	-0.133381
30250	0.059170
30300	-0.377242
30350	0.067156
30400	0.232084
30450	-0.042807
30500	0.043453
30550	0.075905
30600	0.019011
30650	-0.016347
30700	-0.130549
30750	-0.098623
30800	0.161324
30850	-0.019073
30900	0.117316
30950	0.118093
31000	-0.012103
31050	-0.143881
31100	0.085952
31150	0.078836
31200	-0.061784
31250	0.079956
31300	0.184758
31350	-0.060253
31400	-0.010854
31450	-0.049528
31500	0.120773
31550	0.049039
31600	0.029657
31650	0.046758
31700	0.078872
31750	-0.049279
31800	-0.216558
31850	0.049762
31900	0.265832
31950	-0.120739
32000	0.257621
32050	0.099413
32100	0.139792
32150	0.164824
32200	0.090025
32250	-0.190797
32300	-0.148420
32350	-0.017895
32400	0.028529
32450	0.217805
32500	-0.052231
32550	-0.024009
32600	0.078033
32650	-0.137189
32700	-0.103620
32750	0.008013
32800	0.006436
32850	0.024636
32900	0.034308
32950	0.153140
33000	0.104307
33050	-0.052166
33100	0.011030
33150	0.005889
33200	-0.036854
33250	-0.065454
33300	-0.028291
33350	-0.096795
33400	-0.064688
33450	0.074440
33500	-0.066605
33550	0.146332
33600	0.141405
33650	0.155524
33700	0.147643
33750	-0.117444
33800	-0.198999
33850	0.046501
33900	0.065201
33950	-0.045257
34000	0.230225
34050	-0.150526
34100	0.037326
34150	0.133335
34200	0.064741
34250	0.035419
34300	0.043117
34350	0.025140
34400	-0.083300
34450	0.090522
34500	0.088808
34550	0.101732
34600	0.071168
34650	-0.054700
34700	-0.070864
34750	0.040098
34800	-0.103625
34850	0.166251
34900	0.037470
34950	0.127895
35000	0.358045
35050	0.072412
35100	-0.115777
35150	-0.029364
35200	-0.011009
35250	0.159780
35300	0.027095
35350	-0.052034
35400	0.134035
35450	0.150076
35500	0.032051
35550	-0.055859
35600	-0.042179
35650	-0.185902
35700	-0.094106
35750	0.006685
35800	0.018697
35850	-0.089996
35900	-0.099320
35950	0.032376
36000	0.221745
36050	0.107886
36100	0.116408
36150	-0.023252
36200	-0.013565
36250	0.022792
36300	0.137229
36350	0.118999
36400	0.136556
36450	-0.064946
36500	0.035952
36550	0.015654
36600	0.047216
36650	-0.033805
36700	-0.163660
36750	-0.020242
36800	-0.107519
36850	-0.153145
36900	-0.010382
36950	-0.159717
37000	-0.123098
37050	0.119283
37100	-0.039065
37150	-0.034960
37200	0.262577
37250	0.085912
37300	0.147303
37350	-0.055858
37400	0.006245
37450	0.165696
37500	0.058737
37550	-0.074684
37600	-0.065943
37650	-0.032544
37700	0.034390
37750	-0.158107
37800	0.057792
37850	0.175456
37900	-0.071938
37950	-0.048240
38000	0.159901
38050	-0.088603
38100	0.073157
38150	-0.168448
38200	-0.162647
38250	0.061101
38300	-0.041497
38350	-0.021117
38400	-0.175659
38450	0.086218
38500	-0.168590
38550	-0.089376
38600	0.084002
38650	-0.098854
38700	0.096305
38750	-0.100927
38800	-0.236693
38850	-0.053764
38900	0.049753
38950	-0.028460
39000	-0.077575
39050	-0.153106
39100	0.031221
39150	0.075139
39200	0.008972
39250	0.121188
39300	0.047762
39350	-0.041197
39400	0.065692
39450	-0.039544
39500	-0.078561
39550	-0.099417
39600	0.097497
39650	0.002068
39700	0.044552
39750	0.120223
39800	0.226393
39850	0.039042
39900	-0.201261
39950	0.027716
40000	0.038711
40050	0.005775
40100	-0.081815
40150	-0.207036
40200	-0.149159
40250	0.039563
40300	0.208298
40350	0.120519
40400	-0.000165
40450	-0.073151
40500	-0.039060
40550	-0.082434
40600	-0.058855
40650	0.099639
40700	0.090850
40750	0.001013
40800	0.173998
40850	0.259108
40900	0.057180
40950	0.146893
41000	0.069701
41050	0.095330
41100	0.009606
41150	-0.198823
41200	0.045635
41250	-0.032521
41300	0.019120
41350	0.033073
41400	0.001319
41450	-0.086059
41500	-0.081346
41550	0.000933
41600	0.123148
41650	0.014884
41700	-0.038418
41750	0.062975
41800	-0.017500
41850	0.085972
41900	0.058255
41950	-0.004857
42000	-0.079715
42050	-0.069077
42100	0.122119
42150	-0.013000
42200	0.055241
42250	0.196217
42300	0.256016
42350	-0.101436
42400	-0.007087
42450	-0.133305
42500	-0.129564
42550	0.099760
42600	-0.054905
42650	0.134005
42700	0.086687
42750	0.065730
42800	-0.001048
42850	0.108630
42900	-0.031045
42950	-0.033612
43000	0.246203
43050	0.089179
43100	-0.018733
43150	0.170054
43200	0.036905
43250	-0.000992
43300	0.193123
43350	0.127378
43400	0.174981
43450	0.163676
43500	0.032209
43550	0.044051
43600	0.139523
43650	-0.109311
43700	0.215032
43750	0.000272
43800	-0.088050
43850	-0.067888
43900	-0.123734
43950	0.104582
44000	-0.013343
44050	-0.073075
44100	-0.013081
44150	0.083682
44200	-0.025975
44250	0.028067
44300	0.059002
44350	0.015340
44400	0.005459
44450	-0.010205
44500	-0.067811
44550	0.109396
44600	-0.048964
44650	0.071948
44700	-0.075260
44750	0.037095
44800	0.209072
44850	0.300419
44900	-0.029818
44950	0.072821
45000	-0.002700
45050	0.151713
45100	0.223282
45150	0.112664
45200	-0.070344
45250	-0.204874
45300	-0.025335
45350	-0.134348
45400	0.089276
45450	0.081608
45500	-0.295990
45550	-0.270044
45600	-0.214370
45650	-0.107074
45700	0.075611
45750	0.181154
45800	0.010761
45850	0.029644
45900	-0.353142
45950	-0.116327
46000	0.111982
46050	0.162252
46100	0.011238
46150	0.058390
46200	0.161254
46250	-0.038741
46300	0.016777
46350	0.165319
46400	0.205180
46450	-0.079624
46500	-0.125561
46550	0.106228
46600	-0.126013
46650	0.280767
46700	0.080742
46750	-0.069957
46800	0.070919
46850	0.092178
46900	0.085831
46950	-0.018610
47000	-0.137553
47050	-0.052947
47100	-0.094716
47150	0.141966
47200	-0.135239
47250	-0.359178
47300	-0.337361
47350	-0.051025
47400	-0.185670
47450	0.048190
47500	-0.080288
47550	0.036968
47600	-0.078578
47650	-0.056866
47700	0.149510
47750	-0.087161
47800	-0.180508
47850	-0.020141
47900	0.049177
47950	-0.265225
48000	-0.017597
48050	-0.128696
48100	-0.026539
48150	-0.056434
48200	-0.015685
48250	0.055559
48300	-0.011139
48350	0.093542
48400	0.001840
48450	0.119133
48500	-0.031888
48550	0.068980
48600	-0.135897
48650	0.071256
48700	-0.155328
48750	0.014230
48800	-0.112294
48850	-0.092613
48900	-0.009393
48950	0.006082
49000	0.104253
49050	0.254519
49100	-0.001910
49150	-0.081891
49200	-0.093791
49250	-0.083647
49300	-0.130384
49350	-0.105372
49400	-0.112621
49450	0.010269
49500	-0.110241
49550	0.031093
49600	-0.172171
49650	-0.060900
49700	-0.148583
49750	-0.224802
49800	-0.145647
49850	0.105859
49900	0.117821
49950	0.059972
50000	-0.226553
50050	0.089706
50100	0.107515
50150	0.195205
50200	0.021535
50250	-0.110496
50300	-0.080662
50350	-0.088438
50400	0.146989
50450	0.190298
50500	0.123824
50550	0.036532
50600	0.105390
50650	0.099683
50700	-0.100601
50750	-0.097260
50800	0.093843
50850	0.128603
50900	0.080097
50950	0.140093
51000	0.045514
51050	-0.004218
51100	0.063187
51150	0.130709
51200	0.135300
51250	-0.136047
51300	-0.078262
51350	-0.106620
51400	0.017654
51450	-0.137674
51500	0.028367
51550	0.099189
51600	-0.091349
51650	-0.178885
51700	-0.035177
51750	-0.018671
51800	0.207869
51850	-0.091846
51900	0.041459
51950	-0.217529
52000	0.014763
52050	0.129833
52100	-0.026479
52150	0.037032
52200	0.016393
52250	-0.026500
52300	-0.074500
52350	0.031986
52400	0.216042
52450	-0.096492
52500	-0.032444
52550	0.084580
52600	0.053936
52650	0.030667
52700	-0.089930
52750	-0.058660
52800	-0.170722
52850	-0.039201
52900	0.033556
52950	-0.236492
53000	-0.089355
53050	0.212908
53100	-0.041874
53150	0.065696
53200	-0.077083
53250	-0.026860
53300	-0.167865
53350	-0.045178
53400	0.037167
53450	-0.052770
53500	-0.247036
53550	0.147797
53600	0.025874
53650	-0.004125
53700	-0.087626
53750	0.261985
53800	0.083707
53850	0.007278
53900	-0.231826
53950	-0.052644
54000	0.090710
54050	0.030877
54100	0.031825
54150	0.079828
54200	0.104221
54250	-0.057170
54300	0.072974
54350	0.060814
54400	-0.101486
54450	0.136315
54500	-0.077594
54550	0.039412
54600	-0.137600
54650	0.072116
54700	-0.165055
54750	-0.031314
54800	0.033934
54850	0.242108
54900	-0.147028
54950	-0.296053
55000	0.002161
55050	-0.030813
55100	-0.117971
55150	-0.002545
55200	-0.067862
55250	0.188399
55300	-0.238791
55350	0.043533
55400	0.238047
55450	0.022662
55500	-0.001445
55550	-0.113604
55600	0.264473
55650	-0.012045
55700	0.254025
55750	-0.058420
55800	0.085008
55850	0.214907
55900	0.144180
55950	0.057464
56000	-0.020404
56050	0.041684
56100	0.009313
56150	-0.095951
56200	0.010009
56250	0.300099
56300	0.165084
56350	-0.189528
56400	0.109048
56450	-0.017189
56500	0.214212
56550	0.007080
56600	0.082737
56650	-0.018227
56700	0.040688
56750	-0.130201
56800	-0.089090
56850	-0.022318
56900	-0.036209
56950	0.251980
57000	0.243637
57050	-0.225623
57100	-0.006648
57150	-0.193390
57200	0.141650
57250	0.152156
57300	0.063354
57350	0.056908
57400	-0.288315
57450	0.007092
57500	0.046693
57550	-0.084253
57600	-0.268255
57650	-0.078946
57700	-0.070768
57750	0.131452
57800	0.033583
57850	-0.107144
57900	-0.024986
57950	-0.009906
58000	-0.079085
58050	0.070978
58100	0.075870
58150	0.207401
58200	0.145095
58250	0.257883
58300	0.134450
58350	-0.016253
58400	-0.126939
58450	-0.020171
58500	0.091562
58550	0.030266
58600	-0.129140
58650	-0.036844
58700	0.040098
58750	-0.232637
58800	0.061602
58850	0.121135
58900	0.041507
58950	-0.068889
59000	0.042207
59050	-0.026920
59100	0.198649
59150	0.013397
59200	-0.098926
59250	-0.125889
59300	-0.132635
59350	-0.012461
59400	-0.024041
59450	-0.080193
59500	0.021665
59550	-0.110610
59600	0.001058
59650	-0.107167
59700	-0.189232
59750	-0.099070
59800	-0.117337
59850	-0.191778
59900	0.001471
59950	-0.097912
60000	-0.066521
60050	-0.329112
60100	-0.053987
60150	0.146621
60200	-0.058428
60250	-0.132378
60300	0.124379
60350	-0.095143
60400	0.208371
60450	-0.230072
60500	-0.039120
60550	0.079964
60600	-0.278999
60650	-0.045870
60700	0.041306
60750	0.048968
60800	0.012524
60850	-0.130868
60900	-0.027347
60950	0.089584
61000	-0.012077
61050	0.103865
61100	0.097103
61150	0.194686
61200	-0.136588
61250	-0.033059
61300	-0.086781
61350	-0.005194
61400	-0.132340
61450	0.010774
61500	0.216455
61550	0.005129
61600	-0.104034
61650	0.070944
61700	-0.043760
61750	0.175053
61800	0.028170
61850	-0.262164
61900	-0.122196
61950	0.163063
62000	0.045047
62050	-0.001133
62100	0.076169
62150	0.030469
62200	-0.062783
62250	-0.080995
62300	0.023103
62350	0.148803
62400	0.132060
62450	-0.161356
62500	0.093556
62550	0.169740
62600	0.320725
62650	0.221295
62700	0.317357
62750	0.098906
62800	-0.077674
62850	0.023902
62900	-0.181168
62950	0.023464
63000	-0.032541
63050	-0.125744
63100	0.037702
63150	0.086065
63200	0.211354
63250	-0.179215
63300	0.029822
63350	-0.160603
63400	-0.045036
63450	0.001779
63500	0.109183
63550	-0.095996
63600	-0.082058
63650	0.019329
63700	-0.011217
63750	0.057584
63800	-0.189842
63850	-0.145382
63900	-0.147773
63950	-0.073567
64000	0.096567
64050	0.052383
64100	0.149522
64150	0.068725
64200	0.006182
64250	-0.039096
64300	0.027953
64350	-0.126130
64400	-0.110222
64450	0.152997
64500	0.170884
64550	0.301493
64600	0.049029
64650	0.056510
64700	0.022719
64750	0.062987
64800	0.106711
64850	-0.019952
64900	-0.055344
64950	0.179172
65000	0.161791
65050	0.127460
65100	0.096081
65150	0.152578
65200	-0.119204
65250	0.130405
65300	0.114804
65350	0.077416
65400	0.123287
65450	-0.005996
65500	0.116124
65550	-0.031918
65600	-0.102071
65650	0.025060
65700	-0.049074
65750	0.222328
65800	-0.180657
65850	-0.117734
65900	0.018234
65950	0.009892
66000	-0.144986
66050	0.116335
66100	0.097893
66150	-0.026558
66200	-0.088334
66250	0.055779
66300	-0.117311
66350	0.166151
66400	0.017076
66450	-0.014629
66500	-0.013022
66550	-0.002413
66600	0.088408
66650	-0.174183
66700	-0.110395
66750	0.116997
66800	0.143030
66850	0.080791
66900	0.130322
66950	0.041677
67000	-0.053194
67050	-0.006611
67100	-0.034179
67150	0.146704
67200	-0.025860
67250	-0.072545
67300	-0.237226
67350	-0.175630
67400	0.096008
67450	-0.051224
67500	0.079134
67550	-0.079492
67600	-0.050145
67650	-0.082784
67700	-0.062780
67750	0.023043
67800	-0.084248
67850	-0.163637
67900	0.282207
67950	0.062350
68000	0.073621
68050	-0.081939
68100	-0.107808
68150	0.279660
68200	-0.034464
68250	0.048984
68300	0.083483
68350	0.148871
68400	0.109662
68450	0.093982
68500	-0.073039
68550	0.057077
68600	0.081707
68650	-0.213818
68700	0.127391
68750	0.054800
68800	0.241871
68850	-0.016091
68900	0.019230
68950	-0.087885
69000	-0.014702
69050	-0.239800
69100	-0.114692
69150	-0.025692
69200	0.237208
69250	0.178143
69300	0.041752
69350	0.041422
69400	-0.178124
69450	-0.187456
69500	-0.076815
69550	0.099480
69600	0.018031
69650	-0.031049
69700	-0.315120
69750	-0.173370
69800	0.018246
69850	-0.048282
69900	0.064052
69950	0.073465
70000	0.089485
70050	0.097610
70100	0.085657
70150	0.100233
70200	0.310718
70250	0.065683
70300	0.068502
70350	-0.026752
70400	-0.059672
70450	-0.140140
70500	-0.173942
70550	0.026513
70600	0.031298
70650	0.070799
70700	0.177114
70750	0.095993
70800	0.034074
70850	-0.120102
70900	0.138442
70950	-0.109787
71000	0.171660
71050	-0.028390
71100	0.061774
71150	0.092310
71200	0.044325
71250	-0.035404
71300	-0.290638
71350	-0.073977
71400	-0.114411
71450	0.008837
71500	0.041103
71550	0.002393
71600	0.094421
71650	0.131969
71700	0.051704
71750	0.057362
71800	-0.037354
71850	0.157699
71900	-0.050803
71950	-0.156388
72000	0.039727
72050	0.062352
72100	0.023220
72150	0.039189
72200	0.089440
72250	-0.093379
72300	0.159672
72350	-0.064587
72400	0.194606
72450	0.164031
72500	0.074132
72550	0.075429
72600	-0.110305
72650	-0.003409
72700	0.160467
72750	0.239219
72800	-0.076554
72850	0.007710
72900	0.216403
72950	0.163900
73000	0.005471
73050	-0.208040
73100	-0.076167
73150	-0.065565
73200	-0.035865
73250	-0.007385
73300	-0.043744
73350	0.001837
73400	-0.007583
73450	0.065910
73500	0.040313
73550	-0.107089
73600	-0.014946
73650	0.086909
73700	-0.010751
73750	0.208463
73800	0.157164
73850	-0.008340
73900	0.022155
73950	-0.081618
74000	0.150118
74050	-0.091344
74100	-0.204873
74150	-0.073816
74200	0.164221
74250	-0.037314
74300	-0.127944
74350	0.035938
74400	-0.032679
74450	-0.070644
74500	0.015265
74550	-0.219366
74600	-0.187683
74650	-0.083477
74700	0.189909
74750	-0.000339
74800	0.106955
74850	0.053762
74900	-0.008592
74950	0.133596
75000	0.156207
75050	0.084364
75100	0.020296
75150	0.038011
75200	-0.082961
75250	0.007602
75300	-0.125194
75350	-0.065895
75400	0.016058
75450	0.035871
75500	-0.167706
75550	-0.137761
75600	-0.180780
75650	0.092267
75700	0.115812
75750	-0.066934
75800	0.069838
75850	-0.023269
75900	0.025387
75950	0.037028
76000	0.122381
76050	-0.277757
76100	0.099868
76150	0.222333
76200	0.045550
76250	0.137785
76300	0.071943
76350	-0.186234
76400	-0.233412
76450	-0.015988
76500	-0.006478
76550	-0.104937
76600	-0.068749
76650	0.084550
76700	0.251554
76750	-0.137134
76800	-0.030001
76850	0.044480
76900	-0.186777
76950	-0.234107
77000	-0.067479
77050	-0.056955
77100	0.131358
77150	0.155178
77200	-0.118910
77250	-0.082370
77300	-0.107152
77350	-0.154859
77400	-0.073714
77450	0.102697
77500	-0.076802
77550	-0.089623
77600	-0.032329
77650	-0.246706
77700	0.015229
77750	-0.043099
77800	-0.147205
77850	-0.102555
77900	-0.011590
77950	-0.181520
78000	0.015173
78050	-0.071698
78100	-0.061097
78150	-0.203023
78200	0.033004
78250	-0.010782
78300	0.194244
78350	0.147787
78400	-0.081629
78450	-0.080465
78500	-0.094346
78550	0.027691
78600	0.024714
78650	0.089950
78700	0.238121
78750	-0.011108
78800	0.002118
78850	-0.052277
78900	0.066373
78950	-0.053050
79000	0.007845
79050	-0.116220
79100	-0.065200
79150	0.008180
79200	-0.138851
79250	0.010445
79300	0.181566
79350	0.032162
79400	0.040996
79450	-0.123780
79500	-0.066928
79550	0.009996
79600	0.067785
79650	0.024154
79700	0.325965
79750	0.004945
79800	0.134997
79850	0.123517
79900	0.016404
79950	0.064543
80000	-0.061138
80050	0.154635
80100	0.057145
80150	0.058082
80200	0.233326
80250	-0.111378
80300	0.046646
80350	0.055666
80400	-0.169314
80450	0.014428
80500	0.172019
80550	-0.057732
80600	0.003267
80650	0.032774
80700	-0.038303
80750	0.119361
80800	0.092197
80850	0.015189
80900	-0.071055
80950	0.178877
81000	-0.010631
81050	-0.099376
81100	-0.126744
81150	-0.100278
81200	-0.000486
81250	-0.027541
81300	-0.024118
81350	0.060724
81400	0.108678
81450	-0.038385
81500	-0.050325
81550	-0.000095
81600	-0.037554
81650	-0.052080
81700	0.030267
81750	-0.056148
81800	0.147769
81850	0.005450
81900	-0.002384
81950	-0.008009
82000	0.077126
82050	0.109301
82100	0.086078
82150	0.094910
82200	-0.107318
82250	0.120485
82300	-0.024471
82350	0.139044
82400	-0.052925
82450	0.067354
82500	-0.026365
82550	-0.029773
82600	-0.029539
82650	0.058448
82700	-0.208669
82750	0.066851
82800	-0.271067
82850	-0.130612
82900	-0.058073
82950	0.074596
83000	0.225398
83050	-0.080835
83100	-0.191988
83150	-0.025270
83200	-0.126390
83250	0.119822
83300	0.123770
83350	-0.210624
83400	-0.038134
83450	-0.062486
83500	0.002063
83550	-0.003972
83600	0.365906
83650	0.130264
83700	-0.045993
83750	-0.062590
83800	-0.044593
83850	-0.107350
83900	-0.128039
83950	-0.211820
84000	-0.050417
84050	-0.177953
84100	-0.021731
84150	-0.034964
84200	-0.159594
84250	-0.013082
84300	0.013235
84350	0.222562
84400	0.107748
84450	-0.012225
84500	0.269206
84550	-0.100180
84600	-0.087956
84650	-0.105287
84700	0.076654
84750	0.199218
84800	0.076471
84850	-0.024367
84900	0.158679
84950	0.131962
85000	0.053229
85050	0.135622
85100	0.126884
85150	-0.080588
85200	0.096617
85250	-0.029750
85300	-0.113264
85350	-0.049583
85400	0.007610
85450	0.159032
85500	0.077311
85550	0.187594
85600	0.209555
85650	0.120520
85700	-0.068945
85750	-0.023908
85800	0.251676
85850	-0.121368
85900	-0.071890
85950	0.032803
86000	0.028849
86050	0.020841
86100	0.032190
86150	0.035103
86200	0.003786
86250	0.039272
86300	0.037054
86350	0.167113
86400	0.120750
86450	0.049526
86500	-0.191372
86550	-0.168386
86600	-0.061386
86650	-0.186923
86700	-0.070409
86750	0.085071
86800	0.090674
86850	-0.013562
86900	-0.115748
86950	0.054002
87000	-0.012654
87050	-0.018433
87100	-0.045376
87150	0.045213
87200	0.132189
87250	-0.154872
87300	0.052815
87350	0.003373
87400	-0.011955
87450	-0.286179
87500	-0.023848
87550	-0.004671
87600	-0.048222
87650	-0.160643
87700	-0.136695
87750	0.189337
87800	-0.099554
87850	0.152583
87900	0.058474
87950	-0.106143
88000	0.107576
88050	-0.206874
88100	0.183721
88150	0.211683
88200	0.087570
88250	-0.170093
88300	0.015591
88350	-0.205735
88400	0.105403
88450	-0.330836
88500	-0.105054
88550	0.196481
88600	0.306524
88650	0.054466
88700	0.097471
88750	0.134676
88800	0.181513
88850	-0.001150
88900	0.159390
88950	-0.069626
89000	0.044915
89050	-0.105144
89100	-0.014962
89150	-0.125715
89200	-0.036584
89250	-0.004255
89300	-0.038384
89350	0.110537
89400	0.142034
89450	0.062538
89500	0.172705
89550	-0.147040
89600	-0.053722
89650	0.096125
89700	0.095344
89750	-0.088096
89800	-0.042332
89850	0.190054
89900	0.015992
89950	-0.112333
90000	0.028443
90050	0.022947
90100	0.087890
90150	0.146433
90200	-0.077890
90250	0.068889
90300	0.023580
90350	-0.153444
90400	0.048532
90450	0.098672
90500	0.181259
90550	0.055017
90600	-0.166777
90650	-0.032027
90700	-0.164029
90750	-0.017213
90800	-0.037374
90850	0.024271
90900	-0.161506
90950	-0.021344
91000	0.069982
91050	-0.180041
91100	-0.157452
91150	0.045047
91200	-0.070324
91250	0.011097
91300	-0.214484
91350	-0.367971
91400	-0.177190
91450	-0.030789
91500	-0.045886
91550	-0.166651
91600	-0.047513
91650	0.006397
91700	0.084273
91750	0.079044
91800	0.126579
91850	0.017786
91900	-0.063544
91950	-0.169131
92000	-0.125585
92050	-0.056926
92100	-0.006886
92150	-0.205893
92200	-0.090607
92250	-0.087932
92300	0.084119
92350	0.111716
92400	-0.016299
92450	0.065424
92500	-0.137896
92550	0.057223
92600	-0.009859
92650	-0.105057
92700	-0.074460
92750	0.021127
92800	-0.167998
92850	-0.166508
92900	-0.084307
92950	-0.183158
93000	-0.179832
93050	0.127181
93100	0.083007
93150	0.042374
93200	-0.086572
93250	0.051965
93300	-0.080915
93350	-0.224330
93400	-0.000997
93450	0.104757
93500	0.203561
93550	0.004883
93600	-0.197456
93650	-0.038564
93700	0.013207
93750	0.020359
93800	0.099717
93850	-0.076569
93900	-0.181579
93950	0.120005
94000	-0.158489
94050	-0.202369
94100	0.181017
94150	0.069797
94200	-0.088064
94250	0.052142
94300	0.087835
94350	-0.029634
94400	-0.150888
94450	-0.160737
94500	0.153496
94550	0.182088
94600	0.040109
94650	0.053969
94700	0.164315
94750	0.097748
94800	0.006142
94850	-0.124493
94900	0.158821
94950	-0.001733
95000	0.060875
95050	-0.083809
95100	0.191862
95150	0.089282
95200	0.018096
95250	0.114299
95300	0.026762
95350	-0.081118
95400	0.163794
95450	-0.095259
95500	-0.046945
95550	-0.096391
95600	-0.017183
95650	-0.029759
95700	0.220469
95750	0.061348
95800	-0.176753
95850	-0.135516
95900	-0.028113
95950	0.115783
96000	0.042521
96050	0.033419
96100	-0.063079
96150	-0.112359
96200	-0.120393
96250	-0.006988
96300	0.042496
96350	-0.177636
96400	0.102969
96450	0.117379
96500	0.231202
96550	0.014964
96600	0.044764
96650	-0.006716
96700	-0.004444
96750	0.212757
96800	-0.123111
96850	0.197811
96900	-0.088413
96950	0.023187
97000	0.011710
97050	0.021812
97100	0.042892
97150	-0.000747
97200	0.232018
97250	0.302506
97300	0.078332
97350	0.080121
97400	0.004388
97450	0.019430
97500	0.115373
97550	-0.032802
97600	-0.028877
97650	0.028343
97700	-0.048284
97750	-0.087889
97800	-0.147940
97850	0.100310
97900	0.109681
97950	0.110078
98000	0.220952
98050	-0.073229
98100	-0.055173
98150	-0.068566
98200	-0.223070
98250	0.055865
98300	0.188389
98350	-0.060288
98400	0.009014
98450	0.014927
98500	0.172690
98550	0.082157
98600	-0.049009
98650	-0.157718
98700	-0.148931
98750	0.197420
98800	0.049869
98850	0.101652
98900	-0.092861
98950	0.199563
99000	-0.242868
99050	0.044664
99100	0.149207
99150	0.200539
99200	0.172613
99250	0.114785
99300	0.001072
99350	0.242567
99400	0.126637
99450	-0.233151
99500	-0.097047
99550	0.032503
99600	0.267243
99650	0.122289
99700	-0.058380
99750	0.110289
99800	0.123684
99850	0.085507
99900	0.144930
99950	-0.094907
100000	0.079206
100050	-0.084403
100100	-0.059727
100150	-0.114284
100200	0.188114
100250	-0.018709
100300	0.022758
100350	-0.124326
100400	-0.012030
100450	-0.126555
100500	-0.078822
100550	-0.047681
100600	-0.118177
100650	0.126052
100700	0.057950
100750	0.035861
100800	-0.041665
100850	0.041933
100900	0.088970
100950	0.231149
101000	0.036610
101050	0.070129
101100	0.214235
101150	-0.071401
101200	0.041161
101250	0.014983
101300	-0.120251
101350	0.091142
101400	-0.182627
101450	-0.112314
101500	0.000499
101550	-0.021258
101600	0.062983
101650	0.051641
101700	-0.024292
101750	0.146448
101800	0.041304
101850	-0.049427
101900	-0.173668
101950	-0.054955
102000	-0.133072
102050	-0.016864
102100	0.085072
102150	-0.146889
102200	0.074407
102250	0.256068
102300	0.054026
102350	-0.044190
102400	-0.127315
102450	-0.040736
102500	0.029400
102550	0.091569
102600	-0.086728
102650	0.154056
102700	0.153242
102750	-0.131625
102800	0.107417
102850	-0.032300
102900	0.185576
102950	0.146496
103000	0.125081
103050	0.059130
103100	0.036877
103150	0.242980
103200	0.211382
103250	0.042260
103300	-0.028564
103350	-0.136081
103400	0.070944
103450	-0.106811
103500	-0.042396
103550	-0.305344
103600	-0.008400
103650	-0.022029
103700	-0.129343
103750	-0.136835
103800	-0.046201
103850	-0.092983
103900	0.027920
103950	0.032729
104000	-0.045279
104050	0.137465
104100	-0.045458
104150	-0.110966
104200	-0.104175
104250	0.151581
104300	0.146432
104350	-0.064812
104400	-0.185291
104450	-0.112948
104500	0.013888
104550	-0.095845
104600	-0.232224
104650	-0.067741
104700	0.171971
104750	0.035649
104800	-0.114252
104850	0.096594
104900	-0.184789
104950	-0.085252
105000	-0.146083
105050	-0.015293
105100	0.093153
105150	0.032815
105200	0.188044
105250	0.034463
105300	-0.043401
105350	-0.036569
105400	0.126264
105450	0.147752
105500	0.108245
105550	0.048579
105600	-0.124942
105650	0.237258
105700	0.166148
105750	-0.097746
105800	0.024801
105850	0.014134
105900	-0.199846
105950	0.101443
106000	-0.014356
106050	0.013031
106100	-0.003964
106150	0.315352
106200	0.268399
106250	-0.006802
106300	0.072298
106350	0.215786
106400	-0.210587
106450	-0.085568
106500	0.077167
106550	-0.154423
106600	-0.130759
106650	-0.104991
106700	-0.189855
106750	-0.243553
106800	-0.069648
106850	-0.091162
106900	0.029183
106950	-0.028745
107000	0.102821
107050	-0.112285
107100	0.199150
107150	0.012952
107200	0.059283
107250	0.008345
107300	0.361635
107350	-0.045315
107400	0.112431
107450	-0.074631
107500	-0.057072
107550	-0.105046
107600	0.195760
107650	-0.004330
107700	-0.135233
107750	0.032626
107800	0.128951
107850	-0.131757
107900	0.099925
107950	-0.106335
108000	-0.055583
108050	0.179281
108100	-0.051130
108150	-0.096988
108200	-0.060931
108250	-0.098722
108300	-0.066675
108350	0.045788
108400	-0.079486
108450	-0.000626
108500	0.019962
108550	-0.120459
108600	0.042178
108650	0.136932
108700	-0.149316
108750	-0.068370
108800	0.065175
108850	-0.021952
108900	-0.081854
108950	0.013111
109000	-0.042407
109050	0.130993
109100	0.093030
109150	0.040805
109200	-0.218389
109250	-0.093294
109300	-0.099403
109350	0.079771
109400	0.085841
109450	0.077241
109500	-0.098114
109550	-0.122894
109600	-0.108883
109650	0.124603
109700	0.158729
109750	-0.182694
109800	-0.054712
109850	0.111402
109900	0.173438
109950	-0.031054
110000	0.233152
110050	-0.044959
110100	0.040992
110150	0.120299
110200	-0.060568
110250	-0.010486
110300	0.058248
110350	0.190836
110400	0.196171
110450	-0.161248
110500	-0.021017
110550	-0.072433
110600	-0.034854
110650	-0.076403
110700	-0.088907
110750	-0.012828
110800	0.096468
110850	0.005351
110900	0.098642
110950	0.201280
111000	-0.020445
111050	0.179978
111100	-0.080347
111150	-0.003302
111200	-0.135100
111250	-0.188153
111300	-0.003522
111350	-0.090202
111400	0.047943
111450	0.124421
111500	-0.114334
111550	-0.159380
111600	-0.032637
111650	0.021296
111700	0.035696
111750	-0.138663
111800	-0.058073
111850	0.070966
111900	-0.072123
111950	0.068090
112000	0.016587
112050	-0.138964
112100	-0.084962
112150	0.026722
112200	0.045502
112250	0.200556
112300	0.244496
112350	-0.131228
112400	-0.023311
112450	-0.088293
112500	-0.023690
112550	0.250130
112600	0.034558
112650	0.024373
112700	0.105342
112750	0.257736
112800	-0.025887
112850	-0.079419
112900	0.061851
112950	-0.122912
113000	-0.050159
113050	0.107456
113100	-0.111446
113150	-0.043358
113200	0.022770
113250	0.040374
113300	-0.146593
113350	0.151356
113400	-0.243213
113450	-0.021932
113500	-0.053739
113550	0.038562
113600	-0.010256
113650	0.105432
113700	-0.215209
113750	-0.139218
113800	-0.183113
113850	0.112419
113900	0.192603
113950	0.046095
114000	0.182558
114050	0.122635
114100	-0.036896
114150	0.005333
114200	-0.037729
114250	0.053645
114300	-0.020961
114350	-0.105177
114400	-0.083209
114450	-0.065801
114500	0.097410
114550	0.140153
114600	0.056043
114650	-0.089172
114700	-0.084357
114750	-0.144384
114800	-0.098608
114850	0.064048
114900	-0.118028
114950	0.172648
115000	-0.010905
115050	0.012216
115100	-0.123806
115150	0.088772
115200	0.095392
115250	0.084408
115300	0.138179
115350	0.078826
115400	0.186533
115450	-0.120970
115500	0.156362
115550	0.174385
115600	0.027456
115650	0.004980
115700	-0.004170
115750	-0.205453
115800	0.273137
115850	0.177604
115900	0.156499
115950	0.107505
116000	0.035829
116050	0.108048
116100	-0.133093
116150	-0.192690
116200	-0.016290
116250	0.012707
116300	-0.072107
116350	0.105773
116400	0.005766
116450	-0.005837
116500	-0.146482
116550	0.039326
116600	-0.239619
116650	-0.356924
116700	-0.177305
116750	0.016741
116800	-0.038102
116850	-0.151602
116900	0.109919
116950	-0.079619
117000	0.003653
117050	-0.061107
117100	0.047893
117150	-0.011167
117200	-0.053046
117250	0.033947
117300	0.188601
117350	0.165103
117400	-0.066509
117450	-0.039831
117500	-0.111963
117550	0.113212
117600	-0.058522
117650	-0.035262
117700	-0.019784
117750	0.004209
117800	-0.141445
117850	-0.036534
117900	0.087173
117950	0.185404
118000	0.081712
118050	-0.106289
118100	-0.179200
118150	-0.056168
118200	-0.056771
118250	-0.137819
118300	-0.012705
118350	0.001531
118400	-0.130192
118450	0.118713
118500	-0.101456
118550	0.243088
118600	-0.078582
118650	-0.018017
118700	0.082632
118750	0.144451
118800	0.203149
118850	0.159798
118900	-0.098432
118950	0.010371
119000	-0.067392
119050	-0.099731
119100	-0.034598
119150	0.043092
119200	0.062842
119250	0.153792
119300	0.300923
119350	-0.058046
119400	-0.116153
119450	-0.156640
119500	0.074347
119550	-0.164748
119600	0.144781
119650	0.072875
119700	0.074072
119750	-0.176614
119800	0.024720
119850	0.102086
119900	-0.064542
119950	0.086551
120000	-0.055461
120050	0.114383
120100	-0.046406
120150	0.027495
120200	0.005915
120250	0.046689
120300	0.047172
120350	0.057519
120400	-0.056063
120450	-0.016167
120500	-0.225361
120550	0.072881
120600	0.126491
120650	0.050571
120700	-0.073796
120750	-0.072628
120800	-0.057619
120850	-0.032739
120900	0.249082
120950	0.074219
121000	0.127260
121050	-0.152176
121100	0.148742
121150	-0.001349
121200	0.011480
121250	0.057527
121300	0.054614
121350	0.117770
121400	0.128782
121450	0.242376
121500	-0.055180
121550	0.014503
121600	0.092754
121650	0.018319
121700	-0.008108
121750	-0.008676
121800	-0.135173
121850	0.002045
121900	0.034688
121950	0.073881
122000	0.190447
122050	-0.032381
122100	-0.120314
122150	0.114617
122200	0.052408
122250	0.184682
122300	-0.150859
122350	0.013461
122400	0.226709
122450	0.308574
122500	0.047286
122550	0.259736
122600	-0.052939
122650	-0.227424
122700	-0.096428
122750	0.189266
122800	0.050976
122850	-0.054315
122900	0.039833
122950	-0.219861
123000	0.062656
123050	0.009865
123100	-0.198403
123150	0.074151
123200	-0.016454
123250	-0.240151
123300	-0.063201
123350	-0.047138
123400	0.015753
123450	0.099423
123500	0.003473
123550	-0.076739
123600	0.110689
123650	-0.099477
123700	-0.022213
123750	-0.030861
123800	-0.030290
123850	-0.060392
123900	0.115886
123950	-0.166043
124000	-0.038175
124050	-0.086052
124100	-0.004231
124150	0.051920
124200	0.000276
124250	-0.007319
124300	0.194040
124350	-0.008095
124400	0.154601
124450	-0.027435
124500	0.006088
124550	0.211231
124600	0.130106
124650	-0.130595
124700	-0.075336
124750	-0.035618
124800	-0.224620
124850	0.145038
124900	0.030056
124950	-0.036547
125000	0.061091
125050	0.075874
125100	0.163346
125150	0.030352
125200	0.152122
125250	-0.036518
125300	-0.089920
125350	0.086349
125400	-0.090228
125450	0.085971
125500	0.147630
125550	0.020487
125600	-0.059489
125650	-0.103585
125700	0.073900
125750	-0.192642
125800	-0.072930
125850	-0.036830
125900	-0.070206
125950	0.031010
126000	0.085634
126050	-0.075474
126100	0.039162
126150	-0.268736
126200	-0.192359
126250	0.024479
126300	-0.063133
126350	-0.020573
126400	0.107931
126450	0.037357
126500	-0.006882
126550	-0.150136
126600	0.075507
126650	-0.109149
126700	-0.017551
126750	-0.063217
126800	-0.280700
126850	-0.089600
126900	-0.171322
126950	-0.018596
127000	0.068272
127050	0.165150
127100	0.135714
127150	-0.166413
127200	-0.027017
127250	-0.050772
127300	0.066417
127350	0.144540
127400	-0.008354
127450	-0.149573
127500	-0.116925
127550	-0.131662
127600	-0.037247
127650	0.005400
127700	-0.219518
127750	0.103768
127800	0.129315
127850	-0.128678
127900	-0.019317
127950	0.008015
128000	-0.038169
128050	0.008946
128100	0.092978
128150	-0.070091
128200	-0.077486
128250	-0.253263
128300	0.004978
128350	0.008139
128400	-0.146595
128450	-0.013735
128500	0.051977
128550	0.168604
128600	-0.068650
128650	0.069078
128700	-0.048738
128750	0.111269
128800	-0.123516
128850	0.089764
128900	0.060786
128950	0.152084
129000	-0.074677
129050	-0.111519
129100	0.097686
129150	-0.174144
129200	-0.111564
129250	0.011632
129300	-0.115908
129350	-0.237310
129400	-0.079106
129450	0.169789
129500	-0.249599
129550	-0.089414
129600	-0.067315
129650	0.066050
129700	-0.020543
129750	-0.160500
129800	-0.220819
129850	0.005489
129900	0.152995
129950	-0.033200
130000	0.198042
130050	-0.174581
130100	0.145916
130150	0.041485
130200	-0.029635
130250	-0.141137
130300	0.238184
130350	0.035723
130400	0.075338
130450	-0.111122
130500	0.093569
130550	0.025479
130600	-0.031326
130650	-0.014215
130700	0.117688
130750	0.067035
130800	0.137558
130850	-0.075618
130900	-0.011449
130950	0.022486
131000	-0.046140
131050	0.034618
131100	-0.162214
131150	-0.029190
131200	0.051474
131250	0.004685
131300	0.032453
131350	-0.156501
131400	0.123713
131450	-0.089359
131500	-0.083083
131550	0.187007
131600	0.022469
131650	0.025899
131700	0.035167
131750	-0.099560
131800	-0.139376
131850	0.083311
131900	-0.044727
131950	-0.020959
132000	-0.181170
132050	-0.197857
132100	0.016454
132150	-0.024120
132200	0.008286
132250	-0.217249
132300	-0.000117
132350	0.058444
132400	0.010184
132450	-0.073413
132500	-0.256095
132550	-0.155887
132600	0.075956
132650	0.018733
132700	0.077261
132750	0.050146
132800	0.053870
132850	-0.315718
132900	-0.219108
132950	-0.190486
133000	-0.054128
133050	0.113854
133100	0.068635
133150	-0.060472
133200	-0.135288
133250	0.136497
133300	-0.030476
133350	-0.030134
133400	-0.078401
133450	-0.016650
133500	-0.084950
133550	0.091474
133600	0.010013
133650	-0.126267
133700	-0.128339
133750	-0.114740
133800	-0.178787
133850	0.085155
133900	0.120570
133950	-0.120363
134000	0.041982
134050	0.005411
134100	-0.003930
134150	-0.068804
134200	-0.090120
134250	0.063874
134300	-0.021904
134350	0.088298
134400	0.184510
134450	-0.005481
134500	-0.228320
134550	-0.063224
134600	-0.217453
134650	-0.107103
134700	0.190832
134750	-0.088390
134800	0.071500
134850	0.011861
134900	0.009008
134950	0.356588
135000	0.106802
135050	-0.069230
135100	-0.088412
135150	-0.039390
135200	0.202029
135250	0.101987
135300	0.139928
135350	-0.097428
135400	-0.083334
135450	0.123142
135500	-0.037666
135550	0.268329
135600	0.018092
135650	0.130610
135700	0.081753
135750	0.182100
135800	-0.088404
135850	-0.100141
135900	0.084414
135950	0.133259
136000	0.154350
136050	-0.030308
136100	-0.064337
136150	0.018414
136200	-0.016899
136250	-0.045114
136300	0.172919
136350	0.174387
136400	-0.197942
136450	0.160973
136500	0.070464
136550	0.017606
136600	-0.144038
136650	-0.037560
136700	0.005333
136750	-0.059272
136800	0.038339
136850	0.166426
136900	0.074858
136950	-0.033534
137000	0.164587
137050	0.149974
137100	-0.031519
137150	0.132094
137200	0.005764
137250	-0.097637
137300	0.181871
137350	0.034821
137400	0.082936
137450	0.223135
137500	0.051128
137550	-0.014633
137600	0.042252
137650	-0.043259
137700	0.174604
137750	0.080729
137800	0.185835
137850	0.083993
137900	-0.049609
137950	0.012905
138000	-0.153380
138050	0.081895
138100	-0.258439
138150	0.150786
138200	-0.047526
138250	-0.044797
138300	-0.180281
138350	-0.191830
138400	-0.064716
138450	-0.047456
138500	0.137684
138550	0.239872
138600	-0.139943
138650	-0.121612
138700	0.089713
138750	-0.115444
138800	0.089862
138850	0.177025
138900	0.228364
138950	0.112908
139000	0.128141
139050	-0.128747
139100	-0.034250
139150	-0.064851
139200	0.070032
139250	0.173547
139300	0.020076
139350	0.096541
139400	0.298944
139450	0.269674
139500	-0.044509
139550	0.155709
139600	0.022411
139650	-0.226815
139700	-0.112813
139750	0.217287
139800	-0.166515
139850	-0.183184
139900	0.119685
139950	0.048464
140000	-0.120438
140050	-0.093911
140100	0.165260
140150	0.131820
140200	0.037686
140250	-0.089759
140300	0.163186
140350	0.030057
140400	-0.161492
140450	0.013082
140500	-0.060738
140550	-0.217687
140600	-0.182322
140650	0.136655
140700	-0.232438
140750	-0.073445
140800	0.119402
140850	-0.021896
140900	-0.027915
140950	0.090620
141000	-0.058571
141050	-0.039450
141100	-0.036075
141150	0.106355
141200	0.099963
141250	-0.060327
141300	0.026687
141350	-0.033080
141400	0.211442
141450	0.077792
141500	-0.097808
141550	-0.073459
141600	-0.021782
141650	-0.017744
141700	0.173565
141750	0.228982
141800	0.275998
141850	-0.073865
141900	0.116107
141950	0.292182
142000	-0.008889
142050	-0.025819
142100	-0.177306
142150	0.084892
142200	0.079332
142250	-0.094994
142300	-0.107880
142350	0.029286
142400	-0.030768
142450	-0.128894
142500	-0.027596
142550	0.018787
142600	0.062740
142650	0.081235
142700	-0.103252
142750	-0.075306
142800	-0.273073
142850	-0.273763
142900	-0.030036
142950	0.164207
143000	-0.010949
143050	0.028102
143100	-0.065847
143150	-0.057699
143200	-0.064115
143250	-0.089867
143300	0.080833
143350	-0.250520
143400	-0.166346
143450	-0.190247
143500	0.048145
143550	0.037592
143600	0.059584
143650	0.182265
143700	-0.089432
143750	-0.093523
143800	0.186471
143850	-0.119107
143900	0.008910
143950	0.099933
144000	0.172603
144050	-0.018461
144100	0.013288
144150	-0.066938
144200	-0.205085
144250	-0.118256
144300	-0.228820
144350	-0.058386
144400	-0.049073
144450	-0.172795
144500	-0.018217
144550	-0.167035
144600	0.093796
144650	0.029783
144700	0.334912
144750	0.044466
144800	0.044746
144850	-0.005073
144900	0.206934
144950	0.098363
145000	-0.115838
145050	0.104088
145100	0.192841
145150	-0.051426
145200	-0.298594
145250	-0.055480
145300	-0.006677
145350	0.220868
145400	0.092808
145450	0.078298
145500	0.175647
145550	0.021662
145600	0.114773
145650	-0.049820
145700	-0.105525
145750	0.073024
145800	-0.100059
145850	0.112578
145900	0.019638
145950	-0.045776
146000	-0.063858
146050	-0.114556
146100	0.066365
146150	-0.229361
146200	-0.175487
146250	-0.153031
146300	0.077921
146350	0.155335
146400	0.100544
146450	0.007889
146500	-0.116508
146550	0.147201
146600	-0.088918
146650	0.053349
146700	-0.073722
146750	-0.117440
146800	0.027747
146850	0.017883
146900	-0.020525
146950	0.244915
147000	0.062201
147050	0.183049
147100	-0.136755
147150	0.238316
147200	0.037537
147250	0.139504
147300	0.088740
147350	0.137460
147400	0.040704
147450	-0.176942
147500	-0.136793
147550	0.057010
147600	-0.047515
147650	-0.183561
147700	0.091848
147750	0.229428
147800	0.157121
147850	-0.068707
147900	-0.137835
147950	-0.052994
148000	0.055929
148050	-0.104040
148100	0.194343
148150	-0.063860
148200	-0.087806
148250	0.256492
148300	0.207229
148350	0.176143
148400	0.122244
148450	0.069374
148500	-0.240676
148550	0.148466
148600	-0.012188
148650	-0.068726
148700	-0.078415
148750	-0.238157
148800	-0.042745
148850	0.071464
148900	-0.085529
148950	-0.018055
149000	-0.057034
149050	-0.140257
149100	0.008516
149150	0.125746
149200	-0.241001
149250	0.063599
149300	0.119767
149350	-0.106286
149400	-0.133117
149450	-0.001922
149500	0.118258
149550	-0.085977
149600	-0.110156
149650	-0.063301
149700	0.121816
149750	0.059524
149800	0.081967
149850	0.132439
149900	0.145111
149950	0.002284
150000	0.036313
150050	0.181111
150100	0.183373
150150	0.117381
150200	-0.123901
150250	-0.156586
150300	0.028500
150350	0.188219
150400	0.189074
150450	0.081878
150500	0.079141
150550	0.088210
150600	0.051839
150650	-0.167758
150700	-0.011455
150750	0.306286
150800	0.055753
150850	-0.009461
150900	-0.169315
150950	-0.077982
151000	-0.086823
151050	0.124433
151100	-0.088658
151150	-0.106253
151200	0.327619
151250	-0.133777
151300	0.134178
151350	-0.075240
151400	0.007762
151450	-0.068988
151500	-0.087663
151550	-0.173130
151600	0.071018
151650	0.011579
151700	-0.066841
151750	-0.241232
151800	-0.043535
151850	-0.141604
151900	-0.001874
151950	-0.012255
152000	-0.096499
152050	-0.095297
152100	0.121302
152150	0.010347
152200	-0.143011
152250	-0.091519
152300	-0.004364
152350	-0.040336
152400	0.143930
152450	0.055211
152500	0.099680
152550	-0.105459
152600	0.037284
152650	-0.119302
152700	-0.097862
152750	-0.088609
152800	0.132766
152850	-0.127887
152900	0.005736
152950	0.043172
153000	0.093819
153050	-0.146150
153100	-0.126780
153150	-0.152750
153200	0.133851
153250	-0.049906
153300	-0.068619
153350	0.265986
153400	0.020558
153450	-0.031093
153500	0.062169
153550	0.092415
153600	0.124965
153650	-0.216760
153700	-0.048976
153750	0.204973
153800	0.086464
153850	0.004055
153900	-0.152426
153950	-0.336107
154000	-0.172150
154050	0.027081
154100	0.158307
154150	0.036420
154200	-0.032647
154250	0.050890
154300	-0.226153
154350	-0.085477
154400	-0.193427
154450	0.081186
154500	0.058811
154550	-0.077001
154600	0.147930
154650	-0.007206
154700	-0.103508
154750	0.288831
154800	0.154508
154850	-0.023283
154900	-0.057359
154950	-0.280086
155000	-0.053580
155050	-0.103198
155100	0.054675
155150	0.113017
155200	0.151792
155250	-0.073042
155300	-0.141324
155350	0.044061
155400	0.120024
155450	-0.106156
155500	-0.046285
155550	-0.029692
155600	-0.105694
155650	0.031838
155700	0.044782
155750	-0.075186
155800	-0.131331
155850	-0.080375
155900	0.046102
155950	-0.130000
156000	-0.042999
156050	-0.173120
156100	0.143500
156150	0.159136
156200	-0.125562
156250	0.055676
156300	-0.026871
156350	-0.199419
156400	-0.230132
156450	0.169005
156500	0.039981
156550	0.060631
156600	0.067733
156650	0.010502
156700	-0.069330
156750	0.152648
156800	-0.129521
156850	-0.132778
156900	0.126116
156950	0.073457
157000	0.138970
157050	-0.117579
157100	0.116590
157150	0.127666
157200	-0.012052
157250	-0.144765
157300	-0.042280
157350	0.193240
157400	0.270448
157450	-0.157381
157500	0.077923
157550	0.042292
157600	-0.117012
157650	-0.170703
157700	-0.020081
157750	0.047248
157800	-0.194676
157850	0.119776
157900	0.000524
157950	0.287450
158000	0.057786
158050	0.110452
158100	0.079238
158150	0.064914
158200	-0.236270
158250	-0.119471
158300	0.012609
158350	0.085261
158400	-0.104256
158450	0.112327
158500	-0.000490
158550	0.086269
158600	0.067869
158650	0.129809
158700	-0.054050
158750	0.083626
158800	-0.081791
158850	0.266636
158900	0.056750
158950	0.015376
159000	-0.044781
159050	0.142032
159100	-0.043212
159150	0.030714
159200	-0.133939
159250	-0.061342
159300	0.169758
159350	0.089437
159400	0.003274
159450	-0.014385
159500	0.049930
159550	0.072243
159600	0.047537
159650	0.067870
159700	-0.212684
159750	0.095365
159800	-0.087469
159850	-0.119893
159900	0.029004
159950	-0.048677
160000	-0.075170
160050	0.029187
160100	0.018336
160150	-0.041762
160200	0.108720
160250	0.026826
160300	-0.068503
160350	-0.158315
160400	-0.112802
160450	-0.066052
160500	-0.103462
160550	-0.083757
160600	0.030987
160650	0.157123
160700	0.215008
160750	0.102022
160800	-0.168767
160850	0.273275
160900	0.191893
160950	0.023859
161000	-0.042744
161050	-0.057130
161100	0.136821
161150	0.129994
161200	-0.043741
161250	-0.046696
161300	0.090184
161350	-0.099588
161400	-0.010647
161450	-0.042940
161500	0.249918
161550	0.137971
161600	0.170091
161650	-0.076198
161700	0.079976
161750	0.116243
161800	0.109625
161850	0.016536
161900	0.113564
161950	0.090491
162000	0.086688
162050	0.035027
162100	0.012331
162150	-0.041390
162200	-0.026080
162250	0.121201
162300	-0.069331
162350	-0.038080
162400	0.074316
162450	-0.046638
162500	0.076130
162550	0.132339
162600	-0.009657
162650	-0.175161
162700	-0.121406
162750	0.010449
162800	-0.027721
162850	0.019480
162900	0.178300
162950	-0.055933
163000	-0.203661
163050	0.319682
163100	-0.379570
163150	0.145146
163200	-0.039543
163250	-0.032560
163300	-0.024913
163350	0.069226
163400	0.043246
163450	-0.077925
163500	0.028640
163550	0.080540
163600	-0.047892
163650	0.143791
163700	0.010320
163750	0.016218
163800	-0.017319
163850	-0.165219
163900	-0.005703
163950	0.052943
164000	0.066072
164050	-0.145033
164100	0.152361
164150	-0.067221
164200	-0.021761
164250	0.242803
164300	0.015878
164350	-0.004351
164400	0.136287
164450	-0.159732
164500	-0.098996
164550	0.027003
164600	-0.104824
164650	0.059921
164700	0.011117
164750	-0.171269
164800	-0.174117
164850	0.106009
164900	0.177652
164950	-0.152252
165000	-0.176827
165050	-0.005217
165100	-0.000993
165150	-0.063111
165200	-0.120557
165250	0.139410
165300	0.016209
165350	-0.149789
165400	-0.162116
165450	-0.119451
165500	-0.054539
165550	0.210734
165600	0.059577
165650	-0.061268
165700	0.007913
165750	-0.111522
165800	0.044749
165850	0.096682
165900	0.030676
165950	0.009682
166000	0.159966
166050	0.031682
166100	0.045236
166150	0.097434
166200	0.083494
166250	0.162447
166300	0.119960
166350	-0.026437
166400	0.023255
166450	0.023115
166500	-0.152382
166550	-0.024800
166600	0.185030
166650	-0.028552
166700	-0.230386
166750	0.205808
166800	0.102822
166850	0.040451
166900	0.070566
166950	-0.072660
167000	-0.167306
167050	0.069927
167100	0.086307
167150	-0.099334
167200	0.023010
167250	-0.111575
167300	-0.114385
167350	-0.045419
167400	-0.300983
167450	-0.078407
167500	-0.137066
167550	0.018784
167600	0.050848
167650	0.239229
167700	0.014302
167750	-0.154145
167800	0.020010
167850	0.061541
167900	0.208500
167950	-0.192469
168000	0.042806
168050	-0.111025
168100	-0.103186
168150	-0.039524
168200	-0.221636
168250	-0.131909
168300	0.082563
168350	0.130199
168400	0.032373
168450	-0.024971
168500	-0.254245
168550	0.101235
168600	0.138476
168650	0.120491
168700	0.186879
168750	0.009034
168800	-0.027995
168850	-0.030677
168900	0.122865
168950	0.346484
169000	0.060110
169050	0.038333
169100	-0.014599
169150	-0.059892
169200	0.195747
169250	-0.000067
169300	0.060611
169350	0.104233
169400	0.152499
169450	0.087313
169500	0.143966
169550	-0.150447
169600	0.008631
169650	-0.079094
169700	0.011516
169750	-0.005740
169800	0.175729
169850	0.060115
169900	-0.157095
169950	0.302593
170000	0.075674
170050	-0.055511
170100	0.174215
170150	-0.101716
170200	-0.182843
170250	0.106444
170300	0.076845
170350	0.018737
170400	0.023168
170450	0.123441
170500	0.134888
170550	-0.076984
170600	0.201683
170650	0.031401
170700	-0.126246
170750	0.085228
170800	0.287630
170850	0.003178
170900	-0.042864
170950	-0.055132
171000	0.181293
171050	-0.071916
171100	0.032899
171150	-0.235303
171200	0.010024
171250	-0.034493
171300	0.011726
171350	-0.012866
171400	-0.045640
171450	0.202636
171500	0.124417
171550	-0.040178
171600	-0.073633
171650	0.029469
171700	0.166687
171750	0.160362
171800	-0.004611
171850	-0.152400
171900	0.084582
171950	0.032685
172000	0.056202
172050	-0.110359
172100	0.037509
172150	-0.068345
172200	-0.081784
172250	0.144738
172300	-0.013564
172350	-0.189161
172400	0.061254
172450	0.042865
172500	0.072446
172550	0.002518
172600	0.079881
172650	0.017526
172700	-0.149151
172750	-0.062371
172800	-0.035459
172850	-0.064686
172900	-0.014765
172950	0.129352
173000	0.112955
173050	0.065192
173100	0.135581
173150	0.070428
173200	-0.015934
173250	-0.143823
173300	0.121869
173350	-0.005939
173400	0.266069
173450	0.017540
173500	-0.049215
173550	0.113218
173600	-0.043826
173650	0.169339
173700	0.165317
173750	-0.176053
173800	0.090907
173850	0.127425
173900	-0.032855
173950	0.104608
174000	0.084034
174050	-0.032736
174100	0.196362
174150	0.254107
174200	-0.062268
174250	0.072533
174300	0.018834
174350	-0.021802
174400	0.101368
174450	0.002287
174500	0.060068
174550	-0.172385
174600	0.168180
174650	0.160759
174700	-0.037278
174750	-0.192340
174800	0.053664
174850	-0.042763
174900	-0.172080
174950	0.076248
175000	-0.021236
175050	0.038932
175100	0.177180
175150	-0.052099
175200	-0.165235
175250	-0.150734
175300	-0.096775
175350	0.042100
175400	0.128348
175450	0.065882
175500	0.130571
175550	0.027448
175600	-0.070161
175650	-0.034371
175700	-0.075988
175750	-0.156655
175800	0.124204
175850	-0.002023
175900	-0.087785
175950	0.104467
176000	-0.310998
176050	-0.083766
176100	0.024385
176150	-0.053142
176200	-0.065055
176250	-0.026028
176300	0.020653
176350	-0.069064
176400	0.077677
176450	0.066730
176500	-0.179219
176550	0.278862
176600	0.030100
176650	-0.097278
176700	0.132019
176750	0.044026
176800	0.096598
176850	-0.029952
176900	-0.213353
176950	0.111621
177000	-0.068212
177050	-0.149448
177100	-0.039320
177150	0.160937
177200	0.218283
177250	0.212040
177300	0.116400
177350	-0.000429
177400	0.139230
177450	-0.001770
177500	-0.023625
177550	0.149322
177600	0.055467
177650	0.013942
177700	0.013975
177750	-0.075525
177800	0.160986
177850	0.027053
177900	-0.180610
177950	-0.000892
178000	0.076401
178050	-0.151541
178100	0.280847
178150	-0.084872
178200	-0.111193
178250	-0.090697
178300	0.038542
178350	-0.176666
178400	0.019258
178450	-0.061332
178500	-0.083880
178550	0.028904
178600	0.044923
178650	0.138217
178700	-0.030461
178750	0.139658
178800	-0.110137
178850	0.096894
178900	0.071548
178950	-0.132163
179000	-0.093630
179050	0.043572
179100	-0.110203
179150	-0.050964
179200	-0.128958
179250	-0.134106
179300	0.121644
179350	0.054897
179400	0.185382
179450	-0.315187
179500	0.051458
179550	-0.027235
179600	-0.215444
179650	-0.234760
179700	-0.180871
179750	0.206167
179800	-0.188349
179850	-0.219678
179900	0.080693
179950	0.048654
180000	0.029299
180050	-0.189042
180100	0.058171
180150	-0.214949
180200	0.071911
180250	0.070114
180300	-0.008480
180350	0.019378
180400	0.129524
180450	-0.001356
180500	0.234633
180550	0.002315
180600	0.052464
180650	0.040610
180700	-0.020012
180750	-0.258459
180800	-0.143881
180850	-0.002952
180900	0.039510
180950	0.113161
181000	0.276541
181050	-0.115198
181100	0.004347
181150	-0.049636
181200	-0.175254
181250	0.225133
181300	-0.000205
181350	0.131625
181400	-0.041755
181450	0.062454
181500	0.224042
181550	-0.128751
181600	-0.254626
181650	-0.034581
181700	0.053068
181750	0.000510
181800	-0.193297
181850	-0.079027
181900	-0.202884
181950	0.023000
182000	0.017762
182050	-0.143863
182100	0.072087
182150	0.077419
182200	-0.034593
182250	-0.148974
182300	0.051957
182350	0.142998
182400	-0.119568
182450	0.033009
182500	0.034784
182550	-0.001739
182600	0.036920
182650	0.042760
182700	-0.144123
182750	0.000126
182800	-0.220793
182850	-0.039866
182900	0.082799
182950	0.096340
183000	-0.082314
183050	-0.336633
183100	-0.219417
183150	-0.022897
183200	0.069550
183250	-0.024193
183300	0.039592
183350	-0.058256
183400	-0.023828
183450	0.017768
183500	-0.027523
183550	0.117007
183600	-0.108584
183650	0.260570
183700	-0.057553
183750	-0.029159
183800	-0.113226
183850	-0.009051
183900	-0.054258
183950	-0.038284
184000	-0.060178
184050	-0.069975
184100	0.114372
184150	0.144896
184200	-0.001666
184250	-0.052585
184300	0.123585
184350	0.054747
184400	0.136940
184450	-0.101965
184500	0.061819
184550	0.007483
184600	0.167480
184650	-0.109511
184700	0.109419
184750	-0.010521
184800	-0.180371
184850	-0.065104
184900	-0.169667
184950	-0.053826
185000	0.055468
185050	-0.058469
185100	-0.076102
185150	-0.157198
185200	-0.090402
185250	-0.025023
185300	-0.005438
185350	0.073819
185400	-0.068171
185450	-0.003387
185500	-0.068175
185550	-0.116773
185600	0.052217
185650	0.259403
185700	0.019293
185750	0.015915
185800	-0.158534
185850	0.057949
185900	-0.061094
185950	-0.006806
186000	-0.088070
186050	0.023410
186100	0.187286
186150	0.049382
186200	-0.033236
186250	-0.202758
186300	-0.065001
186350	0.167889
186400	-0.050493
186450	0.094759
186500	0.137488
186550	-0.146285
186600	-0.010192
186650	0.139624
186700	0.213137
186750	-0.077725
186800	-0.019590
186850	0.050253
186900	-0.061250
186950	0.173551
187000	0.020628
187050	-0.260931
187100	-0.066221
187150	-0.163818
187200	-0.083484
187250	0.019674
187300	0.041421
187350	0.020563
187400	0.069135
187450	-0.058950
187500	0.079012
187550	0.040504
187600	0.229690
187650	0.180722
187700	0.150260
187750	0.206131
187800	0.051382
187850	-0.143823
187900	-0.091664
187950	-0.049532
188000	0.173689
188050	-0.023184
188100	-0.130820
188150	0.078955
188200	-0.013727
188250	-0.131481
188300	0.158875
188350	0.101465
188400	-0.260906
188450	0.001599
188500	0.115535
188550	-0.042661
188600	0.124953
188650	0.027378
188700	0.114564
188750	0.029860
188800	-0.004307
188850	-0.030440
188900	-0.013997
188950	-0.108755
189000	-0.175403
189050	0.080791
189100	-0.081586
189150	-0.274585
189200	-0.197183
189250	-0.051553
189300	0.081530
189350	-0.263953
189400	-0.268339
189450	0.099614
189500	-0.030538
189550	0.029310
189600	-0.017229
189650	0.197424
189700	0.009404
189750	-0.160696
189800	-0.114159
189850	-0.035548
189900	0.093139
189950	-0.149658
190000	0.050666
190050	-0.010777
190100	-0.021072
190150	0.068601
190200	-0.084452
190250	-0.100065
190300	-0.059173
190350	-0.245945
190400	0.034429
190450	0.139307
190500	0.123666
190550	0.171380
190600	-0.058298
190650	-0.057925
190700	0.026182
190750	0.057062
190800	0.005891
190850	0.149645
190900	0.021138
190950	0.105261
191000	-0.083029
191050	-0.059460
191100	0.032957
191150	-0.040581
191200	0.067814
191250	0.296744
191300	0.006646
191350	0.045619
191400	-0.016554
191450	-0.180095
191500	-0.007293
191550	-0.078640
191600	0.096550
191650	0.121259
191700	0.112669
191750	-0.098716
191800	-0.246625
191850	-0.178497
191900	-0.006211
191950	-0.078374
192000	-0.162934
192050	0.031673
192100	0.084380
192150	-0.097882
192200	0.031679
192250	0.021719
192300	-0.005186
192350	0.123562
192400	-0.000817
192450	0.003810
192500	0.054772
192550	0.028245
192600	0.138576
192650	0.111016
192700	0.122157
192750	-0.039312
192800	0.004933
192850	-0.139659
192900	0.078703
192950	-0.228508
193000	-0.104299
193050	0.095656
193100	0.034005
193150	-0.002839
193200	0.171060
193250	0.138603
193300	0.239487
193350	-0.047350
193400	-0.083177
193450	-0.087577
193500	0.003189
193550	-0.015912
193600	0.111492
193650	0.118132
193700	0.030595
193750	-0.033224
193800	0.007999
193850	-0.015640
193900	0.127451
193950	0.025021
194000	-0.073491
194050	-0.014946
194100	0.087102
194150	0.188875
194200	0.092317
194250	0.023314
194300	-0.012710
194350	0.221063
194400	0.301436
194450	0.350729
194500	-0.197441
194550	0.003838
194600	-0.044663
194650	0.014396
194700	0.113046
194750	0.117563
194800	-0.064029
194850	0.159497
194900	-0.026526
194950	0.091028
195000	0.085830
195050	-0.126875
195100	-0.010210
195150	0.053985
195200	0.171926
195250	0.057570
195300	-0.071307
195350	0.078671
195400	-0.008785
195450	0.110772
195500	0.203358
195550	-0.081783
195600	-0.217921
195650	0.025152
195700	-0.051689
195750	0.200268
195800	0.214664
195850	-0.033388
195900	-0.095580
195950	-0.033539
196000	-0.043145
196050	0.089555
196100	-0.077802
196150	-0.040968
196200	-0.251109
196250	-0.021570
196300	0.124151
196350	0.027721
196400	-0.110577
196450	0.045316
196500	0.185383
196550	-0.188389
196600	0.016257
196650	0.159430
196700	0.072668
196750	-0.066332
196800	0.118142
196850	0.029139
196900	-0.096101
196950	-0.203531
197000	-0.198896
197050	0.150977
197100	-0.047171
197150	-0.234131
197200	-0.182756
197250	-0.282578
197300	0.178209
197350	0.035578
197400	0.126645
197450	-0.167455
197500	0.079497
197550	0.226761
197600	0.065708
197650	-0.141744
197700	-0.034187
197750	-0.128206
197800	-0.076528
197850	-0.211050
197900	-0.138582
197950	-0.136809
198000	-0.211447
198050	0.048872
198100	0.052910
198150	0.217199
198200	-0.057416
198250	-0.042115
198300	-0.082244
198350	-0.201000
198400	-0.285464
198450	0.156982
198500	-0.004625
198550	-0.079771
198600	0.050551
198650	0.049027
198700	-0.097327
198750	0.193243
198800	0.102986
198850	-0.162159
198900	-0.044743
198950	0.068618
199000	-0.163010
199050	0.049130
199100	-0.083539
199150	-0.237582
199200	0.145788
199250	-0.113309
199300	-0.057663
199350	-0.013348
199400	-0.109532
199450	0.047685
199500	0.033912
199550	0.163928
199600	-0.097924
199650	-0.280926
199700	-0.135511
199750	0.139743
199800	0.056000
199850	0.056867
199900	0.236270
199950	-0.108244
