# Chunk-averaged data for fix allDensity and group ave
# Timestep Number-of-chunks Total-count
# Chunk Coord1 Ncount density/number
1000000 34 27000
  1 0.5 783.88 0.678097
  2 1.5 788.73 0.682292
  3 2.5 811.346 0.701856
  4 3.5 798.814 0.691016
  5 4.5 796.72 0.689204
  6 5.5 791.858 0.684998
  7 6.5 780.434 0.675116
  8 7.5 800.582 0.692545
  9 8.5 773.712 0.669301
  10 9.5 772.95 0.668642
  11 10.5 782.542 0.676939
  12 11.5 774.256 0.669772
  13 12.5 823.746 0.712583
  14 13.5 788.81 0.682362
  15 14.5 798.8 0.691003
  16 15.5 794.498 0.687282
  17 16.5 785.516 0.679512
  18 17.5 789.86 0.68327
  19 18.5 798.41 0.690666
  20 19.5 818.892 0.708384
  21 20.5 807.67 0.698676
  22 21.5 799.43 0.691548
  23 22.5 797.232 0.689647
  24 23.5 785.95 0.679888
  25 24.5 771.85 0.66769
  26 25.5 777.82 0.672855
  27 26.5 794.564 0.687339
  28 27.5 781.45 0.675995
  29 28.5 786.344 0.680228
  30 29.5 816.36 0.706194
  31 30.5 828.116 0.716363
  32 31.5 798.966 0.691147
  33 32.5 799.304 0.691439
  34 33.5 800.588 0.69255
2000000 34 54000
  1 0.5 800.643 0.692598
  2 1.5 795.392 0.688055
  3 2.5 795.124 0.687824
  4 3.5 794.01 0.68686
  5 4.5 793.859 0.686729
  6 5.5 786.765 0.680593
  7 6.5 779.326 0.674157
  8 7.5 777.527 0.672601
  9 8.5 780.834 0.675462
  10 9.5 798.391 0.69065
  11 10.5 787.431 0.681169
  12 11.5 787.948 0.681616
  13 12.5 808.449 0.69935
  14 13.5 782.207 0.67665
  15 14.5 796.485 0.689001
  16 15.5 799.996 0.692038
  17 16.5 800.075 0.692106
  18 17.5 795.324 0.687997
  19 18.5 803.607 0.695162
  20 19.5 813.995 0.704148
  21 20.5 789.846 0.683258
  22 21.5 790.009 0.683399
  23 22.5 782.316 0.676744
  24 23.5 783.743 0.677978
  25 24.5 783.898 0.678112
  26 25.5 780.237 0.674946
  27 26.5 811.981 0.702406
  28 27.5 800.053 0.692087
  29 28.5 790.238 0.683597
  30 29.5 814.859 0.704895
  31 30.5 812.512 0.702865
  32 31.5 787.313 0.681067
  33 32.5 801.844 0.693637
  34 33.5 793.763 0.686646
3000000 34 81000
  1 0.5 653.264 0.565107
  2 1.5 803.365 0.694952
  3 2.5 805.282 0.696611
  4 3.5 801.693 0.693506
  5 4.5 801.134 0.693022
  6 5.5 799.79 0.69186
  7 6.5 792.555 0.685601
  8 7.5 790.268 0.683623
  9 8.5 795.714 0.688334
  10 9.5 805.413 0.696724
  11 10.5 795.003 0.687719
  12 11.5 793.488 0.686408
  13 12.5 806.105 0.697323
  14 13.5 792.547 0.685595
  15 14.5 804.772 0.69617
  16 15.5 810.129 0.700803
  17 16.5 813.189 0.70345
  18 17.5 811.518 0.702005
  19 18.5 815.755 0.70567
  20 19.5 818.874 0.708369
  21 20.5 799.001 0.691177
  22 21.5 795.807 0.688415
  23 22.5 793.185 0.686146
  24 23.5 797.625 0.689987
  25 24.5 798.404 0.690661
  26 25.5 794.157 0.686987
  27 26.5 814.585 0.704658
  28 27.5 806.938 0.698043
  29 28.5 800.396 0.692384
  30 29.5 816.099 0.705968
  31 30.5 815.244 0.705228
  32 31.5 800.321 0.692319
  33 32.5 809.829 0.700544
  34 33.5 648.551 0.56103
4000000 34 108000
  1 0.5 576.652 0.498834
  2 1.5 806.558 0.697715
  3 2.5 811.025 0.701579
  4 3.5 810.195 0.70086
  5 4.5 811.481 0.701973
  6 5.5 809.972 0.700668
  7 6.5 801.541 0.693374
  8 7.5 797.822 0.690158
  9 8.5 802.887 0.694539
  10 9.5 809.042 0.699863
  11 10.5 800.503 0.692476
  12 11.5 799.594 0.691691
  13 12.5 809.184 0.699986
  14 13.5 799.276 0.691416
  15 14.5 809.063 0.699881
  16 15.5 812.649 0.702984
  17 16.5 815.216 0.705205
  18 17.5 815.571 0.705511
  19 18.5 818.95 0.708434
  20 19.5 821.286 0.710455
  21 20.5 808.102 0.699051
  22 21.5 804.622 0.69604
  23 22.5 801.52 0.693356
  24 23.5 803.168 0.694782
  25 24.5 802.278 0.694012
  26 25.5 798.747 0.690958
  27 26.5 813.279 0.703528
  28 27.5 809.77 0.700493
  29 28.5 806.148 0.69736
  30 29.5 818.183 0.707771
  31 30.5 815.294 0.705272
  32 31.5 800.572 0.692536
  33 32.5 807.295 0.698352
  34 33.5 572.555 0.49529
5000000 34 135000
  1 0.5 530.943 0.459293
  2 1.5 809.488 0.700249
  3 2.5 810.992 0.70155
  4 3.5 809.04 0.699862
  5 4.5 811.31 0.701826
  6 5.5 810.46 0.70109
  7 6.5 804.428 0.695872
  8 7.5 802.828 0.694488
  9 8.5 805.885 0.697133
  10 9.5 810.952 0.701516
  11 10.5 802.111 0.693868
  12 11.5 800.98 0.692889
  13 12.5 811.631 0.702103
  14 13.5 805.868 0.697118
  15 14.5 814.333 0.70444
  16 15.5 816.18 0.706038
  17 16.5 817.743 0.70739
  18 17.5 817.666 0.707323
  19 18.5 818.405 0.707963
  20 19.5 820.832 0.710062
  21 20.5 811.362 0.70187
  22 21.5 808.525 0.699416
  23 22.5 805.933 0.697174
  24 23.5 805.901 0.697146
  25 24.5 805.829 0.697084
  26 25.5 804.766 0.696165
  27 26.5 816.682 0.706473
  28 27.5 813.731 0.703919
  29 28.5 810.212 0.700875
  30 29.5 818.298 0.70787
  31 30.5 817.991 0.707605
  32 31.5 807.716 0.698716
  33 32.5 813.334 0.703576
  34 33.5 527.647 0.456442
6000000 34 162000
  1 0.5 499.195 0.431829
  2 1.5 812.014 0.702434
  3 2.5 813.94 0.7041
  4 3.5 814.269 0.704385
  5 4.5 815.244 0.705229
  6 5.5 813.328 0.703571
  7 6.5 805.916 0.697159
  8 7.5 806.404 0.697581
  9 8.5 808.75 0.69961
  10 9.5 814.635 0.704701
  11 10.5 804.45 0.695891
  12 11.5 804.485 0.695921
  13 12.5 813.221 0.703479
  14 13.5 808.132 0.699076
  15 14.5 813.682 0.703877
  16 15.5 814.905 0.704935
  17 16.5 818.403 0.707961
  18 17.5 819.446 0.708864
  19 18.5 821.335 0.710497
  20 19.5 821.182 0.710365
  21 20.5 813.897 0.704063
  22 21.5 811.641 0.702112
  23 22.5 809.68 0.700415
  24 23.5 809.014 0.699839
  25 24.5 808.936 0.699772
  26 25.5 808.067 0.69902
  27 26.5 816.312 0.706152
  28 27.5 813.803 0.703982
  29 28.5 811.326 0.701839
  30 29.5 818.301 0.707873
  31 30.5 817.479 0.707162
  32 31.5 808.711 0.699577
  33 32.5 813.491 0.703712
  34 33.5 496.406 0.429417
7000000 34 189000
  1 0.5 476.933 0.412572
  2 1.5 815.139 0.705138
  3 2.5 814.969 0.70499
  4 3.5 816.717 0.706503
  5 4.5 818.148 0.70774
  6 5.5 815.273 0.705253
  7 6.5 809.99 0.700684
  8 7.5 809.533 0.700288
  9 8.5 810.758 0.701348
  10 9.5 816.657 0.706451
  11 10.5 807.638 0.698649
  12 11.5 806.697 0.697835
  13 12.5 812.93 0.703226
  14 13.5 808.655 0.699528
  15 14.5 813.574 0.703784
  16 15.5 814.748 0.7048
  17 16.5 818.475 0.708023
  18 17.5 819.667 0.709054
  19 18.5 821.521 0.710658
  20 19.5 821.099 0.710293
  21 20.5 814.512 0.704595
  22 21.5 812.368 0.70274
  23 22.5 810.174 0.700843
  24 23.5 809.631 0.700373
  25 24.5 810.226 0.700887
  26 25.5 810.222 0.700884
  27 26.5 817.426 0.707116
  28 27.5 815.876 0.705775
  29 28.5 814.285 0.704399
  30 29.5 819.492 0.708903
  31 30.5 819.399 0.708823
  32 31.5 808.975 0.699805
  33 32.5 814.267 0.704383
  34 33.5 474.025 0.410057
