# Time-averaged data for fix rgnetA
# TimeStep c_gyrA
10000 33.3582
20000 33.3598
30000 33.371
40000 33.3829
50000 33.387
60000 33.3902
70000 33.3883
80000 33.388
90000 33.391
100000 33.3951
110000 33.4008
120000 33.4032
130000 33.4066
140000 33.4107
150000 33.4157
160000 33.4166
170000 33.4188
180000 33.4226
190000 33.4263
200000 33.4297
210000 33.4336
220000 33.437
230000 33.44
240000 33.4446
250000 33.4489
260000 33.4531
270000 33.4577
280000 33.4621
290000 33.4673
300000 33.4729
310000 33.4799
320000 33.4874
330000 33.4952
340000 33.5033
350000 33.5121
360000 33.5214
370000 33.5306
380000 33.5394
390000 33.5475
400000 33.5553
410000 33.5632
420000 33.5705
430000 33.5773
440000 33.5833
450000 33.5891
460000 33.5939
470000 33.5989
480000 33.603
490000 33.6072
500000 33.6121
510000 33.6173
520000 33.6222
530000 33.6264
540000 33.6303
550000 33.6344
560000 33.6384
570000 33.6431
580000 33.648
590000 33.6525
600000 33.6572
610000 33.6614
620000 33.6661
630000 33.6717
640000 33.6779
650000 33.6846
660000 33.6905
670000 33.6956
680000 33.7012
690000 33.707
700000 33.7136
710000 33.7216
720000 33.7291
730000 33.7368
740000 33.7443
750000 33.7526
760000 33.7607
770000 33.768
780000 33.7749
790000 33.7821
800000 33.7893
810000 33.7961
820000 33.8026
830000 33.8096
840000 33.8163
850000 33.8229
860000 33.8293
870000 33.8359
880000 33.8428
890000 33.8499
900000 33.8568
910000 33.8633
920000 33.8696
930000 33.8762
940000 33.8828
950000 33.8897
960000 33.8965
970000 33.9029
980000 33.9095
990000 33.9158
1000000 33.9224
1010000 33.9291
1020000 33.9363
1030000 33.9437
1040000 33.951
1050000 33.9583
1060000 33.9658
1070000 33.9729
1080000 33.9798
1090000 33.9866
1100000 33.9932
1110000 33.9995
1120000 34.0061
1130000 34.0126
1140000 34.0192
1150000 34.026
1160000 34.0329
1170000 34.0398
1180000 34.0468
1190000 34.0538
1200000 34.0606
1210000 34.0671
1220000 34.0737
1230000 34.0806
1240000 34.0873
1250000 34.0939
1260000 34.1009
1270000 34.1081
1280000 34.1157
1290000 34.1234
1300000 34.1307
1310000 34.1381
1320000 34.1457
1330000 34.1534
1340000 34.1611
1350000 34.1689
1360000 34.1766
1370000 34.1844
1380000 34.1919
1390000 34.1995
1400000 34.2069
1410000 34.2145
1420000 34.2219
1430000 34.2294
1440000 34.2367
1450000 34.2438
1460000 34.2509
1470000 34.2581
1480000 34.2655
1490000 34.2729
1500000 34.2801
1510000 34.2872
1520000 34.2942
1530000 34.3008
1540000 34.3071
1550000 34.3136
1560000 34.3199
1570000 34.3261
1580000 34.3327
1590000 34.3389
1600000 34.3448
1610000 34.3508
1620000 34.3568
1630000 34.363
1640000 34.3692
1650000 34.3755
1660000 34.3819
1670000 34.3882
1680000 34.3946
1690000 34.4011
1700000 34.4079
1710000 34.4148
1720000 34.4215
1730000 34.4282
1740000 34.435
1750000 34.4419
1760000 34.4487
1770000 34.4557
1780000 34.4626
1790000 34.4694
1800000 34.4763
1810000 34.4831
1820000 34.4897
1830000 34.4964
1840000 34.5032
1850000 34.5096
1860000 34.516
1870000 34.5222
1880000 34.5284
1890000 34.5347
1900000 34.541
1910000 34.5473
1920000 34.5536
1930000 34.5595
1940000 34.5653
1950000 34.5711
1960000 34.577
1970000 34.5828
1980000 34.5885
1990000 34.5943
2000000 34.6
2010000 34.6058
2020000 34.6119
2030000 34.6181
2040000 34.6242
2050000 34.6305
2060000 34.6369
2070000 34.6432
2080000 34.6494
2090000 34.6556
2100000 34.662
2110000 34.6687
2120000 34.6756
2130000 34.6824
2140000 34.689
2150000 34.6955
2160000 34.7021
2170000 34.7087
2180000 34.7153
2190000 34.7217
2200000 34.7282
2210000 34.7348
2220000 34.7412
2230000 34.7476
2240000 34.7539
2250000 34.7604
2260000 34.7669
2270000 34.7735
2280000 34.78
2290000 34.7864
2300000 34.7928
2310000 34.7993
2320000 34.8058
2330000 34.8122
2340000 34.8184
2350000 34.8249
2360000 34.8313
2370000 34.8379
2380000 34.8444
2390000 34.8511
2400000 34.8578
2410000 34.8646
2420000 34.8711
2430000 34.8776
2440000 34.8842
2450000 34.8908
2460000 34.8973
2470000 34.9038
2480000 34.9105
2490000 34.9171
2500000 34.9237
2510000 34.9301
2520000 34.9364
2530000 34.9428
2540000 34.9491
2550000 34.9554
2560000 34.962
2570000 34.9684
2580000 34.9748
2590000 34.981
2600000 34.9874
2610000 34.9935
2620000 34.9997
2630000 35.0059
2640000 35.0122
2650000 35.0186
2660000 35.0247
2670000 35.0306
2680000 35.0366
2690000 35.0427
2700000 35.0486
2710000 35.0547
2720000 35.0609
2730000 35.0669
2740000 35.0727
2750000 35.0789
2760000 35.0852
2770000 35.0913
2780000 35.0976
2790000 35.1036
2800000 35.1096
2810000 35.1156
2820000 35.1217
2830000 35.1278
2840000 35.1339
2850000 35.1398
2860000 35.1456
2870000 35.1514
2880000 35.1574
2890000 35.1634
2900000 35.1694
2910000 35.1755
2920000 35.1816
2930000 35.1875
2940000 35.1934
2950000 35.1993
2960000 35.2051
2970000 35.2109
2980000 35.2169
2990000 35.2228
3000000 35.2287
3010000 35.2346
3020000 35.2405
3030000 35.2465
3040000 35.2524
3050000 35.2583
3060000 35.2642
3070000 35.2701
3080000 35.2758
3090000 35.2815
3100000 35.2872
3110000 35.293
3120000 35.2987
3130000 35.3045
3140000 35.3102
3150000 35.316
3160000 35.3217
3170000 35.3273
3180000 35.3328
3190000 35.3383
3200000 35.3438
3210000 35.3492
3220000 35.3546
3230000 35.36
3240000 35.3656
3250000 35.371
3260000 35.3765
3270000 35.382
3280000 35.3873
3290000 35.3925
3300000 35.3976
3310000 35.4029
3320000 35.4082
3330000 35.4136
3340000 35.419
3350000 35.4243
3360000 35.4298
3370000 35.4353
3380000 35.4409
3390000 35.4467
3400000 35.4526
3410000 35.4585
3420000 35.4644
3430000 35.4702
3440000 35.4759
3450000 35.4816
3460000 35.4873
3470000 35.4929
3480000 35.4986
3490000 35.5043
3500000 35.5101
3510000 35.5159
3520000 35.5216
3530000 35.527
3540000 35.5325
3550000 35.538
3560000 35.5435
3570000 35.549
3580000 35.5545
3590000 35.5599
3600000 35.5653
3610000 35.5707
3620000 35.5763
3630000 35.5817
3640000 35.5871
3650000 35.5924
3660000 35.5979
3670000 35.6034
3680000 35.6089
3690000 35.6146
3700000 35.6201
3710000 35.6256
3720000 35.6312
3730000 35.6367
3740000 35.6422
3750000 35.6477
3760000 35.6532
3770000 35.6587
3780000 35.6642
3790000 35.6697
3800000 35.6753
3810000 35.6807
3820000 35.6862
3830000 35.6918
3840000 35.6973
3850000 35.7028
3860000 35.7082
3870000 35.7136
3880000 35.719
3890000 35.7243
3900000 35.7298
3910000 35.7352
3920000 35.7406
3930000 35.7459
3940000 35.7513
3950000 35.7565
3960000 35.7616
3970000 35.7668
3980000 35.772
3990000 35.7772
4000000 35.7823
4010000 35.7874
4020000 35.7923
4030000 35.7972
4040000 35.8021
4050000 35.8069
4060000 35.8119
4070000 35.8169
4080000 35.822
4090000 35.827
4100000 35.832
4110000 35.8369
4120000 35.8419
4130000 35.8468
4140000 35.8517
4150000 35.8566
4160000 35.8613
4170000 35.8661
4180000 35.8709
4190000 35.8757
4200000 35.8805
4210000 35.8853
4220000 35.89
4230000 35.8947
4240000 35.8995
4250000 35.9042
4260000 35.9088
4270000 35.9135
4280000 35.9182
4290000 35.9229
4300000 35.9275
4310000 35.9322
4320000 35.9368
4330000 35.9414
4340000 35.946
4350000 35.9507
4360000 35.9553
4370000 35.96
4380000 35.9647
4390000 35.9694
4400000 35.974
4410000 35.9786
4420000 35.9833
4430000 35.9881
4440000 35.9929
4450000 35.9979
4460000 36.0028
4470000 36.0078
4480000 36.0127
4490000 36.0177
4500000 36.0227
4510000 36.0277
4520000 36.0327
4530000 36.0376
4540000 36.0424
4550000 36.0472
4560000 36.052
4570000 36.0569
4580000 36.0618
4590000 36.0669
4600000 36.0719
4610000 36.0769
4620000 36.0818
4630000 36.0867
4640000 36.0916
4650000 36.0966
4660000 36.1015
4670000 36.1064
4680000 36.1113
4690000 36.1163
4700000 36.1212
4710000 36.126
4720000 36.1307
4730000 36.1353
4740000 36.1399
4750000 36.1446
4760000 36.1492
4770000 36.1538
4780000 36.1585
4790000 36.1631
4800000 36.1679
4810000 36.1726
4820000 36.1774
4830000 36.1821
4840000 36.1868
4850000 36.1917
4860000 36.1966
4870000 36.2015
4880000 36.2063
4890000 36.2111
4900000 36.2158
4910000 36.2205
4920000 36.2253
4930000 36.2299
4940000 36.2345
4950000 36.2391
4960000 36.2438
4970000 36.2484
4980000 36.2531
4990000 36.2579
5000000 36.2627
5010000 36.2673
5020000 36.2721
5030000 36.2769
5040000 36.2817
5050000 36.2865
5060000 36.2914
5070000 36.2962
5080000 36.3011
5090000 36.306
5100000 36.311
5110000 36.316
5120000 36.321
5130000 36.326
5140000 36.3309
5150000 36.3359
5160000 36.3409
5170000 36.3459
5180000 36.351
5190000 36.356
5200000 36.361
5210000 36.3659
5220000 36.3708
5230000 36.3757
5240000 36.3805
5250000 36.3854
5260000 36.3903
5270000 36.3951
5280000 36.3999
5290000 36.4046
5300000 36.4092
5310000 36.4138
5320000 36.4183
5330000 36.4229
5340000 36.4276
5350000 36.4322
5360000 36.4369
5370000 36.4416
5380000 36.4462
5390000 36.4507
5400000 36.4552
5410000 36.4596
5420000 36.464
5430000 36.4684
5440000 36.4728
5450000 36.4772
5460000 36.4815
5470000 36.4858
5480000 36.4901
5490000 36.4944
5500000 36.4987
5510000 36.503
5520000 36.5073
5530000 36.5115
5540000 36.5157
5550000 36.5199
5560000 36.524
5570000 36.528
5580000 36.5321
5590000 36.5362
5600000 36.5402
5610000 36.5442
5620000 36.5482
5630000 36.5523
5640000 36.5563
5650000 36.5604
5660000 36.5644
5670000 36.5684
5680000 36.5724
5690000 36.5765
5700000 36.5806
5710000 36.5846
5720000 36.5886
5730000 36.5927
5740000 36.597
5750000 36.6013
5760000 36.6056
5770000 36.61
5780000 36.6144
5790000 36.6187
5800000 36.6231
5810000 36.6275
5820000 36.6318
5830000 36.6361
5840000 36.6404
5850000 36.6447
5860000 36.649
5870000 36.6534
5880000 36.6577
5890000 36.662
5900000 36.6663
5910000 36.6707
5920000 36.675
5930000 36.6793
5940000 36.6836
5950000 36.6879
5960000 36.692
5970000 36.6963
5980000 36.7006
5990000 36.7049
6000000 36.7092
