2.066504
0.676784
0.674968
0.382733
0.191810
0.270711
0.182223
0.220007
0.202855
0.171358
0.162659
0.183614
0.202339
0.197929
0.052694
0.037761
0.178945
0.200128
0.117768
0.043204
0.036185
0.095683
0.063089
0.051256
0.089864
0.114309
0.134734
0.047403
0.047649
0.030883
0.068819
0.102446
0.013453
0.065324
0.057557
0.071089
0.002771
0.097518
0.126946
0.151126
0.077127
0.057239
0.157548
0.113627
0.057644
0.006994
0.067696
0.022666
0.028623
0.022261
0.088956
0.042816
-0.012864
0.077748
0.103570
0.068179
-0.025536
0.026212
0.053482
0.041674
0.053576
0.159405
0.065911
0.042931
0.031906
-0.031049
0.031864
0.053710
0.104649
0.001770
0.011665
-0.005455
0.000774
-0.022489
0.013685
0.026774
-0.009899
0.006057
0.055680
0.028488
-0.000697
0.105303
0.076136
0.053370
0.112311
0.011298
-0.068479
0.110703
0.073343
-0.056342
-0.033990
0.071796
0.091125
0.074586
-0.110569
-0.012535
0.086690
0.024418
-0.007389
-0.021191
0.136068
0.019456
-0.042887
0.052480
0.064619
0.130913
0.109475
0.078038
0.117482
0.139811
0.168902
0.083624
0.038274
0.106507
0.090427
0.040898
0.012410
0.081520
-0.057408
-0.129047
-0.002365
-0.062972
0.037551
0.029247
0.015163
-0.033166
-0.055723
0.040149
0.065990
0.009441
0.017436
0.022888
-0.054414
0.079518
0.052537
0.049905
-0.028146
-0.025837
0.072151
0.085371
0.030787
0.127664
0.041520
0.038413
0.062225
0.127219
0.051708
-0.030666
0.094309
-0.020031
-0.128883
0.093749
0.029820
0.037500
0.014622
0.066168
0.083359
0.009398
-0.039002
0.063349
0.045396
-0.034724
0.075897
0.049778
0.002384
0.089637
-0.010106
0.078071
0.064471
-0.020241
0.009542
0.049250
0.077755
0.059831
-0.035710
0.052300
0.037879
-0.001887
0.073393
-0.008997
0.027705
-0.010060
-0.004118
0.056436
-0.000125
0.063624
0.094778
0.066543
0.128345
0.012430
0.007820
0.070225
-0.022136
0.006047
0.062575
0.070821
0.055582
0.025858
0.076675
0.034005
0.024374
0.105940
0.094499
0.044136
0.072296
0.077152
-0.002664
0.003796
0.044236
-0.023398
0.024366
0.031515
-0.092356
-0.046818
0.017120
0.118852
0.077301
0.022690
0.016819
0.055866
-0.018946
0.061928
0.099390
0.096806
0.142712
-0.000629
0.081680
0.106336
0.020854
0.091805
0.106169
0.089385
0.034803
0.124565
0.047652
0.033087
0.056166
-0.018646
-0.078891
-0.006043
0.010839
0.009046
-0.011541
-0.004083
-0.008469
-0.021860
-0.019484
-0.000526
-0.027723
0.011606
0.032072
0.020358
0.085407
0.150141
0.043530
0.068761
0.030092
0.125233
0.089303
0.082305
0.101860
0.030678
0.061077
-0.058934
-0.041809
-0.012716
0.014665
0.078067
0.079005
0.082714
0.031204
0.032660
0.003476
0.046692
0.049582
-0.029219
-0.058987
-0.059494
-0.007198
0.051971
0.071433
0.070592
0.139858
0.033947
0.032945
0.041060
0.094260
0.034192
0.015365
0.050754
0.005354
-0.096166
-0.015285
0.133847
0.130662
0.137194
0.139725
0.139276
0.096797
0.112231
0.041928
0.048617
0.026676
-0.019959
-0.038533
-0.084060
0.012732
0.002447
0.025067
-0.006265
0.009840
0.066437
0.007816
0.084561
0.048103
0.018786
0.044756
-0.068240
0.041061
-0.011129
0.003320
0.074287
-0.027064
-0.042858
-0.024021
0.001039
-0.026543
0.013694
-0.009297
0.075727
0.091614
0.006043
-0.002913
-0.032679
0.038024
0.003778
-0.037577
0.053003
-0.000986
-0.028211
-0.041559
0.052423
0.073468
0.020608
-0.016778
0.040807
0.042610
0.105961
0.062597
0.013686
0.026363
0.008429
-0.096337
-0.126796
0.024317
-0.008522
-0.101391
-0.036423
0.028966
-0.022254
-0.032773
0.001612
0.020341
-0.023471
0.048280
0.061646
0.032581
0.044463
-0.000463
-0.009889
-0.026375
-0.024976
0.097594
0.044255
-0.008876
0.033748
0.033408
0.059505
0.082471
-0.018494
-0.047151
0.023453
0.026052
-0.025249
0.011647
0.024844
0.039419
0.095262
0.102303
0.003553
0.070307
0.096154
0.015333
0.056572
-0.031207
-0.085045
0.035066
0.021159
-0.033692
-0.045177
-0.069687
0.007535
0.018381
0.029925
0.009356
-0.029379
-0.003451
0.066341
0.024227
0.032908
0.139240
0.072155
0.060235
0.022408
0.024354
0.038248
-0.109534
-0.003211
0.092902
-0.011728
-0.000797
-0.000158
0.062701
-0.019333
-0.018333
0.087468
-0.014629
0.012161
0.076601
0.042278
0.021271
-0.006389
0.020311
0.055409
0.029779
0.076352
0.034926
-0.004234
0.055016
0.065905
0.048919
-0.001470
0.039190
-0.024070
-0.058758
-0.086237
0.001939
0.092962
0.019641
-0.036582
0.059015
0.093705
0.058990
0.042431
0.026680
-0.055807
-0.102091
-0.033544
-0.033089
-0.065088
0.060787
-0.004693
-0.034260
-0.007526
-0.028161
-0.032798
0.018676
0.063544
0.097194
0.049935
0.044607
0.031735
0.087002
-0.039942
0.022332
0.058806
-0.000396
-0.017591
-0.076967
0.016920
-0.027053
0.018975
-0.005782
0.049972
0.075696
0.031081
0.043860
0.008616
0.031578
-0.003357
-0.026334
0.050822
0.025532
0.009351
-0.024244
-0.017049
0.038563
0.003383
-0.013942
0.007146
-0.016556
0.099704
0.044734
0.000227
-0.025173
-0.045131
0.052008
-0.030153
0.050374
0.045851
0.039430
-0.095275
0.047984
-0.018036
-0.124429
0.000410
-0.068465
0.022854
-0.075216
0.041808
0.024198
0.000469
0.071249
-0.022127
0.004983
0.073092
0.034714
-0.023733
-0.034449
-0.051015
0.058776
-0.057066
-0.059406
0.034446
-0.002015
0.070949
-0.039157
0.068800
0.023257
-0.016527
0.032712
0.063198
0.008573
-0.027915
0.021917
-0.066497
0.002122
0.106873
-0.048513
-0.011183
0.004160
-0.002744
-0.035257
-0.064041
0.056809
-0.049529
-0.035508
-0.038286
0.006369
0.049257
-0.114825
-0.039062
0.048994
0.009306
0.074939
0.093453
0.025385
-0.017178
-0.056548
0.099291
-0.027132
-0.085510
0.046729
0.100702
0.069991
0.076378
0.064135
0.067929
0.061788
0.025856
-0.016182
-0.027217
-0.032646
0.046013
0.121563
0.078309
0.036871
0.009294
-0.007562
-0.030335
-0.031189
-0.058773
0.015353
-0.017645
-0.020116
-0.043986
-0.024019
0.009881
-0.049660
0.049187
-0.004431
0.039443
-0.001521
0.073190
0.042570
0.030710
0.006510
0.002706
-0.011593
-0.030376
-0.032302
-0.117806
0.010169
0.013125
0.012853
-0.020747
0.045639
0.034567
-0.097116
0.002371
0.025547
-0.063369
0.020443
-0.068407
0.023879
0.036789
-0.040713
0.014138
0.081243
0.067202
0.024494
0.118504
0.015068
0.065739
0.021878
0.005980
-0.044698
0.016654
0.093537
0.003238
-0.037368
-0.014414
-0.029998
-0.043597
0.081801
0.061350
-0.053363
0.079826
-0.009676
-0.013933
-0.008675
-0.072910
-0.009644
-0.043575
0.110862
0.037033
-0.037602
0.057006
0.159958
0.074881
0.077078
0.045977
0.065221
0.054725
-0.021157
0.071873
0.037164
0.036549
0.002311
0.017808
0.095148
-0.002353
0.082838
0.124437
0.044839
0.048299
0.097887
0.076322
0.009327
0.036647
0.091583
-0.013872
-0.017459
0.005153
0.077825
0.062262
0.074676
0.032196
0.018316
0.035838
0.009853
0.048441
0.015968
-0.021654
0.053331
0.090277
0.095151
-0.001555
0.000529
0.014843
0.029459
-0.037512
0.022487
0.030281
0.031969
0.048366
0.043369
0.058274
-0.001449
-0.033485
-0.050945
0.011626
-0.001549
-0.008604
-0.010195
0.045300
0.008587
0.047249
0.100082
-0.073410
0.009273
-0.063994
-0.077067
-0.056451
0.002893
0.007883
-0.004133
-0.016067
0.014717
0.025605
0.046479
0.019247
-0.029202
-0.009137
0.059420
0.034029
0.073375
0.023782
-0.047975
-0.039065
-0.009983
0.071942
-0.043912
0.034298
0.016151
-0.007321
0.092504
0.058716
0.052008
0.032371
0.063958
0.116910
0.028280
0.032041
0.072200
0.059006
0.023464
0.027668
0.095921
0.059950
0.086816
-0.085577
0.001677
-0.031504
-0.095947
-0.003782
-0.040118
-0.098380
0.037216
0.083300
0.062920
0.052225
-0.031650
0.057818
-0.049289
0.064503
0.121375
-0.012354
0.037015
-0.034011
-0.035029
0.026897
0.025530
0.009596
0.104433
0.004421
-0.071245
0.045072
0.007809
0.066960
0.089541
0.016746
0.009791
0.007708
0.006577
0.000587
0.060999
0.047175
-0.008191
0.005167
-0.032556
0.021833
0.089120
0.050420
0.015416
0.019901
0.027614
-0.027348
0.062550
0.081422
0.023622
0.038613
0.000445
0.012534
0.012259
0.072997
-0.007634
-0.004661
0.066850
0.008722
-0.005143
-0.019308
0.061226
0.091369
-0.019248
0.091899
0.007274
-0.028288
0.073468
-0.024298
0.017372
0.044433
0.085495
0.089612
0.057650
0.102763
0.113369
0.007494
-0.036635
0.001114
-0.066631
-0.044692
0.054404
0.062564
0.076171
0.006277
0.083536
0.015918
-0.088880
-0.038830
-0.059452
-0.064671
0.038785
0.070785
-0.045556
-0.006797
0.002105
-0.107694
-0.034719
-0.035174
0.043563
-0.026626
-0.030004
0.076859
-0.032455
-0.025555
-0.056887
-0.013076
0.020383
-0.011275
0.027553
0.011424
-0.040874
-0.034639
-0.068209
0.022269
-0.052842
-0.038780
0.091855
-0.031429
-0.021923
-0.032003
-0.004509
-0.063725
-0.057740
-0.014488
-0.020657
0.005090
0.011345
0.009683
0.047782
-0.056275
-0.090410
-0.052212
-0.034182
-0.073727
-0.022597
0.043577
0.007271
-0.035326
-0.041925
0.020685
0.014096
0.066437
-0.005997
0.043275
0.050205
-0.020689
0.035342
0.024240
-0.005931
0.068568
0.012495
0.000918
0.033970
-0.034818
-0.024763
-0.040385
-0.143083
-0.029213
0.027868
0.017800
0.003939
0.025952
-0.014974
-0.006608
-0.033514
-0.050135
0.032691
0.018717
0.000016
-0.061644
-0.046822
0.010038
-0.084872
0.056266
-0.019263
-0.036050
0.002270
-0.037733
0.002469
0.036049
-0.014469
-0.002607
-0.050311
-0.074339
0.025955
0.109005
0.052116
-0.003485
0.073306
0.076429
0.068301
0.039621
0.042921
0.033656
0.033257
0.064966
0.070242
0.074368
0.008456
0.084414
-0.021926
0.044899
0.122870
0.045866
0.055649
0.005624
0.023092
-0.005912
0.023400
0.088965
-0.002028
0.062359
-0.054598
0.013616
0.078370
-0.043870
0.042675
-0.004375
0.023574
-0.020363
0.001950
-0.030072
-0.073134
0.003375
-0.062528
-0.013294
-0.006352
-0.087538
-0.045010
-0.010550
0.001216
0.009801
0.096964
0.006041
-0.019705
0.040068
0.050900
0.027564
0.021103
0.037730
0.015035
-0.025563
-0.032614
-0.017361
-0.071376
0.025713
0.041545
-0.120866
-0.063664
-0.003801
-0.121591
-0.102193
0.017614
-0.064992
0.005694
0.050789
0.051003
0.039553
-0.005892
-0.013170
0.071440
0.035213
-0.043039
-0.028331
-0.065953
-0.005987
-0.160018
-0.101833
-0.038589
-0.107889
-0.075176
0.079374
0.004754
-0.063456
0.068404
-0.037426
-0.014524
0.017088
-0.051549
0.035855
-0.052118
0.004080
0.051418
0.066639
0.063606
-0.004005
-0.003449
0.019862
0.006500
-0.023317
-0.003868
-0.051642
0.078564
0.042845
-0.017997
0.094468
0.012536
0.104590
0.106455
-0.019421
-0.000205
0.046038
0.009953
-0.056616
0.017053
0.011889
0.015953
0.111222
0.057641
-0.024521
-0.036813
0.020833
0.072654
0.018293
-0.017223
0.023042
0.113472
0.045734
0.034129
-0.053944
-0.113948
-0.045379
-0.072366
0.004009
0.027636
-0.099824
-0.049264
-0.005699
-0.052881
0.061834
0.051023
-0.026230
-0.009833
-0.035612
-0.009131
0.076401
0.070190
0.034466
0.022975
-0.065291
-0.018829
-0.029800
-0.017874
0.066541
0.032972
-0.013628
0.089416
0.033561
-0.001618
-0.009054
0.011598
0.002161
0.007981
-0.031114
0.011512
0.038703
0.048964
0.016871
0.031859
0.010860
0.030694
0.075761
0.003808
0.010343
-0.015126
0.017480
0.058152
0.014720
0.017501
-0.014278
-0.016620
0.019119
-0.044336
-0.005914
-0.046118
-0.019998
0.039328
0.026974
0.021073
-0.005456
-0.041785
-0.043727
-0.013975
-0.075823
0.002103
-0.035139
-0.137064
0.002173
-0.019035
0.029362
0.030479
-0.025816
-0.065834
-0.046881
-0.064348
-0.081501
-0.038996
0.007769
0.028592
0.042248
0.080247
0.014569
0.030147
0.050952
-0.035647
0.014107
0.009779
-0.074654
-0.076479
-0.071524
-0.039486
-0.016092
0.004142
-0.028788
-0.047451
0.001099
0.016273
0.033471
0.003866
0.024280
-0.053681
-0.017805
-0.025373
0.045812
-0.022553
0.080672
0.045795
-0.005778
0.020383
-0.000738
0.074521
0.000143
0.029760
-0.066589
-0.035934
-0.017672
0.009341
-0.027875
-0.043699
-0.059514
-0.118917
-0.021050
-0.090256
-0.033051
0.108607
-0.020483
-0.038492
-0.067513
-0.024729
0.004494
-0.054435
-0.008935
0.028765
-0.080270
-0.081352
0.066650
-0.057930
-0.013120
0.002740
0.034860
0.086039
0.020666
0.105664
-0.006207
0.076070
0.013350
-0.013194
0.057791
-0.075472
0.001081
-0.075419
-0.111072
0.007086
0.040229
0.058214
0.046163
0.036347
0.013813
0.025599
-0.035442
-0.029280
0.022558
0.004495
0.024869
0.038489
0.127648
0.056886
-0.062872
0.014693
-0.016281
0.015657
0.048596
-0.010514
-0.052771
0.033074
0.008865
0.014239
0.085686
0.025401
-0.039037
-0.023059
0.029606
0.084466
0.022536
-0.015593
-0.043507
-0.047439
-0.024865
-0.038687
-0.090802
-0.093530
-0.082184
-0.061394
-0.037869
-0.053739
0.035809
0.087825
-0.002943
0.047070
-0.025912
-0.106022
-0.097390
-0.120848
-0.056559
-0.068916
0.091334
0.114288
0.020814
0.034257
0.075784
0.026604
0.003301
0.026327
0.053173
-0.010811
-0.056037
-0.069197
-0.115364
-0.054087
-0.012900
0.039133
0.036833
-0.011030
0.119799
0.013518
-0.033106
-0.002402
0.056897
0.095299
-0.004375
0.064672
-0.018171
-0.010648
0.051914
0.094786
0.061963
0.021653
0.114131
0.035863
0.083606
0.132483
0.087787
0.006466
0.008309
-0.022711
0.000914
0.029710
0.029271
0.025180
0.049734
-0.054952
-0.004561
0.040305
0.022302
0.061317
0.026699
0.053844
0.073432
-0.054067
-0.002626
-0.059267
-0.060403
-0.006983
0.054263
0.059742
0.028028
0.088421
0.025011
0.102529
0.038530
-0.044308
0.036010
0.029007
0.067075
0.018234
0.007649
-0.016219
-0.006978
0.051020
-0.001879
0.101991
0.046288
0.008238
-0.007618
-0.078838
-0.045652
-0.044396
-0.101491
0.020342
-0.096971
-0.040963
-0.078324
0.037369
0.031250
0.041241
0.079180
-0.019834
0.066644
0.036733
-0.008289
0.008915
-0.026427
0.002870
0.018554
-0.090246
0.024688
0.028220
0.009989
-0.138133
-0.056550
0.068580
-0.080818
-0.047325
0.037355
0.060422
0.020556
-0.026618
-0.030116
-0.059697
-0.013692
0.046080
-0.003230
-0.044324
0.027808
0.063150
-0.018706
0.071370
0.067051
0.054876
0.027806
0.048971
0.054242
0.044662
0.068678
-0.057846
0.029476
0.072497
-0.000821
0.058950
0.069391
0.021747
-0.014083
0.111624
0.077304
-0.050617
0.008049
0.047859
0.094126
-0.010298
-0.050227
0.060646
0.027442
-0.087772
0.088132
0.037861
-0.020110
0.051965
0.003476
-0.020386
0.009375
0.027360
0.022899
0.030006
-0.009476
-0.006609
-0.102673
-0.026261
-0.066447
-0.032691
0.043598
0.010102
0.074703
0.029824
-0.013070
0.004798
-0.051862
-0.026897
0.013228
-0.051999
0.031162
-0.028258
-0.032021
0.089249
-0.035798
0.027493
-0.033329
-0.097173
0.085956
-0.007389
0.013283
0.026254
0.004067
0.014388
0.037230
0.067389
-0.025844
-0.015069
-0.010617
0.068234
0.098050
0.048135
0.042779
0.039200
0.001569
-0.005489
0.050011
-0.017076
0.031740
0.057055
-0.034379
0.008728
0.027506
-0.007335
0.001981
0.007852
0.036210
0.071955
-0.024641
0.050006
0.034521
0.003287
0.030315
0.000198
0.004403
0.061785
0.044416
0.001519
-0.067590
-0.005053
0.016482
0.041372
0.033687
-0.003956
0.038943
0.034893
0.023027
-0.036551
-0.016272
0.039552
-0.017206
-0.053554
0.049084
0.025149
0.006364
0.028432
0.027003
0.042344
0.021445
-0.028739
0.035757
0.049783
0.002915
0.049140
0.040223
-0.064904
-0.003109
0.021909
0.035122
0.059200
0.049710
-0.026582
-0.082336
0.057695
-0.003194
-0.008980
0.047569
-0.023769
-0.025027
0.052917
-0.069779
-0.136048
-0.052065
-0.081312
-0.011045
-0.008060
-0.034322
0.087898
0.071377
0.055932
0.058947
0.010650
0.053447
0.002135
0.044349
-0.030830
0.062089
0.083223
0.002731
0.033304
0.059635
0.078346
0.029950
-0.043602
0.003160
0.074790
0.060662
0.021140
0.044418
-0.000865
0.023590
0.051781
0.011496
0.037314
0.042811
-0.065087
-0.050992
-0.061968
-0.064691
-0.063340
0.075064
0.051671
0.050829
0.013698
-0.045895
0.085325
0.029168
0.069885
0.009353
0.060173
0.015136
0.018711
0.082625
0.026079
-0.011436
-0.012193
0.026743
0.014627
0.087136
0.095188
0.061821
0.015195
0.069414
0.001328
0.035593
-0.001782
-0.020296
0.013706
0.014827
0.060883
0.061599
0.032435
0.008532
0.029854
0.034413
0.111798
0.012028
0.043097
0.064729
-0.122016
-0.025958
-0.002949
0.080878
0.014822
-0.034887
0.054909
-0.063804
-0.052441
0.065659
0.055086
0.051259
0.004669
-0.041835
0.097004
0.064529
0.039924
-0.055983
-0.043547
0.046226
-0.008779
0.029802
-0.029294
0.017680
0.001228
-0.021585
-0.012046
-0.069729
0.007845
0.020982
0.002601
0.094802
0.018228
-0.008315
0.007317
-0.050281
0.079959
0.087812
-0.014657
0.031525
-0.039973
-0.004831
-0.011031
-0.111479
-0.006588
-0.008725
0.034467
0.045063
0.005275
0.010490
0.075013
0.045398
-0.066594
0.012083
-0.000778
-0.003565
-0.034045
-0.031032
0.063203
0.063866
0.009686
-0.039036
0.006879
0.066260
-0.053514
-0.026259
0.021578
0.014219
0.024902
-0.022737
0.057061
0.072625
0.048600
0.072306
-0.038197
-0.066227
-0.005897
-0.053336
-0.013568
0.053078
0.013578
-0.064910
-0.040601
0.057118
0.005160
-0.190376
-0.003888
0.042077
0.043762
0.064183
-0.043622
0.092119
0.000107
-0.017945
0.008136
-0.021684
-0.086301
-0.067007
-0.034356
-0.002355
0.104766
-0.081977
0.000931
0.058745
-0.049779
0.125182
0.064623
-0.027861
-0.018570
0.054352
0.056355
0.041915
-0.014408
0.060356
-0.017257
0.053517
0.016799
-0.052089
0.036155
-0.010524
0.058113
0.089346
0.065316
-0.028081
0.049906
0.092872
0.010040
0.119539
-0.019316
-0.045337
-0.042400
-0.079861
-0.031344
-0.072969
0.009943
-0.016428
0.006927
-0.039757
0.022454
0.008519
-0.079691
0.022594
0.012356
0.041755
0.071929
0.012057
-0.026334
0.011510
0.000187
0.025403
0.058224
0.103424
0.029233
-0.037044
0.004961
0.028037
0.021934
0.025504
-0.104265
-0.006839
0.054045
-0.035544
0.039848
-0.020178
-0.021709
-0.078306
0.001482
-0.014737
-0.035026
0.001037
0.061650
0.037319
0.027162
-0.009087
-0.034214
-0.009948
-0.074656
-0.010582
0.028854
0.063077
0.137114
-0.013374
-0.079782
-0.063401
-0.045482
0.003935
0.071287
0.045466
0.036283
0.049796
0.024680
0.026689
-0.051796
-0.004660
0.016714
-0.007672
0.041810
0.059907
-0.036237
-0.037523
0.009915
-0.012999
0.012542
-0.036562
-0.024082
-0.055686
-0.057411
-0.001448
-0.049114
-0.076367
0.059923
-0.016682
-0.090930
0.060289
0.011561
-0.010137
-0.078767
-0.018159
-0.002171
-0.070141
0.065729
-0.040420
0.013968
0.061270
-0.023277
-0.016218
0.048997
0.088625
0.025856
0.057320
0.022159
0.017647
0.057916
-0.091162
-0.085002
-0.087722
-0.024054
-0.000709
-0.020326
-0.030527
-0.061156
-0.008636
-0.002331
-0.073703
0.063918
-0.079801
-0.073058
-0.006331
-0.076516
-0.018236
-0.046677
0.025382
0.029550
0.007557
0.014685
-0.058223
-0.087146
-0.011333
-0.045262
-0.074848
-0.068226
0.063162
0.071370
-0.044552
0.013948
0.026432
-0.009310
-0.093475
-0.053256
-0.053724
-0.038293
0.075210
-0.057560
-0.017761
-0.003170
0.006557
0.049030
-0.052160
0.089180
0.014510
0.041502
0.112179
0.020797
-0.051670
-0.021903
-0.026087
-0.003155
0.041958
0.100022
0.072301
0.005171
-0.027863
0.027981
-0.048315
0.018816
0.072020
-0.009031
-0.051644
-0.064485
-0.069030
-0.018761
-0.057716
-0.028323
0.090105
0.041600
-0.021296
-0.007644
-0.029035
0.047428
0.109763
-0.040773
0.002847
-0.014632
-0.098650
-0.019497
-0.024448
-0.099475
-0.027887
-0.062253
-0.013165
-0.074824
-0.010036
0.080795
0.155374
0.066125
0.077472
0.027716
0.013601
0.063276
0.033273
0.019635
0.023092
-0.006057
-0.068692
0.052493
-0.019573
-0.020335
0.067425
-0.042298
-0.016971
0.046287
-0.014250
0.009425
0.010020
-0.002403
0.156854
0.028938
-0.108114
-0.052367
-0.022898
-0.041141
-0.008294
-0.054457
-0.006385
0.046144
0.047783
0.020910
-0.049282
0.048216
-0.016540
0.031840
-0.025303
-0.029252
-0.051785
-0.047307
-0.123970
-0.117671
-0.065291
0.024897
0.036725
-0.009507
-0.079530
-0.018296
-0.011434
-0.074907
-0.000012
-0.030755
0.126318
0.036046
-0.034863
0.039793
0.054348
0.019003
-0.095159
-0.003072
-0.097915
-0.083575
0.005914
0.036991
-0.017244
-0.025552
0.067383
0.004561
0.043805
0.004779
-0.044979
-0.013090
0.026286
0.003455
0.050816
0.097461
-0.023190
0.003835
-0.046722
-0.024362
0.036956
-0.052974
-0.030324
0.000814
0.037824
0.003660
0.009573
0.029728
-0.001369
-0.011859
0.045329
0.127851
0.009889
0.034558
-0.022158
0.004171
0.143861
0.034275
0.010740
0.044540
0.038033
0.021078
0.115188
-0.061048
0.032942
0.049821
-0.010717
0.096138
0.045823
0.002641
-0.017045
0.012725
0.069604
-0.039266
-0.014316
0.080668
0.003375
0.051302
0.061514
-0.020219
0.028208
-0.008077
-0.032745
0.001723
0.078529
-0.023770
0.028701
0.066706
0.015435
0.064305
0.010449
-0.011113
-0.002695
0.095376
-0.052345
-0.113324
0.084074
-0.067796
-0.005712
0.015168
-0.019158
-0.015828
0.033960
0.009813
0.034095
0.055669
0.055089
0.062537
0.073058
0.082168
0.003020
0.066843
0.098731
-0.016478
0.035302
0.038608
-0.070927
-0.014232
-0.046824
-0.050472
0.131084
-0.027222
-0.107751
-0.045941
-0.014486
0.020250
0.054674
0.127715
0.078784
-0.028016
0.065726
0.015977
-0.099575
0.046952
0.012898
0.076503
0.044518
-0.006466
0.043769
-0.020575
-0.066947
-0.015658
-0.015044
0.022192
0.031261
-0.032813
0.055375
-0.053799
-0.072337
0.018383
-0.042719
-0.039030
0.008925
-0.141267
-0.020135
0.038206
-0.129839
0.016675
0.020974
-0.014550
-0.060492
0.062448
-0.000075
-0.018989
0.072330
0.063500
0.035798
-0.062533
-0.000656
-0.040407
0.057680
0.023700
-0.067080
0.013683
0.078721
0.056260
0.046555
-0.060335
-0.005980
-0.056440
-0.122960
-0.082735
-0.064567
0.037602
-0.022550
-0.028760
0.103139
0.020767
0.048928
-0.002055
-0.095257
0.026469
-0.010362
-0.091014
-0.008242
-0.126594
-0.037078
0.017648
-0.053114
-0.060153
-0.031551
-0.023817
0.060506
0.089482
0.007656
0.086554
-0.016750
-0.019269
-0.030379
0.038714
-0.035761
-0.006344
0.071250
0.018051
-0.004613
-0.088198
-0.006434
0.067969
0.025662
-0.059138
0.062292
-0.030422
0.000116
0.007783
-0.078608
0.119154
-0.010812
-0.021095
0.073240
-0.018659
0.038863
0.032851
-0.027926
0.058882
0.076042
0.030923
-0.003059
0.050438
0.042980
0.017590
-0.053581
0.034347
0.050546
-0.078650
-0.053661
-0.015022
-0.072581
-0.019360
-0.095277
0.047723
-0.008866
0.003879
0.114844
0.019476
-0.043551
0.010550
-0.113321
0.019778
0.049450
-0.076209
0.056894
0.006438
-0.028478
0.038374
0.012029
0.023312
0.026491
0.056928
-0.033188
-0.021418
0.012516
0.024167
0.047324
-0.076466
-0.025732
0.053439
0.004328
-0.034250
0.003318
-0.032278
-0.019584
0.027758
0.076597
0.040577
-0.008340
0.090715
0.022399
-0.018624
-0.030118
0.071002
0.103033
0.056850
0.089653
0.044368
0.027912
-0.007380
-0.045230
-0.026176
0.002512
0.000620
-0.034067
0.011746
0.062154
-0.006718
0.051554
-0.012462
-0.040041
0.012795
-0.061639
0.039286
0.021122
0.070890
0.014855
0.022642
-0.068708
-0.053747
0.008354
0.015928
0.039174
-0.005729
0.028274
0.053378
0.013966
-0.017327
0.008743
0.022543
-0.063904
-0.001126
0.058955
0.052706
0.080111
-0.090724
-0.042173
-0.012475
0.001006
0.056211
-0.062991
-0.063872
0.007574
0.008441
0.008386
-0.012894
-0.031282
0.040090
-0.064299
-0.045469
-0.062485
0.002258
-0.100234
-0.057739
0.030419
-0.005976
0.033656
0.050164
0.011402
0.020497
0.069757
-0.034945
-0.086475
-0.063803
-0.032738
-0.019429
-0.092428
-0.069962
0.013066
0.005893
-0.054803
0.003163
0.029433
-0.041614
0.055048
0.033776
0.026747
0.040834
0.017866
-0.041069
0.030407
-0.022399
0.027775
0.020704
-0.034742
-0.040370
-0.003800
0.091370
-0.011384
0.003241
0.017373
0.112548
0.006925
0.074756
0.092728
0.043351
0.033122
-0.057016
0.082605
0.116018
-0.045659
0.058189
0.086448
0.011882
0.039548
-0.108195
0.028902
0.068375
-0.103146
-0.048912
-0.008556
0.013912
0.105470
0.026574
0.023414
0.068675
-0.025986
-0.016956
-0.011527
-0.040583
-0.011881
-0.015408
0.046758
-0.006068
-0.026660
-0.090434
0.094157
0.059113
-0.052542
-0.112097
-0.006209
0.015687
-0.063195
-0.000407
0.005511
-0.033852
-0.073711
0.045211
0.026562
0.019024
0.009489
-0.086861
-0.020408
0.014905
-0.006048
-0.028002
0.042109
0.050230
-0.056332
-0.011682
0.005742
-0.056153
-0.041819
-0.028303
0.046307
0.083670
0.048871
0.046770
-0.008490
-0.047637
0.015608
0.020361
-0.095250
-0.024541
-0.039658
-0.152585
-0.017397
0.074485
-0.044220
-0.019879
-0.023102
-0.022278
-0.003861
0.076383
-0.044350
0.030425
0.036061
-0.018481
0.040171
-0.065355
-0.051588
0.036837
0.057482
0.041656
0.103723
0.055742
-0.023321
-0.031987
-0.016833
-0.012289
0.035503
0.107193
-0.034667
0.006435
0.063789
0.068031
0.049492
0.001715
0.014476
0.002987
-0.078747
0.041986
0.087208
-0.023880
-0.025985
-0.032086
0.018731
0.056664
0.007771
0.037097
0.031078
0.010893
-0.018656
-0.058340
-0.043514
0.037383
-0.088117
-0.037224
0.060168
-0.107415
-0.036165
0.029013
0.056769
0.050235
-0.006895
0.009963
0.072129
0.018800
0.018560
0.049704
0.067389
0.040202
-0.021380
0.039558
-0.001591
0.026719
-0.042156
-0.070008
0.044195
0.003769
-0.040358
0.039515
-0.051600
-0.098996
0.008700
-0.032166
-0.022663
0.045260
0.025927
0.037329
-0.001612
-0.056727
0.016237
-0.051346
-0.008073
-0.023978
0.040465
-0.006775
-0.050915
0.011438
0.008606
0.010882
0.060036
0.043911
0.005555
0.024141
-0.044334
-0.099849
-0.014665
0.032849
0.061096
-0.025062
0.012907
-0.056596
-0.119797
-0.020729
0.003361
-0.034473
0.002241
0.005341
0.085916
0.020437
0.047425
-0.060795
-0.045555
0.075695
0.001402
0.072449
0.048787
0.025553
-0.001038
0.028645
0.038173
-0.027584
0.005281
-0.046944
0.054962
-0.045388
-0.085915
0.025861
0.004742
0.070445
-0.038007
-0.058931
0.029811
-0.029113
-0.002243
0.003108
0.015726
0.067125
0.018489
0.037411
0.002330
0.042185
-0.047310
-0.035266
-0.042548
-0.097432
0.013221
-0.101600
0.009507
-0.018825
-0.019491
0.080520
0.059785
0.123860
-0.002202
0.020329
0.026441
-0.040548
0.000862
0.009960
0.049635
-0.030569
-0.011929
-0.032751
0.028502
0.012672
0.046507
0.060325
0.020671
0.032506
-0.034620
-0.050157
-0.015931
-0.101789
0.034319
0.043764
-0.065924
-0.025072
-0.007217
-0.054281
0.029772
0.000418
-0.080661
-0.054786
-0.131728
-0.049945
-0.083149
0.034725
0.038832
0.065159
0.089671
-0.016201
0.077801
0.143057
0.069861
0.074371
0.082425
0.023425
0.038089
0.016750
0.016945
0.065567
0.086015
0.062839
0.011425
-0.040216
-0.071743
0.069285
0.087158
-0.053848
0.030303
0.097647
0.045649
0.050457
0.104343
0.098887
-0.036496
-0.032503
0.017291
0.003856
-0.079281
-0.045561
0.013025
-0.082744
-0.022322
0.003105
-0.000321
-0.013310
-0.028084
0.028753
-0.038019
-0.011760
0.082899
-0.017740
0.047373
0.007664
-0.008235
0.009200
-0.080545
-0.067541
0.060841
0.010863
-0.053667
-0.069388
0.130831
0.015487
-0.022421
0.051853
0.017348
0.035720
-0.019760
-0.070927
-0.043204
-0.061172
-0.043327
0.047666
0.062159
0.029780
0.013290
0.082547
0.022212
-0.006385
0.030749
0.082003
-0.002294
-0.036360
0.022075
0.104193
0.030024
0.064415
0.047342
0.001798
0.057410
0.022549
-0.070519
0.062259
-0.025055
0.048225
0.027205
-0.009187
0.067647
0.010981
-0.057745
0.012480
-0.053076
-0.114465
0.070853
0.007754
-0.016454
0.098335
-0.034222
-0.060822
-0.017127
-0.062500
-0.097622
-0.026663
0.003932
-0.027222
0.046203
0.043776
0.089895
0.066733
-0.025606
0.074941
-0.008647
-0.073104
0.069663
0.049414
-0.007698
0.059120
-0.016582
-0.030600
0.021491
-0.074947
0.013117
-0.021548
-0.066209
-0.038409
0.015876
0.087017
0.062348
-0.017283
-0.083763
0.044870
0.037060
0.001160
0.081422
0.021733
-0.045664
-0.023994
-0.036809
0.095281
-0.068148
0.043853
0.118958
-0.039337
-0.101858
0.049731
-0.041727
-0.045927
0.004310
0.005776
0.027573
0.020302
0.021439
0.017998
0.001891
0.040188
0.019748
-0.003714
0.028837
0.105687
0.042355
0.082948
0.013566
-0.083527
-0.003877
0.019712
0.027532
-0.055206
0.007527
-0.011308
-0.101254
0.025573
-0.028927
-0.037414
0.072383
0.035208
0.043738
0.024984
0.025607
0.005932
0.024222
0.050688
-0.013841
-0.014044
-0.031200
-0.004831
0.083828
0.001239
0.072229
-0.042663
0.105319
0.066255
-0.015162
0.057936
0.011931
0.001892
0.008133
0.022121
0.060285
-0.002310
0.064556
-0.037682
-0.053173
-0.038349
-0.017855
-0.000658
-0.002706
0.034927
-0.032782
-0.017764
-0.005645
-0.007394
0.087167
0.022765
0.065106
0.121749
0.065242
0.076965
-0.007569
-0.008699
0.006989
-0.001729
0.033706
-0.078319
-0.097787
0.014695
-0.013252
-0.005952
0.026951
0.102434
-0.056552
-0.032134
0.070182
-0.047858
0.017380
0.077349
0.024855
0.087726
0.058851
0.089455
0.018403
-0.020000
-0.001656
0.085404
0.042126
0.004985
-0.019710
0.002579
-0.016289
-0.050740
-0.010288
-0.010698
0.017210
0.047791
-0.006338
-0.047606
-0.007321
0.016398
0.002501
0.001439
0.027773
0.084639
0.037396
-0.047523
-0.010570
-0.037276
-0.084774
-0.012039
0.006948
-0.036699
-0.036825
-0.033349
-0.019409
-0.052881
-0.023245
0.011518
-0.084187
-0.063833
-0.014639
-0.090805
0.005744
-0.006927
0.043382
0.037521
0.009947
-0.019461
-0.059226
0.012404
0.006337
0.033292
-0.060761
-0.030635
-0.046165
-0.113665
-0.017433
-0.051328
-0.110569
-0.047207
-0.051342
-0.047470
0.010686
-0.030875
-0.042810
0.011141
0.053522
-0.012001
0.070406
0.012478
-0.069934
-0.042206
-0.030148
-0.000672
-0.064199
-0.028069
-0.048352
-0.005747
0.024633
0.053355
-0.014295
0.017974
0.009051
-0.032785
-0.002329
-0.028535
-0.032809
-0.020335
-0.000925
-0.046234
0.058583
0.075549
0.060844
0.024874
-0.074794
-0.077647
-0.000274
-0.000354
-0.031477
0.059299
-0.002672
0.041248
0.016691
0.016492
0.083536
-0.012683
0.052139
0.104962
-0.028588
-0.034282
-0.067602
-0.002087
-0.019809
0.005031
0.150902
0.087505
-0.041649
-0.022517
-0.013537
-0.028751
0.054478
0.027335
0.051489
0.045643
0.024137
0.000279
0.062277
0.065573
0.078627
0.055706
0.032196
-0.014223
0.016040
-0.025084
-0.007004
-0.000113
0.037561
0.042139
-0.046584
0.014568
-0.008967
-0.069442
-0.063408
-0.091175
-0.054935
0.083187
0.016378
0.032595
0.055168
-0.000670
-0.004093
0.102926
0.033243
0.077290
0.008760
0.018773
0.071133
0.006362
0.048213
0.033998
-0.024170
-0.025302
0.035942
-0.002888
0.051051
0.038016
0.034555
-0.015546
-0.073726
-0.007032
0.083788
-0.018753
-0.025221
-0.021208
-0.002861
-0.063164
-0.008166
-0.021600
-0.028146
-0.024575
-0.058114
0.034386
0.004947
-0.035764
0.043132
-0.007585
0.001101
0.070603
0.007634
0.010663
0.034969
0.036097
-0.011650
0.019466
0.110838
0.064296
-0.005581
0.074255
0.030169
-0.024519
-0.055255
-0.001262
-0.025117
-0.040922
0.004260
0.068734
0.081734
0.005067
-0.052442
0.009965
-0.047760
-0.147556
-0.039655
-0.010900
-0.030490
-0.059368
-0.081657
-0.017208
0.028465
-0.009174
0.033640
0.065000
0.131157
-0.055378
-0.005847
0.104113
-0.058407
-0.079555
-0.045609
0.041405
-0.026689
0.030322
-0.039956
0.026009
0.086845
0.081844
0.004791
-0.024438
0.021787
-0.011170
0.012508
0.061158
-0.070029
0.008135
0.048375
-0.044171
-0.017571
0.012134
0.005698
0.019193
-0.098825
0.026600
0.000992
-0.068972
0.023294
0.021005
0.016299
0.081849
-0.008405
-0.127688
0.022863
-0.041022
-0.043201
-0.012357
-0.058172
-0.002671
0.057783
-0.104861
-0.076752
0.097734
-0.016785
-0.028534
-0.050083
-0.021940
0.015115
-0.000619
0.020753
0.044490
0.008606
0.089445
-0.035612
0.000536
0.014422
0.061459
0.063062
-0.000833
0.001494
0.077041
0.085896
0.021729
0.028216
-0.031423
-0.031788
0.077842
-0.063331
-0.034553
-0.039605
-0.067923
-0.026523
-0.113624
-0.049430
0.004446
-0.022758
-0.079324
0.036743
0.018805
-0.010258
-0.031984
-0.008288
-0.009093
-0.021295
-0.046663
-0.026368
-0.023866
0.022133
0.071202
-0.028492
0.004558
0.021842
-0.053717
0.001184
-0.011514
-0.011432
0.018026
-0.023224
0.031550
0.010299
-0.069266
-0.048284
-0.000297
0.031246
0.042902
0.032916
0.078599
-0.021627
-0.018218
-0.069017
-0.103665
0.020741
-0.026646
0.072628
0.051100
-0.023910
0.041967
0.053262
-0.008850
0.026915
-0.046438
-0.069933
0.012838
-0.011896
-0.013374
-0.050266
0.053307
0.031278
-0.023460
0.092220
0.046514
0.028968
0.002777
-0.073171
-0.136579
-0.027235
-0.033109
-0.136400
-0.006648
0.041531
-0.021307
-0.069009
-0.030120
0.046378
0.000904
-0.052704
-0.018417
-0.050117
-0.040615
-0.022241
-0.026818
0.045362
0.013167
0.047892
0.030134
-0.025586
0.014374
-0.040085
-0.015569
-0.003277
0.013534
0.083445
0.085417
0.012189
-0.049881
0.024364
0.032102
-0.016933
-0.050998
0.074579
0.045353
0.013926
0.079568
0.034063
0.017638
-0.014578
0.004692
0.076317
0.065944
0.043105
0.011628
0.000500
0.005718
0.000081
0.064421
-0.008315
-0.042328
0.035962
0.032477
-0.047398
-0.066976
0.094075
0.064944
0.041107
0.042957
-0.008412
-0.006000
-0.002257
0.003011
-0.001568
-0.033085
-0.050845
0.033312
0.033941
-0.036802
-0.031303
-0.041375
-0.046712
0.047239
0.035762
0.071745
0.008917
-0.002051
-0.010011
-0.038283
0.051610
0.006077
-0.028286
-0.064733
-0.039486
-0.001304
-0.038081
0.020262
0.074858
0.004978
0.034352
-0.015636
-0.028825
-0.023959
-0.078382
-0.040657
0.032870
-0.014193
0.038390
0.023945
-0.001587
0.033347
0.031249
0.056253
-0.002150
0.013552
0.066068
-0.020615
-0.071367
0.027711
0.001605
-0.039271
-0.006820
0.033016
-0.087832
0.017804
0.015296
-0.008677
0.093106
0.104255
0.034282
0.039805
0.030023
-0.060746
0.001573
-0.027070
0.052703
0.028384
-0.070879
-0.001948
0.033586
0.010129
0.041972
0.002014
-0.016142
0.014768
0.013924
0.043018
0.110248
0.166043
0.074503
0.086391
0.051632
0.077167
0.095689
0.053388
-0.033063
-0.010949
-0.077082
-0.002778
0.084389
0.034296
0.017306
-0.056197
0.021382
-0.093229
-0.041647
0.085758
0.096275
0.015777
-0.027076
0.078327
0.068555
0.028606
0.039809
-0.006261
0.073776
-0.042404
-0.019528
-0.020337
-0.033961
-0.021272
-0.017942
-0.021689
-0.011141
-0.019381
0.045085
0.030246
0.071188
0.004325
-0.019124
0.019973
-0.027860
-0.021031
-0.021285
-0.122256
-0.092056
-0.037535
0.004049
-0.022182
0.016109
-0.061852
-0.045314
-0.016859
0.013710
0.008618
0.033878
0.006357
0.088815
0.040120
-0.026678
0.039120
0.154054
0.069662
0.071445
0.020003
-0.011235
-0.004091
-0.042648
-0.106910
-0.077272
-0.093120
-0.035932
0.001581
-0.009030
-0.023272
-0.053598
-0.030305
0.023849
0.043173
0.016883
-0.038848
-0.043397
0.001572
-0.072253
-0.006986
0.072677
-0.014997
0.031150
-0.010333
0.023563
-0.020625
-0.032915
0.023637
0.009301
-0.146806
-0.032217
-0.062986
-0.051563
0.009538
0.044981
0.014314
-0.037903
-0.019770
0.045526
0.031767
-0.013095
0.030436
0.036996
0.075497
0.091030
0.018388
0.058711
0.064025
0.038681
-0.052463
-0.013738
0.025653
-0.013957
-0.013152
-0.024812
-0.007979
-0.039169
-0.006121
-0.035473
-0.068783
-0.047104
-0.056935
-0.003578
-0.033636
0.008006
-0.054625
-0.006343
-0.016319
0.009485
0.012872
-0.017884
-0.048212
0.002429
-0.079738
-0.011961
-0.019198
-0.034307
0.063423
0.003308
-0.027327
-0.055175
0.033991
-0.013902
-0.004928
-0.051328
-0.049575
-0.025043
0.014994
0.099445
0.017162
0.031828
-0.006604
-0.003094
0.000918
-0.031800
-0.078740
0.054971
0.082896
-0.044142
0.045516
0.005518
-0.000856
0.039950
-0.045753
-0.011571
-0.003712
0.013273
-0.029783
-0.020031
0.036254
-0.043992
-0.083495
-0.041376
0.070665
-0.019910
-0.084950
0.015558
0.016384
-0.065180
-0.010379
-0.021731
-0.044774
-0.119875
0.013237
0.030353
0.001330
-0.043379
0.017377
-0.072824
-0.122889
0.008716
-0.024148
-0.016517
0.022494
-0.086102
-0.040785
0.022261
0.065874
0.020944
0.029655
-0.059008
0.009612
0.030147
-0.088718
-0.047078
0.034350
-0.034616
-0.091996
-0.003111
-0.056602
-0.026985
-0.042264
-0.071287
0.037881
0.066580
0.017473
0.103734
0.022343
0.005704
0.051818
-0.044538
0.056517
0.035603
-0.053718
-0.045467
0.077240
0.085160
-0.041574
0.069336
-0.066711
-0.002977
0.099698
-0.080239
0.023186
0.014957
-0.046988
-0.027859
-0.031646
-0.070190
-0.017612
0.026799
-0.157265
0.003124
-0.021258
-0.043217
0.104478
-0.055221
-0.034017
0.053902
-0.078603
0.077081
0.004085
-0.053770
-0.026731
-0.018992
0.028919
0.005541
0.060929
-0.052921
-0.017389
0.029085
-0.009277
-0.049398
-0.023985
-0.033003
-0.018552
0.005645
-0.075631
-0.029540
0.043478
-0.056427
-0.010463
-0.005661
0.024229
-0.006925
-0.034967
-0.068036
-0.041944
0.088821
0.011756
0.011182
-0.047406
-0.093670
-0.019494
0.078950
-0.066224
-0.140778
0.032587
-0.011059
-0.027362
0.038288
-0.006284
0.072976
0.064188
-0.040252
0.018368
-0.054475
0.018748
0.031482
-0.020670
0.068337
0.050700
0.047486
0.132437
0.048869
0.006084
0.015820
-0.051569
-0.009469
0.030116
0.026264
0.004071
-0.028019
0.030036
0.079789
0.089279
0.088903
0.082309
0.018916
-0.004728
0.021317
-0.038465
-0.050638
-0.040408
-0.034674
0.021123
-0.082741
-0.118686
-0.022743
0.016517
0.048875
0.017351
-0.037383
0.008645
-0.044178
-0.043091
-0.031662
0.032223
0.080905
-0.006107
-0.051485
0.014501
-0.052857
0.002748
0.112899
0.022622
0.038919
0.019933
0.075961
0.069895
-0.034614
0.044592
-0.095904
-0.026196
0.049399
0.023870
0.086674
0.048747
-0.034841
0.009269
-0.006152
-0.021736
0.009114
0.038835
0.058724
0.011385
0.033739
-0.032499
-0.043462
0.002718
0.026223
-0.041827
-0.000410
0.066452
0.085369
0.011561
0.070529
-0.057206
0.017313
0.065093
0.006857
0.058422
0.013946
0.037436
0.048537
-0.025698
-0.050135
-0.112360
-0.090379
-0.002762
-0.118307
-0.025070
-0.012389
0.027047
0.068960
0.027369
0.045689
0.053879
0.046300
0.041080
-0.049924
-0.011573
0.006251
-0.034504
-0.005417
-0.029066
-0.022440
-0.020184
0.064858
-0.059510
-0.080727
0.006158
-0.016339
0.036767
0.052814
-0.028980
-0.022274
-0.021769
-0.079772
-0.073444
-0.034462
0.017029
0.070684
0.034013
-0.063023
0.063890
-0.006130
-0.007102
0.006490
0.008652
-0.040826
-0.065246
-0.009799
-0.041744
-0.017236
-0.060469
0.084455
-0.012012
-0.064693
0.013343
0.030013
-0.033113
-0.046299
0.015773
-0.011002
-0.044455
0.065273
0.021371
-0.080386
-0.073135
0.028380
0.005616
-0.043815
-0.058519
-0.009894
-0.009401
-0.060093
0.015321
0.000284
0.020900
-0.013381
0.005472
-0.017302
-0.118251
0.067567
-0.012529
-0.090937
0.015459
0.027874
0.038455
0.075012
0.009432
0.068057
0.050006
0.023117
-0.018643
0.012557
-0.083894
-0.083168
0.032898
0.006238
0.071693
-0.002579
0.002177
0.036095
-0.018465
-0.007764
0.093957
0.064379
0.047104
0.044473
0.045363
0.041610
0.010761
0.010481
-0.043427
0.020533
0.145570
0.034252
-0.018033
0.074709
0.149328
0.042447
0.030635
-0.019054
0.022905
0.053610
-0.041736
0.059498
-0.021416
0.006711
-0.002426
-0.021961
0.049516
0.008641
0.101538
0.027264
0.017525
0.052025
0.002658
-0.020417
-0.009786
0.010932
0.014039
0.038862
0.059384
-0.006250
-0.030844
-0.052394
-0.042066
0.060232
0.003438
-0.063371
0.021262
-0.013885
-0.015932
0.008645
0.031618
-0.025138
0.003228
0.049129
0.063404
0.003372
-0.026516
0.047229
0.011439
0.017695
0.075493
-0.014106
-0.021882
0.012933
0.022673
0.066048
0.067935
0.063411
0.129731
-0.019697
-0.010675
0.059960
-0.020705
0.012830
0.060092
0.023145
-0.072273
0.010347
-0.059696
-0.019879
-0.006935
0.014764
0.060720
-0.057985
0.047716
0.139660
0.042276
0.082772
0.037220
-0.031345
0.087281
-0.034934
-0.035226
0.050095
-0.031262
-0.113700
-0.059512
-0.048750
0.023854
0.082725
0.039241
0.052046
0.031920
0.036659
0.078421
0.011493
0.021038
0.081061
0.013455
0.061308
0.094826
0.013990
-0.003778
0.000890
0.026271
-0.031246
-0.031742
0.015345
0.056628
-0.038535
-0.003520
0.005904
-0.038157
-0.005442
-0.008571
0.052519
-0.006421
-0.024801
0.007512
0.000358
0.085157
0.043447
0.060052
0.032669
0.029563
-0.021769
-0.021056
-0.039682
-0.059675
-0.056448
0.024767
0.075499
-0.053116
-0.088979
0.006721
0.019038
0.031406
0.045867
0.044396
0.052017
0.005180
0.027560
-0.027131
0.073972
0.016566
0.004040
0.028786
-0.007605
0.024223
-0.022847
0.025891
0.017580
0.058387
0.057649
-0.066895
0.015175
0.031803
0.023663
0.021628
0.036512
0.125182
0.075234
0.124972
0.113302
-0.037148
0.038420
0.068468
-0.008976
-0.005308
0.003246
0.012883
-0.047382
-0.008949
0.002087
-0.014183
0.082190
0.074209
0.024313
0.044542
0.057576
0.020296
0.037370
0.001108
-0.018301
-0.033980
-0.094361
-0.062973
-0.023994
-0.007873
-0.037909
0.119383
0.029394
0.032399
0.035584
-0.005398
0.058045
-0.050695
-0.002478
0.034372
-0.051621
-0.009790
0.005506
-0.032762
-0.010617
0.063701
0.026438
0.026281
0.057223
0.047647
0.015125
0.007632
0.096937
0.042183
-0.004765
-0.022692
0.024531
0.011888
-0.058013
-0.083272
-0.079413
-0.093567
-0.070273
-0.001925
-0.104710
-0.088107
-0.019679
-0.021552
-0.015826
-0.077052
-0.015239
-0.037610
-0.015846
-0.011838
-0.040186
-0.034178
-0.085720
-0.060570
0.004755
0.075599
0.087907
0.029091
0.070805
0.032448
0.050873
-0.019807
0.018975
0.066720
0.015853
-0.035515
0.021061
0.039834
-0.012207
-0.007707
-0.040373
0.039349
0.086492
0.003623
0.001625
0.023964
-0.027122
-0.060442
-0.086296
-0.061992
-0.044141
-0.005410
0.102955
0.038250
-0.042702
0.050851
0.071523
0.055973
-0.059998
0.044611
0.021008
-0.027283
-0.005721
-0.065681
-0.019659
0.016678
0.028812
0.020265
0.008703
0.063077
0.049672
-0.007144
0.029630
0.019440
0.044000
-0.003397
0.016423
-0.015586
0.078163
0.011815
0.079813
0.123117
0.013850
0.022023
0.044229
-0.037107
-0.040677
-0.010681
-0.008999
-0.021644
-0.081834
-0.079086
-0.006564
-0.049795
-0.063465
-0.036224
-0.068998
-0.020280
0.056154
-0.061662
-0.058154
-0.029826
-0.013387
0.073347
-0.017853
0.059719
0.030931
-0.019580
-0.031212
-0.007122
-0.070895
-0.058965
-0.066602
-0.061844
-0.045726
-0.006170
0.000951
-0.047907
-0.016704
0.064243
0.008264
-0.026945
0.015088
0.014031
-0.035303
0.002265
0.059693
-0.031927
0.005643
-0.019021
-0.003728
0.024005
0.081568
0.049976
-0.016548
0.038524
0.080350
0.004597
-0.061451
0.008005
-0.003160
-0.072664
0.006260
-0.098513
-0.036196
0.093882
-0.012161
0.056843
0.044122
-0.019699
0.058171
0.064591
-0.002144
0.029275
0.060384
0.023481
0.007636
0.032625
-0.059868
-0.029746
-0.016468
-0.062490
-0.000552
-0.019515
-0.012286
0.030513
-0.008470
-0.015796
0.074015
-0.036828
-0.048584
0.033074
-0.049500
0.022875
0.050824
0.037077
0.022514
-0.027037
0.015413
-0.032910
-0.059982
-0.030904
0.001755
0.035417
-0.025837
-0.085023
-0.002919
0.039020
-0.071969
0.068104
0.068419
-0.077937
0.058613
-0.022732
-0.036256
-0.018203
0.014475
0.051198
0.108041
0.043128
0.047653
0.047773
0.011246
0.117410
0.077094
0.079175
0.037018
-0.003211
0.113443
0.034439
-0.004938
0.027809
0.039520
-0.012762
0.020420
0.026858
0.044771
0.097046
0.072113
-0.040405
0.032219
0.041405
-0.044095
-0.069991
0.000176
-0.021916
-0.051089
0.028630
0.049429
0.024396
0.081568
0.093053
0.083062
0.051203
-0.006333
-0.006774
-0.073471
0.038577
0.073648
0.072078
0.026962
0.034046
-0.048878
-0.036878
0.056200
-0.096210
0.060523
0.055983
-0.084879
0.035883
0.024054
0.012722
0.016648
-0.082161
0.021555
0.054231
0.025364
0.098207
-0.046867
0.009818
0.028009
-0.082415
-0.043094
-0.052475
-0.010559
0.018773
-0.005583
-0.019300
0.031863
-0.062734
0.040134
0.000586
-0.072441
-0.082751
0.065081
-0.067668
-0.027482
0.039945
0.031832
0.030221
-0.020789
-0.012604
0.100946
0.021059
-0.001472
0.016131
-0.039260
0.000362
-0.000835
0.027966
0.070179
0.090471
0.009189
-0.122219
-0.012780
0.018614
0.018689
0.096240
-0.012237
0.012145
-0.018746
0.001806
-0.024783
0.031627
0.054157
-0.034532
0.012912
-0.033671
-0.035388
0.005593
0.007760
0.027755
-0.064175
0.045565
0.025254
0.011449
0.022832
-0.018902
0.022914
0.012861
-0.020030
-0.001111
-0.020369
-0.015604
-0.047854
-0.134468
-0.102978
-0.063696
-0.019477
-0.046573
-0.082512
-0.030702
-0.003815
-0.024723
0.023121
-0.009994
0.026173
0.034557
-0.106399
0.001642
0.084333
0.009001
0.019285
0.032087
-0.062532
-0.048433
0.025048
0.003105
0.003687
0.020723
-0.001723
-0.070728
-0.045630
-0.040272
-0.049113
-0.003578
-0.019763
-0.001503
-0.070067
-0.066034
0.013600
-0.044795
0.026902
0.099219
-0.023452
0.080671
0.098642
0.011182
-0.022340
0.065667
0.064054
0.027796
0.035106
0.077167
0.064829
-0.008518
0.025154
0.030563
0.093058
0.015900
-0.034061
0.103556
0.064065
0.043885
0.008733
0.034326
0.047416
0.015954
-0.029962
-0.038795
0.035384
0.063470
0.072010
0.055947
0.052929
0.012354
0.019711
-0.026746
0.022301
-0.007125
0.026627
0.056213
-0.000673
-0.020893
0.047086
0.023081
-0.004576
0.053691
0.021503
0.034413
0.019589
-0.009316
0.041968
-0.066097
-0.052376
0.050620
-0.087312
0.083134
0.112887
0.007437
0.079399
0.058477
0.061958
0.052405
0.015485
-0.036809
-0.025842
-0.009926
0.012005
0.098300
-0.038058
-0.106643
-0.017780
-0.024456
0.020827
-0.005483
-0.046526
-0.063759
-0.038706
-0.040341
0.043704
-0.024728
-0.059784
0.016950
-0.047817
-0.013866
-0.051405
-0.037059
0.057757
-0.082761
-0.031651
0.097958
-0.036898
-0.022257
0.096545
-0.086882
-0.098816
0.038179
-0.052558
-0.033090
0.004865
-0.144173
0.021020
-0.032396
-0.093911
0.045672
-0.027149
-0.102062
0.032607
-0.021021
-0.085805
-0.026735
-0.065181
-0.011874
0.042508
-0.020261
0.022187
0.039873
0.070868
0.069478
-0.004101
0.031351
0.075714
0.055516
0.048923
0.047773
0.088039
-0.036395
0.085060
0.067706
0.050771
0.015931
0.064067
0.011816
-0.001708
0.011148
-0.013119
0.056101
0.025470
0.043562
0.044122
0.027667
0.044820
-0.023916
-0.009827
0.025471
0.066906
0.045834
0.031205
0.002419
0.001760
0.033467
-0.004554
0.029241
0.068667
0.074244
0.012222
0.053665
0.083833
-0.021494
0.066486
0.072468
0.064875
0.043613
0.038966
0.029522
0.021021
0.074506
0.036157
0.022212
0.083776
0.008616
-0.009086
0.035102
0.010653
0.005418
-0.045978
0.024190
-0.052176
-0.005222
0.028400
0.015712
0.031584
0.074147
0.058028
0.047592
0.025811
0.056079
0.060906
0.043612
0.001158
-0.006237
0.023879
-0.067310
-0.081980
-0.049347
-0.043424
-0.072211
-0.056430
-0.035337
-0.037184
-0.051103
-0.043169
-0.060202
0.106930
0.000809
-0.003271
0.061086
-0.044626
-0.009956
0.077925
0.047190
-0.020624
0.020843
0.007173
-0.026724
0.078983
-0.000689
-0.064577
0.055510
0.027548
0.036783
0.017736
0.033905
0.056356
0.017625
-0.036804
-0.086880
-0.055415
0.026216
-0.017380
-0.017667
-0.023762
-0.039083
-0.009921
0.027029
0.021166
0.021920
-0.023285
0.048210
0.048428
0.024181
0.042583
0.014613
0.036768
0.024612
0.004101
-0.021773
-0.030632
0.039087
0.053760
-0.036029
-0.111044
-0.147365
0.050552
0.068208
-0.019051
0.103827
0.038695
0.045966
-0.007902
0.061675
-0.041518
-0.125854
0.028901
-0.027092
-0.140620
-0.018783
-0.075807
0.051593
0.037216
-0.008528
-0.016318
-0.072506
0.025864
-0.029826
-0.050068
0.061792
-0.031506
-0.005163
0.031996
0.011750
0.051904
0.000852
0.042229
0.040059
0.016313
0.091203
-0.045050
-0.036842
0.052748
-0.003064
-0.064055
-0.008798
0.047635
0.007109
0.058307
0.108667
-0.013855
0.015683
-0.001762
-0.035607
0.043749
0.009015
0.004264
0.031635
0.057012
-0.008072
-0.016992
0.025184
0.093307
0.032176
-0.000452
0.058954
-0.042592
-0.014667
0.028727
-0.046557
-0.025077
-0.067221
-0.098661
0.033048
0.023939
0.036996
0.013889
0.028158
0.020105
0.013009
-0.023974
-0.095200
0.036336
-0.004168
-0.085290
-0.028035
0.017810
-0.007624
-0.015799
0.045426
-0.007760
-0.013148
0.066282
0.036013
0.022577
0.016219
0.023180
-0.035170
0.043652
-0.037900
-0.055121
0.047470
-0.048743
-0.007836
0.029300
-0.078896
-0.054596
-0.027021
0.047341
-0.023488
0.066592
0.076002
0.018796
0.060217
-0.016196
0.033071
0.022134
0.054082
0.104983
0.092624
0.005244
0.048841
-0.000795
0.034667
0.053748
-0.059354
-0.024673
-0.068054
-0.018112
0.039659
0.008763
0.033001
-0.042935
-0.035713
0.072154
0.062394
-0.022618
0.003827
-0.030885
-0.009125
-0.036623
-0.034455
-0.000748
-0.015459
0.017806
0.020868
-0.011118
-0.072525
0.000138
-0.080727
-0.054201
0.010512
-0.018834
0.060588
0.019941
-0.003289
0.043260
0.026892
-0.019849
0.028087
0.118550
0.047768
0.018576
-0.035194
0.003498
-0.037744
0.074059
-0.020189
0.045953
0.023650
0.000714
-0.027250
-0.007554
-0.033626
0.035339
0.000566
-0.048176
0.008223
-0.044236
-0.024795
-0.059200
-0.003765
0.009967
-0.023083
-0.023612
-0.039090
-0.039774
-0.054908
-0.049469
0.014429
-0.070472
-0.013216
0.019324
-0.058250
0.016316
0.045266
-0.003624
-0.045724
0.042885
-0.032329
-0.040609
0.000088
0.044568
0.020243
-0.077400
0.076716
-0.002762
-0.029642
-0.070430
0.005902
0.027309
0.034967
0.022457
0.003923
0.049236
-0.009127
-0.047413
-0.069048
0.034073
0.077932
0.020176
-0.016536
-0.092339
-0.030382
-0.055638
-0.021119
0.010503
0.047066
-0.021344
-0.016677
-0.030222
-0.072663
-0.047612
-0.055942
0.030667
0.031178
0.068632
0.019062
-0.005139
0.046243
0.080118
-0.022949
-0.004140
-0.019193
0.061271
0.029614
-0.161118
0.029794
0.021941
-0.037556
-0.015598
0.061036
0.103132
-0.003904
0.103369
-0.014127
0.038632
0.017817
-0.130343
-0.013175
-0.004219
-0.020348
0.015892
0.045759
0.071842
-0.034865
-0.030789
0.005283
-0.106232
-0.044041
-0.096684
-0.095812
-0.028270
-0.025982
-0.030904
-0.013125
0.012888
-0.039325
-0.002342
0.104701
-0.000857
0.035177
0.074008
0.023250
-0.050524
-0.000435
-0.022672
-0.003828
0.031849
-0.014568
-0.028696
0.118444
0.034515
0.007764
-0.020546
-0.045156
0.024449
-0.019682
-0.056466
-0.008526
-0.098251
-0.009640
-0.005133
0.030868
0.003459
-0.088223
-0.046083
-0.020998
0.048132
0.047102
0.007366
0.020348
0.018221
0.029867
-0.045446
-0.053766
0.083105
0.001099
-0.005559
0.020366
0.024980
0.063904
0.078339
0.037317
-0.004181
-0.006548
-0.014126
-0.036225
0.055241
-0.042838
-0.019549
0.057683
0.010801
0.013190
-0.053774
0.009017
0.019663
0.046287
0.056305
0.000232
-0.047398
-0.011137
0.034736
-0.069338
-0.019947
0.052956
-0.009388
0.052525
0.070025
-0.030301
0.055899
-0.015218
-0.015200
-0.013885
-0.045338
-0.004846
-0.079565
-0.038990
-0.039994
0.034027
0.002894
0.030560
0.077692
0.015541
-0.009779
0.070880
0.037987
0.011508
0.020752
0.057060
0.052685
0.053921
0.037478
-0.102456
-0.050601
0.060321
0.009292
0.065354
0.069103
0.014134
0.116246
0.022350
-0.025015
0.069711
-0.044999
-0.036751
0.006059
0.000182
-0.021124
0.000786
-0.009043
-0.021083
0.022259
0.102394
0.064387
0.042423
0.060578
0.008985
-0.056487
0.040560
0.070551
0.016251
0.114864
0.061938
0.022515
0.018196
0.035371
0.049945
0.038116
-0.007759
0.001159
0.001182
-0.025199
-0.037779
-0.005979
0.080531
-0.017076
-0.005872
0.011803
0.006668
-0.016490
-0.037905
0.033079
-0.052356
0.009734
0.043563
0.042803
0.068398
0.080478
-0.014904
0.069787
0.041492
0.006469
0.049329
0.005218
0.005338
-0.088635
0.000916
0.029557
0.014874
0.032176
0.006099
-0.014013
0.103416
-0.003400
-0.104791
-0.015550
0.013417
0.063842
0.051104
-0.036009
-0.057918
-0.073427
0.012452
-0.006429
-0.028099
0.030426
0.001260
0.042145
0.050963
0.000123
0.078114
0.049321
0.004730
0.097055
0.018425
-0.011311
0.047018
-0.010478
-0.011638
-0.033577
-0.057702
-0.045587
-0.003652
-0.048054
-0.038455
0.105483
0.032187
0.055563
-0.033697
-0.014801
0.029458
-0.081016
-0.002290
-0.027480
-0.002488
0.034429
0.053472
-0.010360
-0.045523
-0.000216
-0.018409
0.018472
-0.028071
-0.059866
0.033149
-0.035656
-0.052335
-0.016951
0.059219
0.000263
0.008296
-0.013756
-0.048657
0.076984
0.025981
0.006420
0.062857
0.000638
0.061078
0.006966
-0.020823
0.016928
-0.001778
-0.043891
0.010346
-0.015760
0.036734
0.063527
-0.052483
-0.071556
-0.015304
0.037105
0.010948
-0.004436
-0.008454
-0.059135
0.077442
0.026735
0.099226
0.053346
-0.054214
-0.060829
-0.053722
-0.090861
-0.006311
-0.017561
0.010489
-0.006711
0.026242
0.002751
-0.034800
0.128083
-0.015422
-0.001225
-0.002683
-0.097929
-0.066214
-0.028275
-0.073008
0.001708
0.045851
0.045968
0.075730
0.031437
-0.000582
-0.023024
-0.018721
0.022917
-0.017196
0.047608
0.038384
-0.003321
0.106975
0.027266
-0.029806
0.027160
-0.055724
-0.072346
0.026082
0.113242
0.112024
0.014680
-0.017844
0.029501
-0.015098
-0.030016
-0.004097
-0.006587
-0.026518
-0.032047
-0.009685
-0.004483
0.074220
0.054607
0.008922
-0.012491
-0.019433
0.034291
-0.022644
-0.025725
-0.031075
0.070928
0.037034
-0.009379
0.079515
-0.012673
-0.006220
-0.008873
-0.058227
0.007702
-0.034141
-0.034819
-0.002506
0.006309
0.007197
-0.033652
0.016412
-0.043359
0.036139
-0.041266
-0.175784
0.014283
-0.006448
-0.109546
-0.009042
-0.072075
0.031300
0.031564
-0.061274
-0.037084
0.001216
0.024294
0.042608
-0.075150
-0.047477
-0.004826
-0.076389
0.027189
0.044496
0.072251
-0.047595
-0.018912
0.041673
0.048844
0.025751
-0.001268
-0.018629
-0.000921
-0.011891
0.020882
0.046092
-0.026643
-0.044679
0.023243
0.037279
0.002313
-0.011450
-0.003150
0.002132
-0.010812
-0.049289
0.029947
0.038857
0.002037
-0.012907
-0.000854
0.027642
-0.043012
0.050425
0.011814
0.021166
0.041861
0.044985
0.063492
0.103902
0.028881
-0.099113
0.064821
0.013742
-0.014844
-0.049782
-0.053649
-0.066374
-0.057266
0.066357
-0.018874
-0.027534
-0.005170
0.019547
0.066995
-0.000079
0.097577
0.064488
0.065091
0.063749
0.000833
0.081893
-0.048933
-0.108220
0.128147
0.041513
-0.024418
0.030943
0.052417
0.077037
-0.013820
-0.005309
-0.000538
-0.030274
0.106255
0.020135
-0.056472
0.087070
0.008503
0.006378
-0.007610
-0.071954
0.100301
0.016143
0.005778
0.094746
0.045722
-0.037573
-0.070764
0.023606
0.030818
-0.063075
-0.017243
0.043110
-0.019470
-0.052044
-0.045788
0.014770
0.063116
-0.004302
0.001367
-0.001444
0.012635
0.038575
-0.023178
0.029879
0.037213
-0.031922
0.058605
0.058121
-0.024255
-0.060379
-0.029466
-0.034086
-0.043817
-0.014710
-0.047386
-0.052052
0.051423
-0.016417
0.004886
0.015191
0.046877
-0.010680
-0.033945
-0.043223
-0.018122
0.004539
0.033412
-0.028110
0.065234
0.038841
-0.056351
0.025781
-0.064044
0.029623
-0.051452
-0.085707
-0.016566
-0.023712
0.065051
0.069811
-0.051303
-0.075998
-0.018021
-0.022400
-0.067877
-0.004255
-0.069445
0.007059
0.007033
0.042911
0.035284
0.005773
0.018055
-0.096072
0.001834
0.050164
-0.015050
-0.039968
-0.058446
0.005931
0.033261
-0.038586
0.037847
0.107517
-0.039608
-0.022584
-0.092176
-0.040181
0.021361
-0.089487
-0.098459
0.010577
-0.077793
-0.092229
-0.041255
-0.016060
-0.043938
0.018802
-0.029178
-0.012833
0.010465
-0.088637
-0.020999
0.040471
-0.025951
-0.105358
0.042483
-0.064113
-0.037948
0.015558
-0.063585
-0.027643
0.005349
-0.012316
-0.009193
-0.050694
-0.004919
0.042771
-0.039007
0.001023
0.012893
-0.031312
0.066684
0.084234
-0.008929
-0.103755
-0.038524
0.006327
-0.059598
-0.061644
-0.134767
-0.000516
-0.077161
-0.059856
-0.014937
-0.021454
0.087531
-0.051939
-0.069022
0.038121
0.002339
0.053732
0.050020
0.060215
0.055839
0.069125
-0.000095
0.013688
0.067646
0.003036
0.015948
0.019006
0.056758
0.047851
-0.020152
0.057646
-0.008505
-0.070720
0.099352
0.043169
-0.022466
0.056073
-0.028310
0.027407
0.034299
-0.032538
-0.010193
0.042946
-0.008316
-0.076039
0.021658
0.044966
-0.003323
-0.010753
0.092566
-0.046706
-0.030130
-0.000823
0.005574
0.039008
-0.009152
-0.074961
0.026133
0.018099
0.047912
0.126608
0.007136
-0.076452
0.033371
0.034422
-0.015287
0.013939
0.113193
-0.002516
-0.005178
0.025590
0.020895
0.000227
0.000609
0.003328
0.034426
0.025548
0.112515
-0.007355
-0.010640
0.033471
-0.065398
-0.024904
-0.076912
0.019650
-0.067329
-0.062124
0.057291
0.052810
-0.019343
-0.019328
0.045791
0.038853
-0.001061
0.013595
0.062098
0.012686
-0.027214
-0.019594
0.053651
0.022001
-0.017980
-0.012626
0.019379
0.057279
-0.006429
0.008745
0.027233
-0.012893
-0.036327
0.118726
0.025334
0.003651
0.022076
0.019970
-0.036938
0.041953
0.007768
0.016221
0.110439
-0.029472
0.028949
0.130085
0.093594
0.108449
0.061788
0.023717
-0.029864
0.011532
-0.077867
0.016269
0.107480
-0.014134
0.013983
0.017589
0.083895
0.034617
-0.052160
-0.073091
-0.008493
0.008243
-0.055311
-0.060469
-0.001269
-0.071619
-0.010807
0.009772
-0.015274
0.042030
-0.002146
0.009883
-0.063317
0.051369
-0.050999
-0.017354
0.130617
0.063827
0.118457
-0.005488
-0.064253
-0.000262
-0.027321
0.011922
0.014159
-0.031924
-0.058597
0.034926
0.036513
0.059040
0.028908
0.054875
-0.087215
0.064051
0.033151
-0.029347
0.035022
-0.009634
0.055723
-0.012151
-0.011690
-0.041003
0.058177
0.039161
-0.081807
-0.006524
0.020427
-0.025767
0.037133
0.003843
-0.004789
0.062459
-0.111977
-0.072637
-0.049590
-0.064514
-0.024062
-0.066590
0.001322
0.032434
0.030798
-0.009743
-0.040176
-0.010992
-0.013482
-0.011966
-0.023162
-0.011358
0.021141
0.015882
-0.032947
0.018248
0.026149
0.018074
0.019451
-0.022954
0.043576
0.015831
0.009377
0.022965
-0.029730
0.012424
0.014229
-0.045360
-0.012845
0.141796
0.093918
0.047577
0.006356
0.017364
-0.010707
0.003125
0.043617
0.011660
0.006816
-0.015733
-0.098723
-0.055251
-0.020304
0.017113
-0.029849
0.007251
-0.010525
0.007688
0.007116
-0.015196
-0.045848
-0.088805
-0.032378
-0.071029
-0.095098
-0.008910
0.011530
-0.000982
0.086218
0.080014
0.018980
0.014109
-0.011215
-0.055977
-0.023206
-0.030651
0.016887
-0.027706
0.003910
0.098333
0.101934
-0.007901
0.041178
0.035241
0.001306
0.027092
-0.005414
-0.001105
0.039724
-0.017308
0.050955
-0.001229
0.072133
-0.018850
-0.035662
-0.008105
0.010095
0.034368
0.060461
0.047780
0.099287
0.060881
-0.018653
0.023879
0.003226
-0.070515
-0.012484
0.033395
-0.035398
-0.000997
0.001584
0.048140
0.019531
-0.081626
-0.010633
-0.067695
0.069642
-0.000691
-0.001872
0.044883
-0.062626
-0.034621
0.039231
0.048313
-0.024506
-0.001874
0.021586
-0.053065
0.071094
0.068665
-0.000534
0.065133
0.022627
-0.010900
-0.051393
-0.072177
-0.037819
0.017009
0.006582
0.054959
-0.107540
-0.064468
-0.039238
-0.084130
-0.174723
-0.020766
0.067234
-0.069629
0.025258
0.019567
-0.052769
-0.056317
-0.177083
-0.029845
0.027966
-0.101541
-0.018894
0.035525
0.016047
0.013157
-0.062002
0.020299
-0.072039
-0.073428
0.046657
0.028718
0.007866
0.116217
-0.033902
-0.037967
0.093054
-0.026786
0.078412
0.024378
-0.007957
0.041680
0.062500
0.073600
0.023211
0.079551
-0.032050
0.059848
-0.031630
-0.039306
-0.005173
-0.043377
-0.035083
-0.081884
0.008728
0.005201
0.077776
0.070135
-0.048409
-0.007039
-0.007812
0.026223
-0.039804
0.006145
0.035406
0.066887
-0.008331
0.018740
0.014653
-0.007420
-0.102807
-0.051749
0.042869
-0.021096
0.049741
0.051010
0.044339
-0.070935
-0.029162
-0.031558
-0.057612
-0.032513
-0.086043
-0.010024
-0.009701
0.000658
0.075861
0.006509
0.007908
0.071727
0.044349
-0.013898
0.008436
0.054946
-0.055440
-0.032606
0.105397
0.028802
-0.021896
-0.003145
0.049309
0.078610
0.067155
0.018624
0.009852
0.076588
-0.005591
-0.093154
-0.043997
0.046779
0.026566
-0.056131
-0.040147
0.061198
-0.053744
0.024062
0.006123
-0.028837
-0.007460
0.016935
0.042484
-0.053841
-0.072947
-0.034220
-0.042562
-0.003617
-0.024613
-0.069880
-0.003996
-0.053066
0.013502
-0.071032
-0.037567
-0.051066
-0.033915
0.023667
-0.041787
-0.019548
-0.121998
-0.064503
-0.034218
-0.055693
-0.016077
-0.027978
-0.000493
0.032861
0.024397
0.045064
0.041888
-0.012403
0.034353
-0.033176
-0.055625
0.020855
0.044607
0.036327
0.020185
0.029606
0.061547
0.068538
-0.050540
-0.065635
-0.007494
0.011797
0.009016
-0.007182
0.025928
-0.006274
-0.024730
0.060069
-0.006421
-0.045860
0.014187
-0.020554
-0.007923
-0.021140
0.028435
-0.056489
0.004307
0.100282
-0.100897
-0.064746
0.008311
-0.083834
-0.062485
-0.011593
-0.025402
-0.030531
0.027690
-0.062862
-0.035611
-0.034046
-0.031678
0.022445
0.068694
0.041896
0.024438
0.041570
0.026876
-0.010128
-0.016129
-0.015458
-0.065462
0.033614
0.093732
-0.009751
-0.015299
0.026026
0.019547
0.037789
0.021409
-0.032078
-0.003383
-0.063318
-0.008312
0.002506
0.013725
0.155888
-0.002129
-0.016223
0.024277
0.034760
0.025909
-0.018980
-0.024945
-0.007365
0.026909
0.028229
0.027494
0.084627
0.022864
0.011513
0.055452
-0.010812
0.070513
0.000033
-0.011828
0.068325
0.062903
-0.062703
0.004648
0.008522
-0.073512
0.026787
0.043862
-0.003376
0.059194
-0.018668
-0.041027
0.067097
-0.020380
0.036466
0.045431
-0.097984
-0.001728
-0.097267
0.010773
0.075377
-0.055960
0.067149
0.019135
0.000469
-0.014172
0.002156
0.051086
-0.045414
0.002361
-0.011551
-0.132737
-0.061616
-0.108675
-0.054817
-0.119695
-0.090747
-0.071413
-0.032660
-0.032553
-0.053772
-0.043160
-0.009912
0.026658
-0.036234
0.037223
-0.015596
-0.038758
0.041496
-0.005593
0.002553
0.019769
-0.054412
-0.012443
0.047956
-0.078445
-0.031452
0.026228
0.040839
0.043504
0.039459
0.037222
-0.035996
0.030830
0.098585
0.058379
0.063771
0.072775
0.090634
0.056764
0.047195
0.010617
-0.020557
-0.037425
-0.010737
-0.014259
0.080299
0.048369
0.047080
-0.011810
0.034695
0.087900
0.006198
-0.025491
0.027068
0.024379
-0.020166
0.039562
-0.029787
-0.027072
-0.002025
-0.034410
-0.000691
0.009605
-0.036726
-0.065000
-0.016464
-0.045803
-0.028426
0.062973
-0.049776
-0.002169
0.115749
0.101953
0.007797
0.136176
0.096760
0.010419
-0.000998
-0.026030
-0.023651
0.007789
0.004482
0.030579
0.106002
0.006887
-0.009363
0.010491
-0.040162
-0.019618
0.085554
0.111697
0.055106
0.037029
0.021211
0.067115
0.045266
-0.046348
0.051508
-0.035233
-0.053438
-0.000911
-0.027509
0.023961
-0.043974
-0.036925
0.071176
-0.029930
-0.023287
-0.018435
-0.051439
0.031800
0.060010
0.016911
0.066783
0.024823
-0.009680
0.009246
0.023160
-0.066362
0.004807
-0.012324
0.015808
-0.083033
-0.097134
0.013388
0.056066
0.051966
-0.009204
0.004653
0.023307
-0.054774
0.046692
0.032517
0.032481
0.050728
0.057262
-0.027479
-0.002698
-0.025084
-0.047089
0.101628
-0.049497
0.079174
-0.028581
-0.068218
0.041761
-0.059817
-0.012613
0.032106
0.023595
-0.029620
0.041499
0.015731
0.030785
0.026154
-0.051145
-0.027617
0.058467
0.030045
0.048741
0.044208
-0.008351
0.024184
0.047476
-0.041298
-0.011255
-0.028566
-0.009322
0.027100
-0.017217
0.151291
0.029012
-0.029281
0.016339
0.023009
-0.008362
0.008363
0.015301
-0.052737
0.018087
-0.061061
-0.070890
0.042912
0.010207
0.016033
0.037139
0.038190
0.009481
-0.041858
0.036921
0.087747
-0.027233
0.016197
0.056609
-0.032262
-0.006657
0.009626
0.027967
-0.007488
0.073403
0.036107
-0.048487
0.069204
0.014774
0.012913
0.019352
0.067445
-0.011397
0.045916
0.030805
-0.009247
0.014386
0.003013
0.014371
0.092159
0.031677
0.037138
0.047949
-0.033196
0.002000
0.043882
0.002181
0.019957
0.062754
0.030136
0.044389
0.010573
0.024709
-0.002583
0.009873
-0.020794
0.008092
0.016909
0.033852
0.122689
0.044852
-0.085565
-0.012857
0.061340
0.022094
0.050964
0.075368
0.044846
0.082427
0.086612
0.024552
-0.024243
-0.062615
-0.071334
-0.066718
-0.014930
0.005386
0.008647
0.074818
0.017533
-0.018666
-0.034639
-0.073111
-0.045841
-0.093508
-0.079920
0.029362
-0.064815
-0.082942
0.039343
-0.011080
-0.016502
-0.056843
0.052124
0.064450
-0.017037
0.002711
0.030750
0.035135
0.018626
0.041739
0.077484
0.047451
0.004768
-0.067618
0.008536
0.005070
0.046398
0.129242
0.038587
-0.054462
0.043508
0.019658
0.017775
-0.056245
-0.023539
0.037540
-0.047027
0.041745
-0.027628
-0.040307
0.058395
0.070451
-0.039956
0.019714
0.105197
0.116019
0.081879
0.052296
-0.027626
0.018885
0.007263
-0.014832
-0.055116
0.039653
0.041448
-0.020432
-0.035166
0.003389
-0.017188
0.008244
0.016097
0.073706
0.066085
0.014524
0.014607
0.063724
-0.012553
-0.048449
0.045270
-0.011797
0.057562
0.096208
0.038487
0.010796
-0.049505
-0.025439
0.093884
-0.028020
-0.049531
0.004269
-0.027752
-0.004818
0.004439
0.023062
-0.016760
-0.065900
0.040326
-0.062573
-0.013393
0.026401
-0.056518
-0.010340
-0.003321
0.032039
0.038403
0.053405
0.107702
0.035031
0.040768
0.053420
0.005408
0.085399
-0.060812
0.102422
0.135756
-0.111299
-0.000486
0.011916
-0.089655
-0.009755
-0.004732
0.029898
0.008199
0.012540
0.014344
0.054534
-0.033616
0.005174
-0.015779
-0.013353
0.063591
0.025965
-0.006272
-0.020998
0.002779
-0.017450
-0.051398
-0.003054
-0.065451
-0.070829
0.025512
-0.047145
-0.023231
-0.088007
-0.027884
0.033369
-0.072065
-0.069784
-0.041480
-0.009582
-0.095464
-0.005097
0.005238
-0.013005
0.080172
0.029742
-0.006949
0.015919
0.017428
0.034243
-0.029817
-0.058241
-0.068496
0.049110
-0.029629
-0.074907
0.062286
0.006339
-0.007046
0.056784
0.078634
0.152975
0.046003
0.123451
0.100807
0.072693
0.009799
-0.004034
-0.011601
-0.018938
-0.016553
-0.015458
-0.030910
-0.054364
-0.100576
-0.014348
0.070829
0.020463
-0.050127
0.088035
-0.012801
0.007466
0.014005
-0.074540
0.008751
0.039322
0.036940
0.030134
-0.063220
-0.065819
0.018981
0.049116
0.048185
0.031235
-0.077854
-0.046309
-0.000685
0.046242
-0.024354
0.041298
-0.027202
-0.028629
-0.017565
-0.020329
0.044424
0.064169
-0.009088
0.143765
0.002606
-0.104114
-0.007346
-0.019986
-0.074382
0.017670
-0.037574
0.039743
-0.034225
-0.089254
0.000484
-0.022163
-0.030757
-0.058786
0.042278
0.005787
-0.027773
-0.017088
-0.074405
-0.038521
-0.062954
-0.049520
-0.042499
-0.028092
0.005629
0.001533
-0.046901
-0.020558
0.054692
-0.010360
-0.164681
-0.024011
-0.010225
0.047763
0.048863
-0.000043
0.133845
0.038948
0.015191
0.021592
-0.022745
-0.031573
-0.105924
-0.001379
0.043691
-0.034977
0.057720
-0.016595
-0.011442
0.070154
-0.006249
0.030980
-0.010412
0.023428
0.076530
-0.025751
-0.012497
-0.079846
-0.032217
-0.025445
0.015997
0.084786
0.113713
0.080079
-0.008851
0.001161
0.018764
-0.031021
-0.058360
-0.098943
-0.090259
-0.050271
-0.068435
0.003426
0.015662
-0.025879
-0.018571
0.056421
-0.060819
-0.037620
0.002303
-0.064903
0.024462
-0.034144
-0.054970
-0.057639
-0.063165
-0.005951
-0.024773
-0.022535
0.010757
0.017422
0.077846
0.057794
-0.063928
0.050983
0.040084
0.075906
0.004832
0.034138
-0.031443
-0.009403
0.023982
-0.070496
-0.050141
0.020004
-0.044502
-0.030314
0.019720
0.016170
-0.008489
-0.048752
-0.020952
-0.042668
-0.023894
0.061802
0.023322
0.025306
0.081839
0.059857
-0.016316
-0.043853
-0.048626
-0.086996
-0.068085
-0.035926
0.000502
-0.054770
-0.028926
-0.086798
0.025316
-0.013963
-0.105063
-0.029770
-0.039807
-0.091674
-0.097214
-0.061489
-0.012284
-0.014140
0.028608
0.026793
0.079725
0.013344
0.027409
-0.027482
0.007302
0.088727
-0.044628
-0.059888
0.009855
-0.018492
-0.052551
0.022807
-0.039370
-0.038556
-0.023611
-0.020026
0.030395
-0.085510
-0.066740
-0.109143
-0.027610
-0.012536
-0.017863
-0.062970
0.074158
0.039382
0.027569
0.029823
-0.009746
0.005738
-0.025280
0.067004
0.036189
-0.116810
-0.036622
0.029386
0.001421
0.130853
-0.013487
-0.098190
0.035403
-0.039964
-0.027285
0.058956
-0.062029
-0.013140
-0.015354
-0.084481
-0.097188
-0.041957
0.008022
-0.009892
-0.015595
-0.022683
-0.000523
-0.034612
-0.027472
-0.007139
-0.008796
0.029844
0.070701
0.076566
0.017847
0.086389
-0.007746
-0.006772
-0.006131
0.021908
0.010380
-0.003042
0.105845
-0.035706
-0.042726
0.020272
0.025882
0.070661
0.077120
0.070227
0.038002
0.053662
-0.017600
0.041764
0.021808
-0.018895
-0.041599
-0.025143
-0.101199
-0.090567
0.000697
-0.069817
-0.123791
-0.081217
-0.032620
0.051544
-0.050602
0.099563
0.115290
0.019979
-0.003748
0.012890
0.020862
0.000090
-0.017543
0.023889
0.100742
0.072055
0.074380
0.112522
0.052750
0.026524
-0.008962
0.004060
-0.028582
-0.064070
0.056882
0.035162
0.076523
0.026896
-0.040747
0.068557
-0.043074
-0.043032
0.005366
-0.003597
0.053543
0.049923
-0.011419
0.051645
0.057036
-0.053800
-0.016563
0.024976
-0.005034
0.002685
-0.004094
0.012385
0.051728
0.035527
-0.015954
0.060831
-0.001543
0.030168
0.087862
-0.036057
0.007013
-0.037262
-0.044687
0.007240
-0.031558
-0.025291
-0.051328
-0.028736
0.045015
0.003035
-0.043528
-0.032549
-0.037086
0.077632
-0.052530
0.005295
0.015531
0.013870
0.060321
-0.045747
-0.031915
-0.056773
-0.014894
-0.016090
0.034010
0.012100
-0.024722
0.013451
0.029870
0.057118
0.058321
0.050793
-0.001093
0.016503
0.106486
0.001799
0.032270
-0.001285
-0.121922
0.041532
0.037529
-0.040166
-0.020424
0.013143
0.064362
0.070845
0.007384
-0.032941
0.049973
0.086960
0.017951
0.117149
0.091594
0.000461
0.041610
-0.022446
0.011519
0.019683
-0.034895
0.120876
0.012282
-0.056865
0.015553
0.042334
-0.038077
0.048056
-0.006620
-0.007419
0.007730
-0.030426
0.028012
-0.012997
-0.060093
-0.032009
-0.163903
-0.087833
0.068323
-0.026124
-0.005529
0.158309
0.034800
0.094361
0.028975
-0.003923
0.035404
0.019460
0.093704
0.059226
0.048276
0.076069
0.001353
-0.044157
0.072177
-0.021365
-0.029808
0.100515
0.017078
-0.034502
-0.016498
-0.009384
-0.001666
0.069780
0.033005
-0.009702
0.082176
0.030138
0.027204
0.001464
0.052317
0.012690
-0.046131
-0.026708
-0.021442
0.011140
0.062008
0.094028
-0.001980
0.034249
0.064186
-0.004857
-0.021002
-0.018822
-0.031600
-0.057153
0.017181
0.068055
-0.052163
0.078747
0.060255
0.016260
0.066825
-0.023581
0.085187
0.035043
-0.064201
-0.035615
-0.017682
0.025725
-0.092795
-0.121883
-0.080438
-0.041375
0.023822
0.024781
0.016511
-0.038417
0.010570
0.053343
0.091755
0.057998
0.043664
0.022217
-0.005893
0.094443
0.028082
0.004714
-0.021158
0.049193
-0.011678
0.007041
0.005073
-0.085927
0.062282
0.065258
0.018743
0.081907
-0.005522
0.024938
-0.067066
0.039011
0.018289
-0.041988
0.035518
0.003942
0.032533
-0.006068
0.046638
0.047533
0.020007
0.033651
0.037057
0.051433
0.029978
0.052614
-0.009914
-0.035545
-0.037290
0.050305
0.034404
-0.048766
-0.001391
-0.016668
-0.013784
0.013117
0.023384
0.048652
0.061960
-0.072578
-0.068519
0.032975
-0.051880
-0.012962
-0.030589
0.023624
0.032502
0.066398
0.068992
0.023455
0.017880
-0.010671
-0.016677
-0.024905
0.040467
0.013265
-0.076992
-0.060764
-0.017573
0.030338
-0.074657
0.006363
0.083025
-0.016292
0.007582
-0.046572
-0.043173
-0.030128
0.028093
0.092097
-0.007288
0.020403
0.038154
-0.098947
-0.020266
-0.022279
0.019496
0.049435
-0.025606
0.040602
0.063652
-0.006934
-0.027127
-0.036506
0.011385
-0.040542
-0.027228
-0.032996
0.045287
-0.044043
-0.069669
0.017706
0.021216
-0.039002
0.056953
0.003045
0.089724
-0.006387
-0.035867
0.015014
-0.005348
0.044538
0.077742
0.054354
0.049583
0.110532
0.010293
-0.048482
0.017277
0.047907
0.080628
0.020335
-0.004015
0.011714
-0.030161
-0.035389
-0.039183
-0.043704
0.056134
-0.001210
-0.063063
0.018395
0.072611
0.010706
-0.017337
-0.001977
-0.001534
-0.036882
0.077375
0.046599
-0.005002
-0.030372
0.055826
0.042557
0.024597
-0.005016
-0.052018
-0.000918
0.027541
-0.023695
-0.003072
-0.005129
-0.002113
-0.050452
0.042926
0.066598
-0.026470
-0.099059
0.112195
0.024838
-0.038440
0.036159
0.019751
-0.006050
0.018059
0.010075
0.065974
0.119035
0.047380
0.097221
0.020582
0.033626
0.099150
-0.054217
0.010492
0.068494
0.054004
-0.070740
0.148427
0.132011
-0.029248
0.016929
-0.084942
0.013070
-0.045530
-0.043299
0.027095
-0.010761
-0.003916
-0.014021
0.099310
0.051339
0.109255
0.021638
-0.021063
0.063746
0.095766
0.055332
0.095312
0.062529
0.045201
0.023723
-0.126038
0.016295
0.020240
0.024468
0.006525
0.096296
0.119897
0.094792
0.133933
0.047309
0.018349
0.120137
0.034766
-0.035050
0.102949
0.021818
-0.006750
0.078365
0.121094
0.024056
0.104352
0.079522
0.069574
0.053549
0.061352
0.012040
-0.031177
0.018708
0.014899
0.039091
0.124986
0.075337
0.022880
0.044282
0.013826
0.050343
0.082155
0.033512
0.039917
0.038445
0.005320
-0.022772
0.073905
-0.044474
0.024333
0.082849
0.022346
0.117819
0.008240
0.050892
0.031254
0.083820
0.064927
-0.019458
0.008691
-0.004558
0.072857
0.046596
0.013289
0.028337
0.066067
0.058194
0.035255
0.000163
0.023392
0.039669
0.054937
0.020801
-0.015235
0.063586
0.036323
-0.057931
-0.030410
-0.032448
-0.011373
0.054028
0.016958
0.048081
0.039537
0.056525
0.077933
0.068567
0.009256
0.069188
0.085038
-0.007812
0.052391
0.147710
0.048659
0.106326
0.090593
0.026142
-0.044797
-0.039412
-0.032133
-0.072419
0.061207
0.021762
-0.074002
0.055107
-0.014274
-0.053968
-0.057576
-0.035764
-0.070769
-0.061196
-0.013544
0.022925
0.068758
-0.046011
-0.025946
0.082223
-0.087824
0.089265
0.132419
0.020730
0.054732
0.059273
0.100051
0.018177
0.060713
0.077027
0.001177
0.085807
0.028565
0.017931
0.083587
-0.008700
-0.021185
0.023278
-0.061684
0.040909
0.014664
-0.115336
-0.140277
-0.016891
-0.039271
-0.049718
-0.048586
-0.022400
0.085990
-0.053342
0.048802
-0.000801
-0.041289
0.093881
-0.023304
0.025022
0.025702
0.009478
-0.026278
0.051681
0.073806
-0.011863
0.062127
-0.045764
-0.128656
0.002610
-0.017325
0.067741
0.127335
0.028892
0.049476
0.081263
0.059926
0.044004
0.116063
0.035118
-0.018987
0.019317
0.048156
0.048196
0.083257
0.024412
0.007496
0.020337
-0.017048
-0.046164
-0.036348
-0.014248
0.017780
-0.013279
-0.008835
-0.043911
-0.007101
0.076490
-0.030951
0.131635
0.019778
-0.060592
0.004826
-0.000135
-0.035346
0.004154
-0.003676
-0.061192
-0.052872
-0.043819
0.007440
0.078449
-0.004604
-0.079613
-0.103063
-0.019824
0.085033
0.021452
0.050350
0.050831
-0.070787
0.036386
0.010150
0.026663
-0.010129
-0.051057
0.032080
-0.029118
0.001124
0.069198
0.020857
-0.003771
0.045235
0.025802
0.021354
0.017228
-0.020656
-0.033704
-0.060091
-0.035953
0.067178
0.077934
-0.012903
-0.017217
-0.033220
-0.033609
0.058585
0.000582
0.001873
0.013611
0.033733
0.088699
-0.002851
0.006743
0.030306
0.080007
0.007958
-0.016794
0.042583
0.050529
0.031830
-0.023675
-0.038619
0.031262
0.049973
0.057870
-0.011372
0.054847
0.018867
0.032776
-0.032863
0.061972
0.017887
-0.012187
0.045228
0.073164
0.041911
0.049354
0.042867
0.110253
0.047266
0.078008
0.124277
0.064873
0.103518
-0.003458
-0.062740
0.019031
-0.001339
-0.027886
0.020342
0.029640
0.048759
0.030771
0.060121
0.046422
0.030050
0.029516
0.012788
0.029192
0.023443
0.045579
-0.033200
-0.019179
0.015352
0.018312
-0.003216
-0.095380
0.006493
-0.017765
-0.083413
0.023389
0.054755
0.003629
-0.031246
0.109664
0.046546
0.010487
0.048103
-0.077958
-0.031037
0.016697
0.009736
0.003534
0.035474
0.071398
0.062663
0.119160
0.109806
0.001454
0.030172
0.031006
0.006120
-0.015629
-0.025489
-0.011921
-0.002076
-0.071811
-0.009319
0.025921
0.025096
-0.035575
-0.070303
0.004907
-0.024707
-0.019334
0.130428
0.030592
0.074536
0.029903
-0.016106
0.013855
0.011402
-0.006971
0.041115
0.022064
-0.040569
0.030083
0.006018
-0.027883
0.096526
-0.058632
-0.017105
0.084991
0.005610
0.025846
-0.042612
-0.056256
-0.064333
-0.020339
0.011146
0.046522
0.029538
-0.075291
-0.019462
-0.006513
-0.035230
-0.051736
-0.070721
0.021639
0.013887
-0.006248
-0.069058
0.015191
0.077101
0.012153
0.152112
0.046032
-0.059519
0.064964
-0.013106
0.004724
0.051750
0.018143
0.093033
-0.001804
-0.018897
0.024422
0.007064
0.017404
0.071298
0.059298
0.002952
0.081212
0.030184
0.007929
0.031378
0.056330
0.005400
-0.056155
-0.072235
0.075166
0.058566
0.013377
0.030126
0.062179
0.037398
0.018464
-0.036254
-0.061257
0.064911
0.101088
-0.066168
0.044081
0.032699
0.048305
0.004231
0.012849
-0.035745
-0.014276
-0.007076
-0.052867
-0.082605
-0.043525
-0.038910
-0.023801
-0.003662
-0.031658
-0.009615
0.001207
0.015877
-0.003914
0.061617
-0.012789
0.055241
0.067813
0.041425
0.073423
0.049634
0.027109
-0.093227
-0.080743
-0.034760
-0.062455
0.002242
0.001515
0.102009
0.051112
-0.099029
0.006977
0.018314
-0.053877
0.121268
0.043151
0.034790
0.010564
-0.093039
-0.044465
-0.003544
0.040987
-0.031741
0.011173
-0.043593
-0.111683
0.041666
0.069426
-0.047488
0.039804
0.087063
0.075971
-0.032329
0.020247
0.094255
-0.008196
0.010057
0.040919
0.131119
0.063152
-0.062734
-0.017237
0.053765
-0.006285
0.002175
-0.024305
-0.015176
-0.010267
-0.061583
-0.055659
0.017121
-0.044204
-0.074004
0.002256
0.001979
-0.007300
-0.010860
0.000149
0.045237
-0.015312
0.065880
0.027159
0.031440
0.054775
0.026210
-0.070593
0.040971
0.009465
-0.003326
0.118070
-0.056721
-0.107844
0.075153
-0.011716
-0.023546
0.023850
0.056800
0.067726
-0.053694
0.047725
0.096866
0.050697
0.044147
-0.029939
0.025208
0.006548
0.029752
0.128747
-0.018733
0.031134
0.044082
0.064510
0.024147
-0.028626
0.062518
-0.010183
-0.044286
0.020904
0.059384
-0.046463
-0.065859
0.009366
0.008056
0.033944
-0.020214
0.050101
0.028964
-0.114802
0.011129
-0.001449
-0.040256
-0.062207
-0.075854
0.090256
0.036077
0.080062
-0.025863
-0.031422
0.067185
0.081431
0.004271
0.003207
0.014536
-0.009419
0.045305
0.074804
0.011301
0.103953
0.067071
0.027828
0.042224
0.037097
0.047990
0.018256
-0.000129
0.042631
0.005909
-0.046051
0.043739
0.070653
-0.009447
0.077166
0.112032
0.019627
0.011217
-0.002553
-0.033196
-0.142829
-0.009153
-0.063873
-0.085465
0.019959
0.005076
-0.014380
0.003274
0.034305
0.003141
0.091551
0.083065
-0.110953
-0.085115
0.053684
0.017358
-0.057156
-0.104221
-0.017054
0.002574
0.002574
0.102798
0.080469
0.065723
0.041456
0.025712
0.050592
0.015368
0.001504
0.015810
0.065168
0.023118
-0.124531
0.049090
0.008658
-0.036303
0.032704
0.053321
0.023459
-0.041554
-0.045399
-0.021652
0.070846
0.061035
0.021281
0.047882
0.025421
-0.021274
-0.092027
-0.087695
-0.008535
-0.006497
0.028387
0.004290
0.007067
-0.021255
-0.010376
0.027115
0.026917
0.021161
0.022834
0.020660
0.009122
0.015620
-0.019646
0.014802
-0.024076
-0.026259
0.045054
0.045563
-0.047612
0.014405
-0.052755
-0.032411
0.027364
-0.040797
-0.025387
-0.059170
-0.083486
-0.053133
-0.069625
-0.074962
0.021199
0.105848
0.085138
-0.002035
-0.024024
0.048858
-0.066277
0.006446
0.012743
-0.118059
0.055290
0.053688
-0.034575
0.050174
0.076817
0.027780
0.031053
-0.037776
0.022194
0.070004
0.024226
0.025021
-0.012694
0.001867
-0.011136
0.002512
-0.008358
-0.036288
0.047878
0.046908
-0.000861
0.086845
0.009334
0.023489
0.042186
0.048782
-0.030455
-0.003891
0.058637
-0.026684
-0.041195
0.004511
0.042749
0.012431
-0.036594
0.083067
-0.008708
0.044720
0.096335
0.156056
-0.037046
-0.010053
0.072911
-0.043233
0.061292
0.110852
0.048073
0.102678
0.031264
0.007165
0.052941
0.040905
-0.016546
-0.026365
0.023806
-0.003940
-0.014830
0.028716
0.044466
0.005095
0.011421
-0.031607
-0.021626
-0.034111
-0.049739
0.004998
0.066266
-0.010978
0.016172
-0.019175
-0.047743
-0.022320
-0.077244
0.056618
-0.024371
-0.022068
0.007097
-0.079076
-0.044476
-0.011815
-0.036388
-0.006943
0.036611
-0.056897
-0.011630
-0.090025
0.003519
0.058187
-0.047157
-0.006944
0.036772
-0.019551
-0.037365
-0.021926
-0.036359
0.006266
0.060522
-0.011779
0.042322
-0.003744
0.006843
-0.054006
-0.034321
0.004271
-0.011708
0.023100
-0.056137
-0.048049
0.061910
-0.009983
0.068633
0.040759
0.044712
0.077728
0.098489
-0.017274
-0.058285
0.066132
-0.014148
0.025888
0.152421
0.055944
0.011614
-0.019101
0.029112
0.087776
0.008602
-0.012799
0.016512
-0.050986
0.052670
0.053010
0.023687
0.033241
0.022683
0.025722
0.034683
-0.012249
0.020620
-0.021573
-0.065207
-0.117847
-0.112527
-0.016602
-0.034459
-0.034868
0.063745
0.038768
0.075048
0.111124
0.043845
0.090380
0.024038
0.087574
0.017674
0.113578
0.013979
-0.026937
-0.027671
0.023021
0.094333
-0.026318
-0.008916
0.025734
-0.018396
-0.070708
0.019269
0.065283
0.037975
0.068052
-0.004492
-0.049711
-0.025664
-0.035076
-0.024188
-0.059150
0.031814
0.034596
-0.008693
-0.001834
0.072134
0.027210
0.012613
0.018535
0.007085
0.013305
0.090603
0.045671
-0.017864
-0.006482
-0.024618
0.037611
-0.016569
-0.021722
-0.032909
0.022362
0.027660
-0.055107
0.004570
-0.032809
-0.028252
-0.010324
-0.032299
0.050510
-0.025298
0.008558
0.046875
0.064574
0.025686
-0.022953
0.068659
0.010222
-0.011714
0.060257
0.024731
-0.039320
0.039919
-0.012283
-0.000839
0.057422
0.046870
0.078300
-0.014300
-0.021166
0.015636
-0.003374
0.040594
0.048094
0.042842
0.034042
0.012906
0.034425
-0.016443
-0.033261
-0.007081
0.032965
0.084798
0.005788
-0.056780
0.009926
0.018109
-0.047159
-0.024842
-0.013258
-0.039380
-0.012914
0.023918
0.071892
0.001594
-0.006582
0.053768
-0.021376
-0.015944
0.095879
-0.051967
-0.012964
-0.093288
-0.105775
-0.033713
-0.084625
0.016594
0.023196
-0.010139
0.008224
0.038193
0.015171
-0.029245
-0.089121
-0.023127
0.057595
-0.053272
-0.073636
-0.006159
0.069319
-0.075395
-0.089848
-0.046470
0.017505
0.030794
0.081568
0.003866
-0.006680
-0.100477
0.070198
0.050800
-0.022164
0.044857
-0.022246
-0.039155
0.068677
-0.000237
-0.064679
0.081868
0.112023
0.017414
0.024901
-0.013077
0.000550
0.130721
0.065106
0.018841
0.142289
0.045062
0.033575
0.008338
-0.066933
0.029215
-0.057205
0.037723
0.000155
-0.052118
-0.034564
0.041372
0.020041
0.027655
0.040403
-0.011163
-0.066318
-0.039222
-0.050004
-0.038975
-0.048405
-0.064292
-0.048088
-0.008348
-0.054002
0.020434
0.002229
0.019897
0.014574
-0.024439
-0.064208
-0.001987
0.007425
0.021895
0.046620
-0.055392
0.029053
-0.021269
0.004716
0.086595
0.074182
-0.091759
0.039801
0.048826
-0.090300
0.097260
0.037059
0.065004
0.026814
-0.015752
0.069576
0.004177
0.041638
-0.005311
0.061878
0.060123
0.060279
0.121392
0.066978
0.050467
0.018406
-0.052147
-0.023276
-0.046928
0.021289
-0.018037
-0.032489
0.017769
0.074123
0.042275
0.008665
0.005285
-0.080368
-0.036554
-0.073309
-0.052632
0.013358
-0.060361
-0.001507
0.013968
-0.058842
-0.066877
-0.058350
0.058847
0.123048
-0.067940
0.118673
0.088682
-0.027987
0.019929
-0.052309
-0.066741
0.062940
0.011831
0.059268
0.024284
-0.047387
-0.102560
-0.049935
0.017438
0.037678
0.045617
0.001784
0.090014
0.002049
-0.009583
0.090685
0.015300
0.005479
0.065335
0.018241
0.006539
-0.009272
-0.005083
-0.007561
0.001275
-0.015342
-0.001244
-0.016826
-0.005793
-0.044076
0.032706
0.098396
-0.050799
0.012092
0.095031
0.036051
0.023249
0.027113
0.056845
0.073377
-0.023634
-0.008014
0.008690
-0.017310
-0.005965
0.002087
0.011884
0.022688
0.066729
0.035737
0.074949
0.089257
0.000463
-0.004005
-0.063759
0.001304
0.040495
-0.008413
-0.040481
-0.093018
0.005700
0.041592
0.028846
0.013940
0.072135
0.032112
0.012080
0.084782
0.025632
0.004417
0.029781
0.066798
0.012742
-0.065014
-0.108709
0.007745
0.036676
-0.014601
0.121443
0.033146
0.091036
0.028774
-0.044175
0.027966
-0.028909
-0.004364
0.097521
0.037232
0.069214
0.058608
0.010985
-0.029025
0.025104
0.033665
0.015145
0.070023
-0.009681
-0.026845
0.004989
-0.068919
-0.026935
0.013857
0.078340
0.020447
0.001615
0.066086
0.047655
0.000015
0.024630
0.043400
0.028637
0.091782
0.061602
0.093466
0.065949
0.040920
-0.024110
0.044211
0.046903
0.036057
0.028074
0.050077
0.002372
-0.045801
-0.004852
-0.006022
-0.062276
-0.065331
0.053194
-0.002624
-0.075397
-0.000742
0.021790
-0.114840
-0.058101
0.029472
-0.007302
0.047916
0.103863
0.009869
0.053656
0.041768
0.015187
0.009188
-0.005328
-0.047612
0.015255
0.040687
-0.047327
0.012541
0.008100
-0.099856
-0.011533
-0.019310
-0.050777
0.021452
0.015151
-0.009418
0.014308
0.004763
-0.054159
-0.034512
-0.065400
-0.040357
0.043123
0.057953
0.114525
0.046603
0.160118
-0.009889
-0.084693
0.022484
-0.139492
-0.093950
0.022044
-0.063591
-0.014327
-0.055886
0.000545
-0.018361
0.053163
0.050016
0.029338
0.085399
0.019975
-0.014616
-0.034829
-0.012998
-0.014446
-0.036568
0.065819
0.077891
0.044475
0.048092
-0.016913
-0.015724
-0.104993
-0.069728
0.061161
0.055188
0.077320
0.031203
-0.002865
0.082491
0.005183
0.008205
0.029609
-0.001423
0.016463
-0.061793
-0.006667
-0.004301
-0.079607
-0.079401
-0.061789
0.008106
-0.069290
-0.012802
0.063054
0.048655
0.066496
0.057133
0.054479
-0.071871
0.017164
0.014090
-0.088043
0.065400
-0.012583
0.061701
0.053360
-0.030230
-0.036426
0.036237
0.067203
-0.020337
-0.071607
0.011173
0.050484
0.079129
0.018573
-0.007156
-0.055586
0.019914
0.013851
0.018211
0.009339
-0.072173
0.010402
0.037167
0.004116
0.130796
0.061025
0.108493
0.028631
-0.026759
0.078727
-0.040330
-0.026444
-0.022516
-0.001542
-0.040690
-0.038093
0.074785
-0.038701
-0.056476
0.075601
-0.076638
-0.007808
0.054579
-0.084586
-0.003105
-0.002916
0.004847
0.043955
-0.040021
-0.022187
0.030051
-0.059693
-0.056919
-0.020421
0.096049
0.074433
-0.028650
-0.089200
-0.057270
-0.014848
-0.030265
0.043511
-0.019481
0.009988
0.048597
-0.021784
0.062019
0.021037
0.077050
0.049162
-0.101470
-0.071475
-0.057698
-0.076335
0.004103
-0.057517
-0.068710
0.029881
-0.063676
-0.072770
0.005818
-0.011774
-0.004894
0.048832
0.015675
-0.074409
0.067056
-0.039926
-0.047518
0.020300
0.108046
-0.001105
0.006649
0.093130
-0.008997
0.087924
-0.028601
0.101848
0.057700
0.066767
0.081263
0.008475
0.051002
0.027796
-0.011789
-0.017720
0.074552
0.040194
0.008311
0.055146
0.110090
0.041284
0.021905
0.049167
0.061245
0.037920
0.046363
0.004454
0.011436
0.024125
-0.039266
0.017781
0.038303
0.005435
0.010177
-0.037363
0.012533
-0.035792
-0.017087
-0.014194
-0.012111
0.026069
0.051819
0.000756
-0.042313
0.063773
-0.019129
-0.011732
0.075907
0.117230
0.044618
0.002981
0.098217
0.058110
-0.005467
0.066627
-0.048737
-0.024338
0.023118
-0.077369
0.001552
0.045570
-0.091111
-0.042108
0.031339
0.026642
0.044996
0.027778
0.066529
0.067646
-0.008479
0.056765
0.041642
-0.006026
-0.028620
0.026419
0.061473
-0.042797
0.012855
0.009664
0.034995
-0.001720
0.022998
0.032378
-0.016228
-0.059855
-0.024833
0.038618
-0.081013
-0.028980
0.035681
0.006583
0.075810
-0.014710
-0.058642
0.048275
0.076410
-0.014902
-0.056774
-0.044781
-0.023566
-0.063436
0.058733
0.147933
-0.052649
-0.009656
0.022652
-0.008500
0.020191
0.046058
-0.042092
0.050033
-0.046655
0.011518
0.004611
0.000484
0.066271
0.058646
-0.004929
-0.029795
0.057680
0.025343
-0.090603
0.008864
0.024962
-0.042929
-0.048872
0.030106
0.010269
-0.051644
-0.045380
0.013582
0.018838
0.030253
-0.009729
0.045220
0.022328
-0.031262
0.016288
-0.041676
-0.045098
-0.003377
-0.082969
-0.007986
0.021615
0.024353
0.060139
-0.027410
-0.058725
-0.025786
0.013369
-0.042089
0.031226
0.103559
-0.086551
0.020449
0.045965
0.034549
0.062639
0.044523
0.033603
-0.141376
-0.038544
0.023962
-0.006490
0.092786
0.084425
0.050338
0.033175
0.025391
0.052099
-0.017233
0.016703
0.042147
-0.028935
-0.044739
0.005475
-0.046094
-0.040303
0.037053
0.023439
0.036416
-0.037663
0.014531
-0.024254
0.005983
0.020658
0.075930
-0.026013
-0.045931
-0.004603
-0.086822
-0.007767
-0.013261
0.014975
0.062546
-0.009284
0.004286
-0.011947
-0.048954
0.029152
0.073836
0.034533
-0.041894
-0.043126
0.076705
-0.047389
-0.027520
0.006987
0.000888
-0.034266
-0.026344
0.004054
0.047393
0.031047
-0.011012
-0.027059
-0.035719
-0.033347
0.127107
0.011494
0.059722
0.032038
0.013839
-0.015345
0.003728
-0.008930
0.021066
-0.022602
-0.087240
-0.006248
0.029055
-0.009966
0.028997
0.076113
0.005346
0.062952
0.033486
-0.074824
0.064231
0.030101
-0.021897
0.017121
0.024151
0.026523
0.075579
-0.020070
0.029942
-0.007659
-0.094967
-0.006175
-0.006366
-0.006957
-0.013657
-0.011109
0.022553
0.006822
-0.018891
-0.037092
-0.017495
-0.034474
0.049814
-0.006757
0.017492
0.057647
0.038843
0.002101
-0.050995
-0.069901
-0.074984
-0.051413
-0.043603
-0.015284
0.044838
0.030843
-0.024528
-0.090611
-0.012730
0.004050
-0.035422
0.046584
-0.082432
-0.058975
0.038642
0.032165
0.018840
-0.018985
-0.009604
0.005848
-0.082186
-0.005847
-0.036549
-0.086585
-0.024818
-0.007859
-0.028538
0.056315
0.054852
-0.032834
-0.028298
-0.053104
-0.026045
0.023540
-0.044032
-0.022110
0.020579
0.085165
0.038889
0.054731
0.080365
-0.025197
-0.086125
0.055988
-0.002846
-0.048756
0.013800
0.000604
0.095567
0.015789
-0.013127
0.036194
-0.012376
0.043138
-0.014247
-0.022290
0.027058
0.003374
-0.008595
-0.008533
0.065801
0.047760
0.090729
0.102085
0.106647
0.042228
0.048414
0.038512
0.025222
0.060677
0.015888
0.034022
0.031239
0.045276
-0.038854
0.027039
0.016200
-0.087234
-0.067851
-0.043629
-0.026185
-0.007230
-0.059689
-0.014066
-0.025704
-0.008703
0.086580
0.022974
-0.027963
-0.048215
-0.028428
0.023465
0.005680
0.035096
0.019882
0.022755
0.030550
-0.006724
-0.021981
-0.001386
-0.093132
-0.029367
0.002389
-0.029310
0.023485
0.160229
0.043877
0.080174
0.146215
-0.001233
-0.025845
0.030510
0.046696
-0.025402
-0.076476
-0.017122
-0.017129
-0.055579
-0.014155
-0.028968
0.005088
0.009191
0.002559
0.021029
-0.058254
-0.055821
0.021733
0.014489
0.021036
-0.020860
-0.020668
-0.082097
-0.111097
-0.009812
-0.040992
-0.027266
0.020728
0.057553
0.014056
0.060873
-0.012231
-0.014986
0.061556
0.042234
-0.020780
0.028298
0.008038
-0.052621
0.036108
0.034185
0.002097
0.035730
0.031721
-0.069317
-0.038075
0.031023
0.069644
-0.032462
0.023765
0.051211
-0.039625
-0.003719
0.027462
0.092338
-0.026350
0.001501
-0.012217
-0.044407
-0.028119
-0.065766
0.012675
0.039424
-0.019182
0.075652
0.027575
-0.021102
0.006870
-0.022383
0.006174
0.068565
-0.037235
0.081712
0.062761
-0.012060
-0.017601
-0.006612
0.000846
0.035777
0.039451
0.053796
0.039454
0.023508
-0.021176
-0.049239
0.072939
0.015407
-0.042751
0.093006
0.047049
-0.122407
-0.013275
0.031639
-0.053323
-0.040734
-0.050449
-0.081961
-0.066371
0.022438
0.012846
0.033107
-0.009325
0.025917
0.056158
-0.060535
-0.077690
-0.017433
-0.037035
-0.000427
-0.027485
-0.016922
0.028302
-0.045366
-0.027940
0.000627
0.018984
-0.023190
-0.054270
0.053172
-0.014984
-0.011025
0.041738
0.004249
-0.016646
0.093259
-0.011492
0.032327
0.083931
0.045533
0.048804
0.018473
0.021977
0.078341
0.049079
0.051750
0.053939
0.048492
0.022222
-0.029187
-0.035216
-0.032054
0.021832
-0.083735
-0.051300
-0.045074
-0.095816
-0.041446
-0.086130
-0.043018
-0.005546
-0.042583
0.026482
-0.013830
-0.018250
0.047708
0.052406
0.034589
-0.028183
0.029239
0.032679
-0.011694
-0.087163
-0.042151
0.001945
0.003806
-0.003910
0.027882
-0.026445
0.043978
0.059050
-0.023210
0.032422
-0.008111
-0.039679
-0.014831
-0.040990
-0.084056
-0.026778
0.030195
-0.001736
0.018088
0.007409
-0.058160
-0.010035
0.039388
-0.100426
-0.010071
0.005007
0.001171
-0.018425
0.001576
-0.064802
-0.082996
-0.081378
-0.027803
0.026322
0.048942
0.009957
0.005397
0.104158
0.034595
0.018808
-0.027331
0.093564
0.127154
-0.055624
0.042541
0.106936
-0.088034
-0.041190
0.026026
0.022818
0.011069
0.010863
-0.001540
-0.003719
-0.084764
-0.038680
-0.078065
-0.081952
-0.021352
-0.016697
-0.000210
-0.062718
-0.033004
-0.028487
-0.032446
-0.009732
0.083547
0.053087
-0.011547
0.049474
0.032761
-0.023789
-0.050644
-0.021954
0.043219
-0.107582
-0.041839
-0.047463
-0.069726
-0.030569
-0.071918
-0.015685
-0.031538
-0.020560
0.005249
0.031203
0.018232
0.052374
0.066185
0.022094
-0.011592
0.059561
0.090757
-0.077279
-0.055183
0.001759
0.030802
-0.012316
-0.018484
0.016020
-0.008542
0.024950
0.009747
0.026169
0.043318
-0.053387
-0.028174
0.034971
-0.003861
0.024389
0.100378
0.085345
-0.004308
0.047142
-0.069263
-0.104200
-0.019785
-0.050903
-0.013507
0.007594
0.010958
0.020445
0.068517
0.008856
0.009849
-0.130647
-0.112295
-0.023476
-0.073777
-0.020936
-0.043019
-0.023288
-0.056964
-0.038330
-0.021036
0.011468
-0.026407
-0.097666
0.013493
0.054453
-0.006603
0.059392
-0.039415
-0.039490
0.073489
-0.010551
0.022516
-0.030051
0.014681
-0.010628
0.021008
-0.041514
-0.049589
-0.115719
-0.041911
0.067263
0.075717
0.015372
-0.027002
-0.042843
-0.086120
0.004921
-0.002848
-0.016334
0.052872
0.027598
0.007835
-0.056533
0.006975
0.074359
-0.030079
-0.000162
-0.054151
-0.052602
0.019803
-0.046024
0.022760
0.120306
0.028710
0.124070
0.072140
0.033312
0.039506
-0.003783
0.065771
0.038236
-0.030791
0.100120
0.071518
0.035257
0.049274
0.082448
0.055406
-0.032385
-0.096767
-0.050647
-0.112667
-0.055600
-0.031748
-0.118063
-0.041454
-0.060913
-0.073399
-0.013867
-0.004909
0.006228
0.002125
0.002868
0.038879
0.021004
0.075787
-0.033863
0.058272
0.019001
-0.019863
0.009971
-0.043908
0.009409
0.009533
0.006535
0.041876
0.014397
0.019301
0.021741
-0.009274
0.090431
0.124826
0.019193
0.037384
0.062818
0.053429
-0.063760
-0.033156
0.022829
-0.024089
-0.035862
-0.012533
0.059645
-0.029789
0.018654
0.050034
0.013833
-0.001944
0.023935
-0.006512
-0.024893
0.085697
0.066505
-0.030690
0.086268
0.017541
-0.007018
0.008649
-0.016111
0.044343
0.026533
0.010833
-0.048577
-0.065945
-0.040409
-0.015517
-0.081084
-0.090548
0.017692
-0.038118
-0.036883
0.030863
-0.019464
0.029451
-0.051287
-0.047861
0.011995
-0.050423
0.036830
-0.010896
0.002583
-0.063763
0.017607
-0.008578
0.014775
0.101926
0.026823
0.075051
-0.076847
0.066304
0.013039
-0.034467
-0.061314
0.002722
0.023228
-0.010138
-0.015856
-0.032413
0.022170
0.036831
-0.012826
-0.067218
0.081793
0.047126
0.014500
0.007761
0.030731
0.067690
0.115762
0.018038
-0.015236
-0.020617
-0.117437
0.032949
0.004607
-0.018704
-0.013879
0.000762
0.010455
-0.029872
-0.043588
-0.089173
0.057753
0.064295
-0.004638
0.021113
0.004890
0.047643
-0.038705
-0.024800
-0.033155
0.026536
0.012464
0.059016
0.023051
0.064262
0.118578
-0.040208
0.016905
0.032681
-0.010985
0.060135
-0.045744
-0.071448
0.005992
-0.048243
-0.086586
0.015851
0.051489
-0.038475
-0.058069
0.007072
0.022676
-0.002488
-0.023742
-0.052934
0.047038
0.094291
-0.005346
-0.003569
-0.017651
-0.010489
0.022616
-0.065931
-0.038194
0.013093
-0.019087
-0.052082
0.054653
-0.089105
0.044061
0.088292
0.054226
-0.077766
-0.054156
0.072614
-0.011296
0.046249
0.083836
0.057038
0.099855
0.043646
-0.021234
0.026945
0.074677
0.099381
-0.011368
0.009415
0.047045
-0.044308
0.005357
-0.003129
0.040228
0.089182
0.061882
-0.013908
-0.056844
-0.025652
-0.010727
0.057946
-0.009338
0.011750
0.084696
0.063923
0.006437
0.017217
0.010255
0.059803
-0.011616
-0.000709
0.007416
0.015063
0.093103
0.048561
-0.044925
-0.024117
-0.050162
0.025497
-0.035285
-0.079711
-0.048427
-0.063664
-0.009439
-0.089190
-0.045816
-0.052757
-0.058061
-0.033596
-0.057914
-0.062249
0.000532
-0.007795
-0.056601
-0.006114
0.094535
-0.091092
-0.000237
-0.006758
-0.046523
-0.047897
-0.077060
0.002933
-0.040067
-0.094815
-0.055718
-0.050149
-0.019670
-0.004008
-0.032297
-0.062636
-0.056142
-0.003305
-0.066002
0.056832
0.077027
0.051000
-0.008984
0.028746
0.000050
-0.030900
0.048719
0.032835
0.041309
-0.014391
-0.031798
0.019473
-0.014776
0.060856
0.069520
0.020870
-0.020950
-0.010369
0.031941
-0.067924
0.008760
0.085165
0.067054
-0.023652
-0.045300
0.023223
-0.017024
-0.027962
0.012078
-0.035203
0.079234
-0.018293
-0.062012
0.048783
-0.033904
-0.027029
-0.010211
0.073148
0.128164
-0.023407
0.028012
0.052480
0.035965
0.010867
-0.012863
-0.025854
0.005624
0.001518
-0.020117
0.003552
-0.013619
0.038141
0.044967
-0.027941
0.012399
0.037881
0.004554
0.052756
-0.021367
0.019655
-0.005007
0.007414
0.107338
0.037782
-0.058334
-0.074580
-0.027909
-0.005502
-0.048980
0.051837
0.088329
-0.034437
0.018586
0.011102
-0.085167
-0.022744
-0.021969
0.015134
0.067803
-0.040750
-0.139411
0.079055
0.054467
-0.048478
-0.019519
-0.025556
-0.065127
-0.106463
0.090323
0.043634
-0.022790
0.046436
0.015594
-0.034856
0.010113
0.032078
0.015803
0.020239
0.015164
0.030858
-0.104220
-0.013377
0.051985
0.059072
0.039654
0.077531
0.041377
-0.005598
0.014478
0.024596
0.004644
-0.009883
-0.019165
-0.008418
0.074265
0.088826
0.027997
0.040746
-0.028341
0.032970
-0.038039
0.057300
0.040644
-0.066792
0.044455
0.003457
-0.035574
0.131243
0.099091
0.009320
0.051142
0.069802
0.006010
-0.001255
0.088919
0.013963
-0.013691
0.041108
-0.025136
0.029561
0.117039
0.019036
0.085988
0.031358
-0.077484
0.025831
0.020252
0.023998
0.077092
0.049687
0.065001
-0.022873
-0.035151
0.041804
0.021455
-0.011294
0.073087
-0.020436
-0.037676
0.097985
0.057347
-0.073135
0.061892
-0.016168
0.051879
0.041021
0.041541
0.061620
-0.023925
0.078155
0.047600
-0.016042
0.046517
0.060279
0.096483
0.030292
0.011155
0.055923
-0.014065
0.018955
0.060060
-0.002531
-0.029189
-0.060410
-0.029690
-0.026708
-0.030725
-0.022887
-0.046760
0.000263
0.002975
-0.050950
-0.048574
-0.031343
-0.045520
-0.002269
-0.030804
0.018004
0.005357
-0.049853
0.095290
0.019276
-0.091339
-0.047699
-0.002906
-0.092409
-0.043591
-0.094161
-0.119446
-0.031983
-0.118666
-0.054973
0.061488
-0.054796
-0.032149
-0.064848
-0.028787
0.026472
0.000586
-0.002214
-0.050720
0.012248
-0.049339
-0.001681
-0.024002
0.028253
-0.001706
-0.062566
0.019545
-0.029733
-0.017531
0.104177
-0.029016
0.016737
0.010894
-0.105663
0.010576
0.056154
-0.002314
-0.042206
-0.004029
-0.023421
-0.027912
0.026795
-0.001871
-0.004814
0.048565
0.058986
0.006254
-0.011616
0.020145
0.070782
0.016586
-0.009086
-0.015516
0.012312
-0.073126
0.027519
-0.003680
0.025702
0.022803
0.039444
0.050419
0.060542
0.019506
-0.021730
-0.018599
0.029461
0.023859
0.025236
0.031090
-0.022760
0.006286
0.007376
0.006781
-0.004070
0.081796
0.014624
-0.032627
-0.012174
-0.044879
-0.076925
-0.044554
-0.031192
-0.086355
-0.036999
0.050956
0.013120
-0.021959
0.010220
0.045619
-0.092365
-0.070040
0.046636
-0.035114
-0.002563
-0.025858
-0.108171
-0.012708
-0.055592
-0.055035
0.023699
-0.024205
-0.039261
0.007110
0.009292
-0.010490
0.036109
0.023564
0.025290
0.065931
-0.026695
0.019566
0.002796
0.032091
0.040511
0.082419
0.003685
0.013324
0.020166
0.019307
-0.020369
0.044395
0.011586
-0.022973
0.063997
0.014021
-0.050315
0.038253
-0.027946
-0.065443
0.056699
-0.104902
-0.034718
0.003559
-0.000624
0.073241
-0.042199
0.049589
0.021616
0.016593
0.019042
0.043322
-0.041496
-0.026683
0.078562
0.008369
-0.053902
0.001589
0.095880
0.000485
0.011174
0.109650
-0.012468
0.093869
0.128805
0.044514
-0.018077
-0.047171
-0.114268
-0.057948
-0.065383
0.053197
0.044033
0.014790
0.080055
-0.013580
-0.071253
-0.016840
-0.010485
0.011451
0.028360
-0.030590
-0.043144
0.051412
0.005944
-0.062961
0.086748
-0.011138
0.053954
0.051299
0.090503
-0.045547
0.024193
0.059552
0.035054
-0.012044
-0.044248
0.019061
