200	4.545189
700	0.102356
1200	-0.047944
1700	0.021547
2200	0.073906
2700	0.069923
3200	0.065801
3700	0.067812
4200	0.019403
4700	-0.079775
5200	-0.008178
5700	0.033403
6200	0.088300
6700	-0.001267
7200	0.030869
7700	-0.000204
8200	0.003235
8700	0.028701
9200	0.002854
9700	0.058926
10200	-0.063729
10700	0.052196
11200	0.016991
11700	0.019893
12200	-0.000298
12700	-0.017187
13200	0.077237
13700	0.053096
14200	0.101915
14700	0.006301
15200	0.070451
15700	0.022634
16200	0.044388
16700	0.048312
17200	0.034717
17700	0.032082
18200	0.077496
18700	-0.029871
19200	0.033357
19700	-0.038548
20200	-0.081845
20700	-0.002966
21200	-0.059993
21700	0.087430
22200	0.033744
22700	-0.030161
23200	0.030217
23700	-0.059853
24200	-0.082389
24700	-0.049140
25200	0.057306
25700	0.057810
26200	-0.043903
26700	-0.042997
27200	0.028149
27700	0.008804
28200	0.067159
28700	0.020005
29200	0.095817
29700	0.020439
30200	-0.012148
30700	0.027051
31200	0.009110
31700	0.025412
32200	0.064090
32700	-0.001248
33200	-0.014858
33700	0.027430
34200	0.042600
34700	0.040423
35200	0.069326
35700	-0.047755
36200	0.075985
36700	-0.054965
37200	0.053404
37700	-0.012508
38200	-0.027759
38700	-0.054660
39200	0.003855
39700	0.017825
40200	-0.009846
40700	0.064833
41200	-0.004362
41700	0.020405
42200	0.022597
42700	0.024464
43200	0.118177
43700	0.014669
44200	0.005587
44700	0.057890
45200	0.022094
45700	-0.105978
46200	0.077403
46700	0.037652
47200	-0.116353
47700	-0.053311
48200	0.001398
48700	-0.037687
49200	-0.024057
49700	-0.054760
50200	0.024510
50700	0.061021
51200	-0.007046
51700	-0.025657
52200	0.022208
52700	-0.042471
53200	-0.018521
53700	-0.009662
54200	0.044891
54700	-0.046707
55200	0.003682
55700	0.083454
56200	0.031216
56700	0.030065
57200	-0.004918
57700	-0.043253
58200	0.064923
58700	-0.008134
59200	-0.024681
59700	-0.088891
60200	-0.048627
60700	-0.024986
61200	0.000039
61700	0.012666
62200	0.014938
62700	0.101010
63200	-0.017642
63700	-0.055974
64200	0.027888
64700	0.087421
65200	0.085862
65700	-0.008981
66200	0.006142
66700	0.030121
67200	-0.041376
67700	-0.007635
68200	0.061405
68700	0.019124
69200	-0.026194
69700	-0.037136
70200	0.059133
70700	0.017040
71200	-0.016391
71700	0.029211
72200	0.061427
72700	0.074699
73200	-0.037113
73700	0.029226
74200	-0.028834
74700	0.000003
75200	0.008436
75700	-0.023612
76200	-0.001353
76700	-0.038760
77200	-0.027221
77700	-0.091620
78200	-0.011849
78700	0.023819
79200	-0.016286
79700	0.070538
80200	0.027810
80700	0.044659
81200	-0.025816
81700	-0.002311
82200	0.050958
82700	-0.055420
83200	-0.026674
83700	-0.010613
84200	-0.012642
84700	0.059440
85200	0.030581
85700	0.059335
86200	0.053448
86700	-0.057804
87200	-0.029588
87700	-0.017938
88200	-0.020199
88700	0.095469
89200	0.003498
89700	0.012670
90200	0.029405
90700	-0.033972
91200	-0.107212
91700	-0.017865
92200	-0.032887
92700	-0.085089
93200	-0.016336
93700	-0.003244
94200	-0.039939
94700	0.073046
95200	0.040478
95700	-0.013306
96200	-0.014167
96700	0.050200
97200	0.079246
97700	0.011799
98200	0.000882
98700	0.035483
99200	0.057606
99700	0.063611
100200	-0.024996
100700	0.029557
101200	-0.001833
101700	-0.002073
102200	-0.003949
102700	0.061710
103200	0.051720
103700	-0.072288
104200	-0.023345
104700	-0.046200
105200	0.038115
105700	0.027807
106200	0.056359
106700	-0.090679
107200	0.062439
107700	-0.008251
108200	-0.028507
108700	-0.016459
109200	0.005419
109700	-0.003018
110200	0.056244
110700	0.009530
111200	-0.016873
111700	-0.037916
112200	0.006710
112700	0.048208
113200	-0.029475
113700	-0.010642
114200	0.001440
114700	-0.000425
115200	0.042864
115700	0.086830
116200	-0.015189
116700	-0.102367
117200	0.020754
117700	-0.001351
118200	-0.047719
118700	0.054700
119200	0.002809
119700	0.017353
120200	0.012508
120700	0.011110
121200	0.073503
121700	0.002905
122200	0.078734
122700	-0.006387
123200	-0.030350
123700	-0.025597
124200	0.022953
124700	0.001980
125200	0.043844
125700	-0.026265
126200	-0.032571
126700	-0.083165
127200	0.017797
127700	-0.040685
128200	-0.048430
128700	0.046266
129200	-0.062512
129700	-0.061686
130200	0.027821
130700	0.033121
131200	-0.023646
131700	-0.003385
132200	-0.060056
132700	-0.086133
133200	-0.008656
133700	-0.044623
134200	0.019383
134700	-0.006470
135200	0.029609
135700	0.067235
136200	0.032644
136700	0.009862
137200	0.084603
137700	0.052394
138200	-0.075574
138700	0.069843
139200	0.082911
139700	-0.017028
140200	0.007549
140700	-0.046976
141200	0.029474
141700	0.080218
142200	-0.038104
142700	-0.045606
143200	-0.078665
143700	0.032084
144200	-0.073192
144700	0.066268
145200	0.016089
145700	0.021614
146200	-0.032824
146700	0.007398
147200	0.061381
147700	-0.009200
148200	0.082605
148700	-0.056456
149200	-0.036199
149700	0.040197
150200	0.072536
150700	0.014526
151200	0.003425
151700	-0.068554
152200	-0.014023
152700	-0.022048
153200	-0.006109
153700	-0.017923
154200	-0.035597
154700	0.010164
155200	0.000627
155700	-0.047584
156200	-0.027079
156700	0.019944
157200	0.037286
157700	0.007274
158200	0.006259
158700	0.057000
159200	0.013756
159700	-0.010678
160200	-0.033954
160700	0.063818
161200	0.001351
161700	0.100822
162200	0.010805
162700	0.002682
163200	-0.018087
163700	0.009632
164200	0.021530
164700	-0.031976
165200	-0.064244
165700	0.023268
166200	0.072015
166700	0.009590
167200	-0.073817
167700	0.012953
168200	-0.034431
168700	0.071255
169200	0.062429
169700	0.031017
170200	0.025845
170700	0.044278
171200	0.003836
171700	0.032738
172200	-0.012064
172700	-0.002471
173200	0.062394
173700	0.046887
174200	0.061272
174700	-0.009793
175200	-0.003364
175700	-0.004029
176200	-0.041861
176700	0.017342
177200	0.058771
177700	0.014009
178200	-0.026125
178700	0.016350
179200	-0.042755
179700	-0.067936
180200	-0.003543
180700	0.005739
181200	0.031805
181700	-0.059255
182200	-0.005177
182700	-0.011279
183200	-0.064063
183700	-0.006006
184200	0.028817
184700	-0.024280
185200	-0.035490
185700	-0.000661
186200	0.008317
186700	0.039901
187200	-0.046198
187700	0.065268
188200	-0.004553
188700	0.021213
189200	-0.105067
189700	-0.017855
190200	-0.022848
190700	0.054400
191200	0.007006
191700	-0.036388
192200	0.003000
192700	0.013092
193200	0.035357
193700	0.035910
194200	0.116369
194700	0.016671
195200	0.034158
195700	0.012954
196200	-0.025843
196700	0.002666
197200	-0.062158
197700	-0.049514
198200	-0.040372
198700	0.007580
199200	-0.053538
199700	0.006411
