1.883016
0.747632
0.670151
0.472965
0.417536
0.233698
0.230907
0.262479
0.101311
0.091938
0.227955
0.155487
0.101216
0.148417
0.181715
0.129728
0.118531
0.102835
0.167767
0.166656
0.099749
0.094354
0.083218
0.129612
0.150151
0.086532
0.020999
0.089233
0.133697
0.085477
0.113376
0.131869
0.142742
0.049518
0.061564
0.162010
0.046369
0.042458
0.120387
0.064970
-0.026748
0.004022
0.057120
0.107252
0.105172
0.030417
0.149479
0.105512
0.036675
0.152890
0.117175
0.069212
0.046773
0.089234
0.030067
0.046290
0.068736
-0.008824
-0.008447
0.169287
0.123782
0.106158
0.090931
0.029277
0.050013
0.033202
0.032480
0.095941
0.036685
0.058324
0.060736
0.113162
0.100450
0.106078
0.126183
0.084154
0.051646
0.102945
0.118233
-0.009950
0.074348
0.083115
0.181885
0.047148
0.067647
0.116801
0.014519
0.068681
0.124198
0.065196
0.071983
0.091384
0.164180
0.093121
0.037639
0.103578
0.026355
-0.045354
0.053114
0.102285
0.115143
0.022475
0.097775
0.107768
0.073563
0.102474
0.069353
0.075819
0.029446
0.015578
0.040004
0.029083
-0.026406
0.045328
0.074910
0.032902
-0.027615
0.006330
0.037128
0.091099
0.095773
0.085240
0.011842
-0.056264
-0.012387
0.037422
0.063881
0.053122
0.021352
0.076022
-0.018139
-0.014655
-0.032638
-0.041924
0.027217
-0.052640
-0.028566
-0.026773
0.060744
0.054532
0.008475
-0.018256
0.045843
0.001554
0.068211
0.091681
0.018234
-0.006133
0.036176
-0.013603
0.084751
0.016382
-0.031124
-0.004509
0.083217
0.088672
0.070859
0.045589
-0.005129
0.021988
-0.003428
-0.054891
0.001737
-0.033333
0.003310
0.051958
0.062016
-0.032470
0.038038
-0.007725
0.052412
0.035884
-0.019958
0.053756
-0.006935
0.057790
0.054455
0.104139
0.099843
0.052942
0.008354
0.033318
0.012225
0.085852
0.145913
0.097543
0.125626
0.068019
0.160169
0.139202
0.050002
-0.009403
-0.000234
-0.018387
-0.034197
0.078779
-0.031121
-0.006911
-0.009563
0.011836
-0.000549
0.070815
0.085955
0.023719
0.053829
0.032507
0.128042
0.015116
0.008932
0.023516
-0.032431
0.028989
0.044853
0.054355
0.126514
0.014287
0.015496
-0.040251
-0.063129
0.047000
0.049367
-0.057239
-0.022910
-0.014337
-0.023994
0.030173
0.002396
0.053645
0.065079
0.060834
-0.033056
-0.045594
0.021009
0.020894
-0.021516
-0.018218
0.041694
-0.004720
0.029545
0.040054
-0.039699
0.043871
0.024620
0.039213
0.115963
0.071556
0.091962
0.110317
0.104658
-0.024548
-0.051846
0.038499
0.129131
0.010715
-0.020384
0.082933
0.069250
0.045401
0.049992
-0.010198
0.055934
0.005715
-0.021020
0.044727
0.029234
0.037447
0.112433
-0.015715
0.061042
0.086408
0.084378
0.080538
-0.030982
0.038438
0.042399
0.080294
0.092408
0.031305
0.083290
0.024052
0.028246
0.067328
0.014982
-0.006921
0.081990
0.071099
0.008021
0.021280
-0.006102
0.059627
-0.015886
0.045879
0.012734
-0.011735
0.068879
0.019856
0.089572
0.022070
0.049419
0.109913
0.024874
0.015094
0.012510
-0.022314
0.062727
0.106704
0.069479
0.121678
0.073230
-0.004394
0.012508
-0.004614
0.044371
0.068789
0.043370
0.097912
-0.005360
-0.029466
0.077891
0.081163
0.041096
0.078842
-0.010658
-0.004839
-0.012487
0.027308
0.001341
0.007556
0.032133
0.044733
-0.000502
0.045893
0.115215
0.115173
0.017506
-0.053539
0.023601
-0.012473
0.055620
0.112895
-0.001325
0.026430
0.089028
0.003536
-0.019681
-0.009662
-0.038653
-0.037626
0.007834
0.114117
-0.014078
-0.034489
-0.022394
-0.088496
-0.051891
0.037248
-0.044822
-0.001488
0.085535
-0.015109
0.065783
-0.010858
0.004290
0.049631
0.094078
0.043128
0.041493
-0.046525
-0.058507
-0.052649
0.063441
0.019210
-0.058621
-0.013686
0.005445
-0.040514
0.058161
-0.013376
0.058519
0.084554
0.025817
0.053432
-0.040925
0.024963
-0.011028
0.043487
0.039028
0.044088
0.129896
0.057531
-0.006882
-0.019088
0.003914
0.040084
0.020332
0.026873
0.077054
0.071555
0.084935
-0.012849
-0.051474
-0.033365
-0.031227
0.007811
0.046160
0.000340
0.047912
-0.042610
-0.030666
0.046533
0.006600
-0.047353
0.043044
0.058722
-0.002860
-0.084167
-0.091296
0.053703
-0.020821
0.026100
0.018350
0.006734
0.031911
0.030972
0.045926
0.013500
0.036434
0.035122
0.075182
0.009722
0.012595
-0.009680
-0.044035
-0.026748
0.034580
0.017229
0.026169
0.068855
-0.028107
0.050476
0.139021
0.044131
0.027326
0.108197
-0.004522
0.068180
0.041652
-0.102142
0.056146
-0.005211
-0.060198
0.019082
-0.048238
-0.025548
0.012267
-0.011549
-0.022691
-0.063676
0.005443
-0.014502
-0.017997
0.038067
-0.057545
-0.049586
0.026327
0.030270
0.015976
-0.042513
-0.104171
0.010273
-0.022406
-0.068644
-0.080339
-0.057716
-0.077397
-0.106486
-0.077255
-0.077717
-0.061711
-0.053627
0.003986
0.007464
0.009258
-0.046733
-0.009712
-0.028543
0.007242
0.073438
0.104996
0.126191
0.048846
-0.026623
0.017038
-0.001539
-0.018786
0.017339
-0.001090
0.033945
0.074003
0.024848
0.058908
0.036732
0.028886
0.007949
0.023712
-0.025932
-0.042761
-0.046079
-0.051690
-0.011511
-0.020885
-0.005998
0.097117
0.077680
-0.005880
0.009613
0.090045
-0.055983
0.047701
0.032100
0.102756
0.032807
-0.107768
-0.027123
0.024753
-0.028625
0.050994
0.106597
-0.039267
-0.042075
-0.008872
0.078394
0.032843
-0.048388
-0.109131
-0.033009
0.026911
0.019442
-0.037211
-0.034609
-0.018115
0.014320
0.014264
-0.023162
-0.018898
0.058528
-0.058386
-0.075810
-0.010296
0.005515
0.013688
-0.043904
0.005833
0.017802
-0.035131
-0.051246
0.014099
0.002812
-0.007449
0.014651
-0.004102
-0.006187
-0.032191
-0.032896
0.092473
0.019506
0.016516
0.136688
0.057890
0.050244
0.084072
-0.010011
0.056933
0.001340
-0.007642
0.000300
0.033884
-0.045213
-0.012912
0.077666
0.023538
-0.042235
0.048190
0.105941
0.039273
0.068258
0.033275
-0.021227
-0.017091
-0.000760
0.008487
-0.055084
0.002622
-0.028598
0.000574
-0.023420
-0.131393
-0.022494
0.049927
-0.002680
-0.057342
-0.025692
-0.014782
-0.033715
-0.015080
0.007539
0.049123
0.036791
0.067229
-0.008785
0.063701
0.026370
-0.014987
0.023388
0.008000
-0.024865
0.069825
0.003658
-0.026838
-0.002295
0.043980
-0.079851
-0.065413
-0.060827
-0.044343
-0.015345
0.069297
0.044394
0.030754
-0.013317
-0.080554
0.060919
0.054105
0.005676
0.015041
-0.006734
-0.001354
0.005899
-0.034856
-0.087342
-0.047254
-0.019568
0.088964
0.077215
0.022801
0.088588
0.010222
-0.048026
-0.023476
0.046820
0.094386
0.019150
0.033528
0.056437
0.038466
0.058529
0.151332
0.022216
-0.044438
0.081414
-0.024356
-0.060750
0.013705
0.022947
0.062437
0.041307
-0.005554
0.039779
0.146763
-0.054195
-0.023215
0.004427
-0.097545
0.048692
0.015788
0.048563
0.059294
-0.077658
0.015722
-0.011345
0.029026
0.058488
0.072335
-0.004955
-0.006187
0.022899
0.030052
-0.016989
-0.022181
-0.013238
0.022787
0.014208
0.018410
-0.029499
0.003772
-0.003753
0.007079
0.066121
-0.076117
-0.016762
0.024154
0.022135
0.070885
-0.000227
0.034316
-0.061602
-0.030070
0.050575
0.069055
0.088527
-0.037134
0.020002
0.067186
-0.131977
-0.085031
-0.015482
0.114139
0.043724
-0.045332
0.097163
0.082790
-0.008482
0.062551
0.066395
-0.002154
-0.016741
0.026182
-0.044699
-0.028304
0.008596
0.057329
-0.024597
0.018049
-0.024194
0.044021
0.025770
0.112588
-0.002709
-0.002198
0.087214
0.032939
0.144203
0.031601
0.042268
0.120973
-0.051846
-0.010807
0.047681
0.036073
-0.015545
0.027114
0.030218
-0.059442
-0.034268
-0.047923
-0.037493
-0.009215
0.060130
0.061660
0.027632
-0.000171
0.028869
-0.005590
-0.085752
0.011698
-0.057511
-0.074709
-0.001124
0.008444
-0.003569
0.002608
-0.017999
-0.077619
-0.051215
-0.073391
-0.023508
0.019676
0.020120
-0.098508
0.070633
0.086791
-0.108215
-0.091005
0.033573
0.023293
-0.004553
0.066335
0.022369
0.056356
0.037645
-0.019886
-0.011668
-0.005427
0.040850
0.017186
0.034100
-0.019546
-0.086145
-0.006574
0.005290
-0.000273
-0.021275
0.002727
0.005798
-0.001022
-0.038145
0.068048
0.044421
-0.067257
0.097494
0.049750
0.000147
-0.048260
0.036150
0.100525
0.045217
0.013628
0.039557
0.030821
-0.054084
-0.060201
-0.002989
-0.067659
0.059046
0.033346
-0.018316
0.143702
-0.025118
0.025176
0.042812
-0.036087
-0.029522
-0.019012
-0.013252
0.029075
-0.001989
0.008538
-0.049744
-0.005949
0.074676
0.029377
0.043188
0.051344
0.041926
0.044536
0.000641
-0.001210
0.004868
0.034183
-0.001751
-0.012277
0.002384
0.103359
0.026263
-0.000755
0.059267
0.003828
-0.000066
-0.016755
0.037144
0.037769
-0.091892
-0.019009
-0.010109
-0.013663
0.010332
0.069658
-0.081339
-0.039585
-0.011805
0.012078
0.067511
-0.029794
0.103770
-0.001960
-0.041823
0.077269
-0.028885
-0.013065
0.085832
0.069458
0.052527
-0.011681
-0.025785
0.064514
0.005248
-0.021103
0.002191
0.046416
-0.014479
0.042570
0.006137
0.028196
0.040936
0.074536
0.054823
0.010303
0.071565
-0.004264
0.058461
0.096684
0.045121
-0.006869
0.029307
0.059738
-0.011599
0.000956
-0.049443
-0.052715
-0.014906
0.045360
0.108157
0.108390
-0.035288
0.032178
0.007426
-0.033656
0.012919
-0.031316
-0.011498
0.002799
-0.022721
0.031050
-0.008061
-0.099073
-0.071026
-0.078426
-0.063023
0.013940
0.050026
0.009986
0.052228
-0.089427
0.030128
-0.026076
0.035770
0.073135
0.113600
0.052698
-0.033035
-0.033375
-0.005125
-0.040577
0.015870
0.090346
-0.038248
0.012517
0.063891
0.056350
0.134840
0.062556
-0.016308
0.073675
0.056794
0.054367
-0.008054
0.038474
-0.044211
0.026122
0.050957
0.014746
-0.048819
-0.020911
0.059913
-0.080380
-0.024280
0.034216
0.014882
0.012841
-0.026799
0.047722
0.015577
-0.015169
0.017121
0.007680
0.018968
-0.019249
-0.009871
-0.028175
-0.001103
-0.000574
0.037102
0.073124
0.011813
0.026554
0.128931
-0.008648
0.071763
0.092150
0.063096
0.010486
0.030068
0.024165
-0.055273
-0.005538
0.030087
-0.025901
-0.029964
0.083189
-0.004972
0.000921
0.031641
-0.053818
0.092268
0.035478
-0.033256
0.031040
-0.044272
0.035800
0.034515
0.071180
0.037879
-0.124362
-0.026634
-0.014055
-0.064514
-0.041411
-0.010267
0.032776
0.003750
0.003864
0.037276
-0.101548
-0.062946
-0.042087
-0.059056
-0.075499
-0.038705
-0.003439
0.008136
-0.035618
-0.016851
0.043250
0.022345
-0.016697
0.013806
0.100474
0.040476
0.035001
0.105247
0.071745
0.092800
0.078171
0.059270
0.012609
-0.009534
-0.022672
-0.030766
-0.010164
0.003241
0.099885
0.065269
-0.007354
0.003403
0.024629
0.032064
0.006914
-0.009263
0.060201
-0.038461
-0.048106
0.030882
0.023042
-0.005631
0.015479
-0.055130
-0.061539
0.055858
-0.088511
-0.020560
0.011307
0.005622
0.034619
-0.011597
0.056324
0.028507
0.040696
0.027794
-0.073174
-0.017244
0.007202
0.080229
-0.035767
-0.007265
0.078178
0.005666
0.040639
0.045392
-0.103378
0.025146
0.052684
0.058149
0.130844
0.082229
0.131026
0.087564
0.037685
0.026302
-0.069592
-0.023640
-0.082266
-0.103390
0.009186
-0.044174
-0.125602
-0.040055
-0.086212
0.013939
-0.004384
0.080813
0.092766
-0.043358
0.025166
0.029279
0.030853
0.128119
0.105022
0.027156
0.035786
0.047503
0.046636
0.015426
-0.099956
0.010878
0.041639
-0.001472
0.074543
0.058086
-0.016738
0.056279
0.052147
-0.029318
-0.001853
0.013905
0.060311
0.001844
-0.053713
-0.025107
0.050766
-0.029858
-0.053196
-0.022332
-0.120562
-0.000816
0.043234
0.046334
-0.065479
0.003776
0.062608
-0.005842
0.064895
0.058788
-0.069833
-0.034940
-0.010341
-0.050718
-0.019828
-0.006652
-0.048556
-0.010506
-0.031384
-0.027087
0.039645
-0.054630
-0.066943
-0.011140
0.000281
-0.087353
0.019390
-0.022516
0.072063
-0.020508
-0.050153
0.065370
0.105444
0.060887
0.023615
0.038741
0.096292
-0.004529
0.113991
0.017325
-0.054773
-0.000321
0.059335
0.006788
0.018646
0.062827
-0.031157
0.026946
0.103540
0.031750
0.019262
0.055725
0.013613
0.098249
0.007484
0.060086
0.159323
-0.058279
-0.003084
0.009563
-0.132587
0.046196
-0.035416
-0.047505
0.028083
-0.098744
0.029358
-0.024478
0.065646
0.049173
0.025993
0.135531
0.017211
0.044302
0.073493
-0.006921
0.050516
0.055913
0.141866
0.030261
0.080784
0.083477
-0.088767
-0.051625
0.058434
0.003556
-0.067202
0.045971
-0.031327
-0.110275
0.001799
-0.006713
-0.009406
0.001849
-0.016613
0.039881
0.010671
-0.020327
0.042648
0.027731
0.068475
0.103825
0.104341
0.119919
0.036782
0.089435
0.115837
0.038143
0.067716
0.055212
0.051879
0.111270
0.022474
0.058704
0.048157
0.049350
0.002498
0.037283
0.069755
-0.022502
-0.023114
-0.001602
0.093737
0.045605
0.033866
0.097609
-0.050603
0.070279
-0.034238
0.037096
0.181334
0.078151
0.123600
0.069910
-0.007609
0.006455
0.007509
0.024819
-0.018054
0.009275
0.026435
-0.036495
-0.011906
-0.001515
0.048113
0.093703
0.049655
0.038244
-0.038305
0.095559
0.042415
0.040851
0.028117
0.041926
0.089203
0.024571
0.014407
0.020044
0.058599
-0.024711
-0.076520
0.002911
0.001619
-0.012998
0.023543
-0.045211
-0.043876
0.089614
-0.028006
-0.020960
-0.013855
-0.012956
0.056221
0.050562
0.061609
0.011668
-0.018806
0.035050
-0.054585
-0.046944
-0.038384
-0.062345
0.101934
0.029834
0.043277
0.056674
-0.036355
0.077764
-0.026229
-0.053923
0.002217
-0.020047
0.006548
0.012426
-0.021090
-0.040341
-0.019792
0.001681
0.051328
-0.015428
-0.025797
0.017368
-0.027692
0.075450
0.023970
-0.050325
-0.010482
-0.040301
0.026542
0.081075
-0.000811
-0.030008
-0.046715
0.072970
0.017280
-0.010338
-0.010021
0.010467
0.080739
0.101929
-0.025446
-0.047283
0.017673
0.005555
0.090864
0.076919
-0.026221
0.057313
0.071029
0.071588
0.004764
0.044456
-0.071277
0.014250
-0.052915
-0.015963
0.059221
-0.010301
0.045782
0.073391
-0.034338
-0.007613
0.100219
-0.029336
0.010733
0.062975
-0.005141
0.023036
-0.097494
-0.006647
-0.032351
0.046314
0.022635
-0.030932
0.047657
0.011126
0.046260
0.028367
0.056176
0.112529
-0.021164
0.045450
0.011061
-0.095132
-0.061136
-0.005719
-0.052735
-0.104417
-0.041653
0.016720
0.005764
0.029966
0.016158
0.092648
0.021138
0.044598
0.054556
0.009800
0.043935
0.056677
0.125324
0.099701
0.070778
-0.018040
0.026383
0.068821
0.023517
0.013553
0.011488
-0.046514
-0.039298
0.027166
0.003664
-0.044929
-0.007619
-0.033315
-0.003139
-0.098590
-0.093253
0.020290
-0.087729
-0.066721
0.025751
-0.032809
-0.072655
-0.047762
-0.020712
-0.061261
-0.003446
0.033902
0.074915
0.011106
-0.063009
-0.017393
-0.023290
-0.052596
0.017750
-0.064956
-0.152939
-0.008216
-0.018417
-0.047254
-0.015944
0.098380
0.025625
-0.003893
0.054573
-0.014130
0.017212
0.013920
-0.042321
-0.026787
-0.030880
-0.016703
-0.012919
0.051985
-0.044980
0.024073
0.045202
-0.060281
0.054389
0.010006
0.067705
-0.028037
0.031627
-0.019390
-0.046667
0.053901
-0.004217
-0.022847
-0.078670
-0.037721
0.023630
0.018686
-0.039529
0.073758
0.010047
0.089783
-0.006928
-0.076629
-0.067109
-0.102780
0.002793
-0.031327
0.077090
-0.006091
-0.022877
0.005040
-0.054947
0.048867
0.010460
-0.063478
-0.020395
-0.002815
0.014605
0.053934
0.018531
0.020622
-0.037028
0.039398
0.016081
0.077340
0.118161
0.043788
0.024399
-0.046772
0.023244
-0.042297
-0.072089
0.009802
-0.073788
0.033918
0.062949
-0.016267
0.029043
0.025202
0.055318
-0.016609
-0.028185
-0.036306
-0.046774
-0.006012
-0.083735
0.062182
0.073669
0.042767
0.005817
-0.071369
-0.036972
-0.050501
-0.008699
-0.048930
0.059396
-0.070093
0.085536
0.062723
0.047302
0.064338
-0.014218
0.032097
0.087754
0.022759
0.042388
0.078563
0.038376
0.086431
0.078292
0.003391
-0.072987
0.006014
0.030401
0.012640
-0.027849
-0.012896
-0.074730
0.011020
0.069159
0.095867
0.013656
-0.024518
0.027847
0.017125
0.047035
0.037795
0.089947
0.127080
0.013876
0.008518
0.031213
0.037127
0.018261
0.098160
-0.004278
-0.002805
0.040544
0.115583
-0.025878
0.053245
0.173464
-0.041171
0.100031
0.061770
0.012493
0.034965
0.041836
-0.004028
-0.017802
-0.020060
-0.017608
0.021325
-0.010027
0.003356
-0.148867
-0.083599
0.069761
0.038719
-0.028385
0.064230
0.051498
0.105049
0.022144
-0.004748
0.020693
-0.106492
-0.100425
-0.043613
-0.017387
0.044477
-0.009320
0.011929
0.090060
-0.028596
-0.037851
-0.019338
0.096578
0.069777
-0.039137
0.050984
0.019224
-0.019940
-0.024177
0.068311
0.026468
-0.068142
-0.004413
-0.029756
0.056007
0.049529
0.039911
-0.024448
-0.056639
0.037725
0.052522
0.063250
-0.067865
0.020445
0.054581
0.021731
0.027180
-0.108129
0.001184
0.098802
0.021480
-0.024123
0.036569
0.109213
-0.033123
-0.023705
0.002095
0.009339
0.012176
0.031191
0.004858
0.014657
-0.006261
0.051234
-0.026344
-0.009424
0.012626
-0.067135
0.022705
0.085995
0.048736
0.010028
-0.087254
-0.061330
-0.022261
0.023120
0.052256
0.109964
0.087108
-0.031571
-0.050951
-0.019210
0.014112
-0.027471
-0.012412
-0.022840
-0.072919
-0.018775
0.043106
-0.041379
-0.018722
0.005781
-0.010912
-0.020400
-0.036265
-0.029047
-0.062625
-0.075147
0.004409
0.051373
-0.001867
-0.076042
-0.057360
-0.036179
-0.050208
-0.080120
-0.006756
0.005692
-0.040562
0.011152
-0.168394
-0.058717
0.018035
-0.085297
0.022903
0.006193
-0.054835
-0.009267
0.056103
0.064723
0.017589
0.033069
0.064411
-0.037748
-0.059020
0.052470
0.071788
-0.015246
-0.021608
-0.040509
-0.061209
-0.079532
-0.154040
-0.031823
0.020407
0.042026
-0.017580
-0.008499
0.038578
0.077922
-0.004581
0.033149
0.031497
-0.029921
-0.110864
-0.003392
0.050739
-0.059989
0.055493
-0.027375
0.027893
0.042718
-0.094251
0.028920
0.009343
-0.025751
-0.016739
-0.055945
-0.017624
-0.012776
-0.021564
-0.060782
-0.114300
-0.002653
0.013896
0.056855
0.057360
-0.020655
0.039115
-0.057134
-0.071778
-0.058030
0.023151
0.091392
-0.039137
0.085556
0.035904
0.100331
0.024938
-0.105241
-0.042503
0.007826
-0.013035
-0.071779
-0.046708
-0.053131
-0.074912
-0.033793
-0.022387
0.008340
0.077619
0.046596
0.075379
0.018662
-0.097476
0.101442
0.002161
-0.063972
0.119771
-0.010833
-0.001195
0.077453
0.019340
-0.025161
0.075087
0.071310
-0.012756
-0.026201
0.020568
-0.056900
-0.025605
0.017715
0.053336
-0.058643
-0.029214
-0.100642
-0.028235
-0.017885
-0.018086
-0.012223
-0.025345
-0.044350
-0.020710
-0.005578
-0.027023
0.128772
0.036130
0.058349
0.075021
0.026186
0.021649
-0.067840
0.055661
0.070679
0.020112
0.020714
0.034186
-0.026888
-0.056381
-0.009722
0.069748
0.013156
0.063243
0.108745
0.103947
0.034212
-0.029156
0.108419
0.033290
-0.045074
-0.022391
-0.020563
-0.052295
-0.019444
0.062105
0.025294
0.073325
0.057503
-0.032279
0.016933
0.009536
-0.026610
-0.000784
0.053356
0.063935
0.019326
-0.014357
-0.029284
0.061657
-0.002099
0.029236
0.012776
-0.031430
-0.035630
-0.003875
-0.002470
0.005526
-0.025525
-0.003796
0.028683
-0.005522
0.039197
0.083509
0.086894
0.044420
0.077982
0.106875
-0.058223
-0.028589
0.013537
0.080267
0.103304
0.079736
-0.001720
0.048993
0.054022
0.082473
-0.014600
0.042595
0.046746
0.024712
0.076728
-0.017520
0.000058
0.055772
0.023064
-0.012981
0.009577
0.001567
-0.032163
0.013974
-0.055723
-0.044549
-0.013375
-0.079527
0.061584
0.019896
0.012999
0.060370
0.019937
0.066803
-0.064703
0.050387
-0.001281
-0.073156
-0.004331
-0.010019
-0.022110
0.049654
0.055819
0.005630
-0.001398
0.035440
-0.004347
0.020220
-0.022186
0.068366
0.058484
-0.001486
-0.023877
-0.018908
0.041234
0.013195
-0.015089
0.091217
-0.015326
-0.044734
0.103831
-0.011164
-0.061224
0.024458
0.093992
0.003453
0.025420
0.051530
0.003906
0.016955
-0.020516
0.026610
-0.025251
-0.085637
0.020285
-0.011629
-0.011791
0.041368
0.025730
-0.017961
-0.012246
-0.027986
-0.067753
-0.043144
0.012156
0.041420
-0.020576
-0.001612
-0.011760
-0.007066
0.024651
0.002295
-0.020958
-0.021113
-0.013975
0.019359
0.005699
0.079682
0.076392
-0.002690
-0.001331
0.035613
-0.000610
-0.002360
0.015492
-0.065261
-0.079069
-0.005935
-0.051225
-0.032264
0.049398
0.009234
0.007295
-0.045825
-0.057965
0.013980
-0.045751
-0.000610
-0.033072
-0.054791
-0.034469
-0.016166
-0.020399
-0.011511
-0.023302
0.009306
-0.005246
-0.079802
-0.004867
-0.063403
0.022798
0.031410
0.006862
0.081472
-0.026333
0.014909
0.033608
0.002330
-0.036503
-0.045283
-0.020703
-0.054787
0.119997
0.012843
-0.087554
0.003523
0.043378
0.078513
0.010202
0.070784
-0.017837
-0.057779
0.070329
0.030994
0.030606
-0.013848
-0.013918
0.035395
-0.014565
-0.001955
0.027969
0.033511
0.006140
-0.042106
0.001141
0.000437
-0.012024
0.011558
-0.008769
0.067081
-0.082874
0.093388
0.112956
-0.017861
-0.012867
0.011051
0.053696
-0.013614
0.022716
0.053722
-0.015661
0.039249
-0.009939
0.000049
-0.034008
-0.044182
-0.048005
-0.043510
0.048256
-0.077725
-0.030140
0.026874
-0.001614
0.038266
0.043647
0.040938
0.062200
0.001291
0.009273
0.086494
-0.003798
-0.053198
0.022567
0.056748
0.056075
0.059010
0.057187
0.075104
0.072063
0.029657
-0.019453
-0.017149
0.002267
-0.011020
0.008107
0.031322
-0.015047
0.044935
0.046907
0.010765
0.064539
0.000149
0.022316
0.022574
0.159599
0.014855
0.024701
0.124938
-0.065438
0.034845
-0.056244
-0.097751
-0.006634
-0.133550
-0.037029
-0.042342
0.000590
0.005583
-0.018811
0.106965
0.191506
0.062466
-0.002319
0.012964
-0.063481
-0.075132
-0.009599
0.044490
0.042752
0.057861
0.037455
0.039196
0.047975
0.043292
-0.015664
0.037828
0.008931
0.025345
-0.038098
0.033532
0.005299
-0.015969
0.089020
-0.088401
0.060591
0.051265
-0.043045
0.081063
0.017885
-0.041287
-0.033907
-0.003162
-0.103824
-0.090338
-0.019671
0.017997
0.060544
0.039640
0.004257
-0.010479
-0.027049
-0.042890
0.077834
0.043960
-0.034497
-0.074249
0.026865
-0.025301
-0.104143
-0.046299
-0.073781
-0.082342
-0.033602
-0.062440
-0.073199
-0.019094
-0.006535
-0.043869
-0.007834
0.014181
-0.066319
-0.028403
-0.048486
-0.002355
-0.044249
-0.089968
-0.034167
0.065998
-0.022444
0.022796
0.076590
0.029089
0.028129
0.054796
0.136392
0.033172
0.017882
0.014914
0.071935
0.035488
0.039406
0.102637
-0.013689
0.047798
0.111329
0.010858
-0.005440
-0.006764
-0.072803
0.020259
0.003902
-0.029264
0.056768
-0.000961
-0.028757
0.046760
-0.030015
-0.029857
0.024646
0.005098
-0.075351
0.030289
-0.065698
-0.032526
-0.014478
0.041659
0.039803
-0.057479
0.043839
-0.102765
-0.054387
0.004729
0.012118
-0.012856
-0.035355
-0.070995
0.027455
0.070265
0.019546
0.097352
0.032072
-0.008184
0.057223
0.106764
-0.037141
0.011524
-0.063855
-0.048350
0.026915
0.059248
0.050818
-0.027906
-0.032462
0.001544
-0.028550
0.080443
0.066679
0.044393
0.132373
0.070495
0.061475
0.102303
-0.019515
0.015838
-0.068921
-0.070069
0.009504
-0.129542
-0.108203
-0.038497
-0.029129
-0.071559
0.030919
-0.003372
-0.029008
-0.045047
-0.076781
-0.027328
0.017784
-0.002476
-0.003845
-0.039513
0.054137
0.085062
-0.016923
-0.060588
-0.011618
-0.048897
-0.041202
-0.132217
-0.112153
0.050308
0.042123
-0.008665
0.011589
0.069547
-0.041865
-0.032340
0.072093
0.045223
0.063524
0.106744
-0.017253
-0.071374
-0.031780
-0.092951
-0.057913
0.049799
-0.034355
0.006677
0.005117
0.004564
-0.015625
0.047173
0.002998
-0.181635
-0.007362
-0.041114
-0.046403
-0.022057
-0.050973
0.025372
-0.086388
0.000104
-0.090013
-0.079302
-0.082138
-0.020530
-0.022743
-0.112338
0.015497
-0.021700
-0.074714
0.046221
0.057056
-0.060901
0.023705
0.085832
0.009519
0.041619
0.043117
-0.021628
0.027770
0.024826
-0.012557
0.016244
0.031971
-0.005286
0.084142
0.076928
0.050249
-0.047028
-0.062949
-0.007494
-0.066242
0.037826
-0.038990
-0.043686
-0.033278
0.014688
0.023342
-0.012723
0.003655
-0.069903
0.094395
0.000640
0.020343
0.110479
0.077922
0.062507
0.010314
-0.004802
-0.018098
0.008261
0.039920
-0.007694
0.040828
0.038391
0.003506
0.029569
-0.003313
0.082128
0.036948
0.067193
0.079421
-0.046289
0.036905
0.046570
-0.024981
0.000804
0.033514
-0.059948
-0.081249
0.031684
-0.001628
-0.036381
-0.004725
-0.019731
0.007574
-0.019891
0.024594
0.043906
-0.084101
-0.000526
-0.022441
-0.018103
0.076153
0.058191
0.039442
0.023127
0.016817
0.000491
0.053807
0.055929
0.006735
0.101160
-0.005884
0.009645
0.042692
-0.033090
-0.027891
0.033324
0.043703
0.053492
0.010146
-0.022894
0.043176
0.095175
0.050012
0.059173
0.040008
-0.005657
-0.077983
0.042478
-0.011008
0.075807
0.057778
0.037578
0.066495
0.045440
0.001833
0.033915
-0.059634
-0.038081
0.042875
0.028460
-0.025751
-0.029495
-0.010995
-0.052083
-0.063159
-0.113820
-0.006081
-0.096315
-0.046416
-0.092658
0.020542
0.032643
-0.043631
0.016837
0.008957
-0.054205
-0.023446
0.005428
-0.136857
-0.056947
-0.001259
-0.116211
-0.038479
0.030038
-0.043754
-0.001646
0.027718
0.041247
-0.037327
0.032634
0.050405
-0.010235
-0.017135
0.008248
-0.017933
0.061993
0.083225
0.024786
0.054105
-0.001126
0.067055
-0.004310
-0.009861
0.063174
0.054668
0.120002
0.038563
0.067958
0.065238
0.051756
0.088913
0.035356
-0.016042
-0.009071
0.075347
-0.075036
0.083862
0.090587
0.041964
0.129677
0.054317
0.073909
0.032825
0.063082
0.019995
0.004302
0.053788
-0.006909
-0.053003
-0.063027
-0.011558
-0.076083
0.042246
0.036539
0.018846
0.016027
-0.024735
0.107921
-0.065045
-0.128139
-0.020346
-0.151500
0.003627
0.045080
-0.014512
-0.006413
-0.035758
0.012470
-0.049378
-0.001765
0.040142
-0.008868
-0.022380
0.015571
-0.005148
-0.080155
-0.043878
-0.039484
-0.108441
-0.027967
-0.073198
-0.169482
0.002186
0.079136
0.013952
0.064403
0.027903
0.032199
-0.046361
-0.096386
0.069954
-0.016142
-0.012333
0.075616
0.126154
0.021096
-0.011087
0.036825
0.051754
-0.011820
0.045443
-0.014878
-0.043837
0.019949
0.051613
-0.020472
0.027561
0.015377
0.058929
-0.000244
-0.070031
-0.027218
-0.027374
-0.035407
-0.008529
-0.018951
0.062808
0.006993
-0.061816
0.031038
-0.003141
-0.087763
0.011452
0.045597
0.007375
-0.042363
0.000135
-0.009715
0.001103
0.125728
-0.021360
-0.036373
-0.006292
0.014938
0.009209
-0.010608
0.026948
-0.034679
-0.028072
0.000966
0.019941
-0.072002
0.021673
-0.041549
-0.048962
0.050284
-0.002753
0.009068
0.054714
0.031313
0.021694
0.007469
-0.057011
0.005125
-0.055921
-0.037022
0.161067
-0.014230
0.112885
0.106496
-0.013757
0.020058
-0.014798
0.071839
0.035765
-0.022840
0.018601
-0.040311
0.031326
-0.027846
0.024321
0.054846
-0.002675
0.096166
0.020169
-0.000435
0.019807
-0.039986
0.014605
-0.037368
-0.015847
0.018880
0.017134
-0.024889
-0.009089
0.021007
-0.042909
-0.070092
0.012129
-0.085531
-0.067750
-0.029208
0.013240
0.055995
-0.085252
-0.053101
0.004598
-0.000294
-0.005364
-0.005768
0.097838
0.016103
0.094593
-0.007066
-0.107311
0.051642
-0.048368
0.047606
0.026141
-0.020560
-0.046094
-0.052341
-0.030157
-0.127016
0.027813
-0.058116
-0.074914
0.038139
0.015799
-0.038914
-0.035176
0.011365
0.006851
0.026880
0.052437
0.012278
-0.046519
0.015174
0.015313
-0.039615
-0.016777
-0.073063
0.019114
-0.000553
-0.003380
0.002080
-0.023034
0.055127
0.070217
-0.016981
-0.003282
0.029112
-0.064766
0.044610
0.105222
0.032384
0.093916
0.025046
-0.075409
-0.026748
-0.011259
0.003979
0.051940
0.039534
-0.005688
0.035289
0.032336
-0.008230
0.048191
0.004425
0.011455
0.054325
0.034992
0.066202
0.052341
0.103528
0.033844
-0.027311
-0.004975
0.024292
0.016119
0.030743
0.026020
-0.060715
0.015816
0.045075
-0.067186
-0.023915
0.042292
0.023597
0.036579
0.120427
-0.004388
0.061254
0.060353
-0.151047
-0.042119
0.007443
0.048128
-0.021297
-0.039800
0.092399
-0.049576
-0.093883
0.008161
0.003254
-0.071166
-0.073898
0.046397
-0.037504
0.051051
-0.009670
0.060533
0.006298
-0.085991
0.072322
-0.052876
-0.045746
0.021139
0.000444
0.006874
-0.024418
0.003857
0.006781
-0.032446
0.039447
0.015810
-0.010931
0.097773
-0.033494
-0.059594
-0.057963
-0.039123
0.105824
0.080631
-0.049245
0.137733
0.015709
-0.052726
0.037849
0.041371
0.038283
-0.018770
-0.007605
0.052186
0.058443
0.015845
-0.011115
-0.016208
0.007023
-0.095399
-0.065705
-0.045375
0.074280
0.088956
-0.018683
0.010169
-0.051505
-0.037216
-0.058939
-0.001899
0.041485
-0.044418
-0.020458
0.022477
-0.032878
-0.018085
-0.079219
-0.036265
-0.094666
-0.037136
0.009950
-0.066885
0.010063
0.012126
0.002201
0.023686
0.015699
-0.014916
-0.109106
-0.145068
-0.064935
-0.078604
-0.125232
-0.053513
-0.011312
-0.035001
-0.016391
-0.006151
-0.026586
-0.051958
0.004622
-0.007138
-0.007361
0.035071
-0.027706
-0.011798
-0.009429
-0.059865
-0.034007
-0.060346
-0.124839
-0.066155
0.001409
0.001157
-0.000710
-0.046432
-0.018132
-0.000944
-0.022971
-0.113938
0.029505
-0.009168
-0.003295
-0.010709
0.026210
-0.008723
0.034562
0.073687
0.000315
0.012921
-0.021127
-0.048644
-0.035620
-0.013443
0.071243
0.003931
0.012193
0.041345
0.010787
-0.034882
0.000064
-0.081773
-0.020487
0.031928
-0.088767
-0.027874
0.032578
0.013742
-0.078905
0.001426
0.063160
-0.024328
0.046979
0.084389
-0.118926
0.003173
-0.010541
-0.033632
0.003396
-0.067173
0.052523
0.021897
-0.066838
0.086710
0.065380
-0.023030
-0.020788
-0.005630
0.058976
-0.036748
0.069501
-0.014524
0.014033
0.025078
0.001346
0.058968
-0.034120
-0.020303
-0.064422
0.000528
0.058293
-0.037233
-0.046145
0.017672
-0.002332
0.011220
0.004361
0.078953
0.055054
-0.021872
-0.107889
-0.024394
-0.011435
-0.036384
0.017359
0.047236
-0.056517
-0.052618
0.082610
-0.051400
-0.065438
0.004976
-0.044147
-0.112175
-0.011000
-0.030615
0.002829
-0.003379
0.069463
0.055874
0.094551
0.016334
-0.049743
-0.017358
0.028184
-0.021439
-0.003653
0.119728
-0.009079
-0.025459
0.006964
-0.123056
-0.076130
0.020979
0.000679
0.002898
0.049263
0.006900
0.006061
0.021806
0.013678
0.055801
-0.038114
-0.020941
0.056924
0.030491
0.015189
-0.053346
0.001230
0.080757
-0.016024
0.044096
0.002571
-0.002589
0.037708
0.005774
-0.013616
-0.002659
-0.025627
-0.071756
0.050740
-0.050956
0.045337
0.102622
0.013843
0.128623
0.066830
0.004492
0.026178
-0.033282
-0.044939
0.056188
0.043186
-0.058721
0.003428
0.025855
0.043387
0.027902
-0.007272
0.116319
0.018379
-0.101099
0.070163
-0.077569
0.027903
0.062378
-0.052150
0.014102
0.029910
0.123988
0.027186
0.041688
0.003569
-0.049101
0.058393
0.028726
-0.104059
-0.082270
-0.073460
-0.123983
-0.118241
-0.033849
-0.013705
-0.028017
0.024850
-0.006669
-0.029594
0.033645
-0.069862
-0.109198
-0.004462
-0.053543
-0.034161
0.020473
-0.004281
0.085318
0.021578
-0.133803
-0.027305
-0.019640
-0.086251
-0.004160
-0.049450
0.037614
0.069499
-0.020007
0.041354
0.012490
0.030646
-0.055483
0.011635
-0.014258
0.027054
0.088370
0.046166
-0.006007
-0.001692
0.006030
-0.001292
0.003331
0.081249
-0.012005
-0.085600
0.042970
-0.011690
0.004990
0.064420
-0.023149
-0.056479
0.003131
0.048623
0.065876
0.009095
0.070972
0.115687
0.026003
0.043594
0.017723
0.052828
-0.011319
-0.051646
0.063204
-0.000618
-0.024817
0.076590
0.042192
0.112194
0.079641
0.033530
0.043986
0.047057
0.031454
-0.040243
-0.128218
-0.058547
-0.027373
-0.015223
-0.035500
-0.055886
-0.071566
-0.078577
0.027480
0.031911
-0.061777
0.017501
0.058464
0.012934
-0.020339
0.055362
0.050420
-0.008072
0.077510
0.018457
0.027025
-0.017096
-0.010200
-0.060477
0.020442
0.012864
-0.026465
0.076076
-0.029073
-0.087681
-0.045112
0.062686
-0.018494
-0.001849
0.041195
-0.000248
0.073755
0.018887
-0.002507
0.008736
-0.084799
-0.008012
0.007396
0.008992
-0.047078
-0.025283
0.005887
-0.028939
-0.043775
-0.035803
0.046896
0.022993
0.005205
-0.003860
0.052583
0.049929
-0.073679
-0.005338
0.008949
-0.062410
0.051838
0.024097
0.029457
0.044789
-0.053825
-0.012562
0.020894
-0.009753
0.021715
-0.001564
-0.036268
-0.030870
0.014615
-0.091373
-0.017976
-0.046571
-0.103925
0.099747
-0.027267
-0.052047
0.045907
0.003937
0.036472
0.042792
-0.004935
-0.007191
0.005711
-0.046864
0.021898
-0.006309
0.035182
0.071358
-0.037806
0.005265
-0.033512
-0.074835
0.023817
-0.096319
-0.135015
-0.023276
0.103741
-0.005647
0.072012
0.122007
0.010194
-0.015676
0.001070
-0.007263
-0.001852
0.023584
0.041166
0.031797
0.037899
0.021498
-0.033234
-0.014998
0.022597
0.011844
-0.120389
-0.089069
-0.049909
-0.108428
0.008552
-0.012738
-0.019025
-0.076484
-0.099673
-0.036513
-0.050553
-0.032661
0.010330
-0.042231
0.016786
-0.016738
-0.038458
0.024895
-0.027137
-0.061173
-0.007221
0.042787
0.010814
-0.069749
0.005143
-0.096132
-0.060739
-0.082001
-0.036728
-0.028909
-0.104494
-0.068487
0.090201
0.002035
-0.076023
-0.062195
-0.052134
-0.019552
0.021625
-0.011543
0.019704
0.037134
0.057821
-0.006874
0.050712
0.072824
-0.046956
0.061001
0.083011
0.101075
-0.066200
-0.012177
0.120229
0.021715
0.093185
0.042894
-0.019138
0.119110
0.172556
0.010367
0.117468
0.028806
0.015299
-0.027168
0.098961
0.041625
-0.038541
0.037950
-0.056205
0.054210
0.031271
0.037236
0.105493
0.016004
-0.005805
0.045667
0.048589
0.020643
0.115861
0.104075
0.054972
0.064614
0.072589
0.012005
0.000086
0.025798
0.015958
-0.074651
0.025195
0.105895
0.090303
0.007995
0.029605
0.062977
0.093670
0.019497
0.100393
0.079068
0.003755
-0.059943
-0.024715
-0.021104
-0.032389
-0.000988
0.011580
-0.048040
0.006947
0.035818
0.007910
-0.041778
-0.038500
-0.026588
0.024507
0.050333
0.074919
0.060570
0.027899
-0.075208
-0.026617
0.021992
-0.040329
0.037791
0.069126
0.012228
-0.001686
0.007326
-0.010143
-0.058478
0.022561
0.001422
0.026365
0.032998
0.066002
0.061598
0.012678
-0.019745
0.055503
0.067706
-0.005070
0.005216
-0.069080
-0.071868
0.022784
0.063931
0.025591
-0.044267
0.122957
0.054725
0.027477
0.064793
-0.026912
0.007322
-0.001659
-0.029013
-0.030496
0.073219
0.026763
0.061417
0.037168
-0.037824
0.098590
-0.058915
-0.016773
0.069667
0.000664
0.007512
-0.051737
-0.059363
-0.054154
0.023938
0.059279
-0.007848
0.020521
-0.009588
0.026418
0.055209
0.028740
0.093583
0.050994
-0.043484
0.069086
-0.017006
0.028241
0.009043
-0.092655
0.076172
-0.023606
-0.006954
0.056518
0.014774
0.033515
-0.005283
0.015070
-0.029219
-0.026879
0.014301
0.049178
-0.051130
-0.073245
0.008697
-0.025880
-0.046348
0.004311
0.050896
0.053690
-0.014103
0.030917
-0.006316
-0.011606
0.070488
0.005896
-0.023783
-0.051989
0.091903
0.040172
0.022036
0.024728
0.016814
0.091804
-0.017818
0.047802
0.007324
-0.010193
0.024207
-0.042280
0.003496
0.030566
-0.030634
0.035122
-0.044548
-0.113741
0.024826
-0.029352
-0.049616
0.135768
0.039187
0.030742
-0.050867
0.014390
-0.044602
-0.091581
0.011909
-0.066787
-0.090198
-0.029513
0.007819
-0.051239
0.081766
0.061674
-0.062214
-0.017993
0.009291
0.013454
-0.025789
-0.089628
0.015771
0.086843
-0.010312
-0.050975
0.035608
0.088032
-0.093968
-0.082189
-0.013157
0.027611
0.035088
0.042730
0.033075
-0.037060
0.023659
0.061056
0.013105
0.099385
0.070163
0.057089
0.026004
-0.043311
0.021803
0.039007
-0.053091
0.021665
0.102726
0.013098
0.036488
0.043887
0.044594
0.041839
-0.017372
0.004434
-0.019854
-0.020966
0.002834
0.031800
-0.022792
-0.078322
0.005783
-0.006652
0.003150
0.065250
-0.042336
-0.107629
0.002279
0.037332
-0.065177
0.035391
-0.008363
-0.046408
0.021737
-0.092550
0.057728
0.020745
-0.042877
0.004664
-0.077599
0.039615
0.061245
0.017124
0.060141
0.002247
0.015993
-0.000073
-0.037246
0.011297
0.015219
-0.046615
0.009007
0.017571
0.005106
0.066550
-0.052800
-0.041406
0.069118
0.020466
0.013897
0.051733
0.016565
0.040275
0.043722
-0.046265
0.026754
0.042783
0.063255
0.077471
0.066661
-0.010999
0.068778
-0.021441
0.004931
0.035529
0.013845
0.019732
0.018011
0.019316
-0.015257
-0.010339
0.041577
0.063400
0.021105
-0.028234
-0.009281
-0.014632
-0.000728
-0.035910
0.091462
0.030987
0.023007
-0.003641
-0.034985
0.000797
0.033268
-0.015262
0.034180
0.074017
0.041790
0.001839
-0.017712
0.016768
-0.002269
0.095437
0.066747
0.006114
-0.030276
0.046517
-0.000974
0.007599
0.037357
-0.027288
-0.016822
0.028625
0.008761
-0.056237
0.028737
0.042655
-0.108052
0.087647
0.078112
-0.010742
0.052296
-0.045087
0.013947
0.052525
0.028998
0.053431
-0.073914
0.001419
0.099618
-0.006299
0.090259
0.033069
-0.046862
0.002393
-0.001296
0.074626
-0.072896
-0.001010
-0.005942
0.035126
0.011353
0.009476
0.027388
-0.060589
-0.080753
-0.004887
-0.000135
0.055651
0.001095
0.011743
0.003845
-0.040100
0.069351
0.072238
-0.049026
-0.006205
0.062204
0.020480
0.020243
0.022262
0.001675
0.039579
0.005339
0.060213
0.038326
-0.077731
0.017778
0.033909
-0.032992
0.030442
0.018186
0.009876
-0.044639
0.029309
-0.028717
-0.023935
0.000341
-0.056858
-0.067566
-0.006826
0.018543
0.068491
0.026329
-0.009185
0.076078
-0.036742
0.015288
-0.054272
-0.014911
0.007449
0.000444
0.014329
-0.020399
0.031937
-0.055039
0.006446
0.088400
0.025397
0.055367
-0.029436
0.028718
0.017532
0.000131
0.034884
-0.085024
0.049341
0.089845
-0.000076
0.043047
0.032282
0.039366
0.022763
0.012217
0.036204
-0.049277
-0.074641
-0.019790
0.041230
0.002197
-0.052562
0.000003
0.040134
-0.041974
0.021770
-0.013563
0.005344
0.038887
-0.007942
0.047902
0.001736
0.020855
0.076698
0.092694
0.000146
-0.042885
-0.063967
-0.051928
-0.060966
-0.137440
-0.002393
-0.045527
0.008438
0.033106
0.052469
0.047693
-0.007694
0.055613
-0.009107
-0.022402
-0.053688
-0.113757
0.001595
-0.071443
-0.104778
0.029576
0.001613
-0.066139
-0.014620
-0.044900
0.004614
-0.100683
0.039519
-0.049264
-0.140311
-0.002027
-0.058208
0.008134
0.006369
-0.005624
0.069575
0.052716
0.006354
0.066501
0.019521
-0.032818
0.027591
0.047919
0.040856
0.000541
0.025080
-0.010202
-0.017380
0.057990
0.008717
0.004341
0.037807
0.060629
-0.049350
-0.065635
0.057452
-0.018515
-0.023091
0.010331
-0.044705
-0.044544
-0.012181
0.040033
0.049177
0.044674
0.036339
-0.040996
0.077932
0.008741
0.031976
0.075760
0.001993
0.010290
0.104407
0.007659
-0.039778
0.014812
-0.004977
0.016320
0.009940
0.065583
0.063342
0.038451
0.063400
0.069398
0.091087
0.013827
-0.046094
0.041995
0.046714
0.039446
0.010019
0.142274
0.044881
-0.031010
0.003418
0.040618
-0.001427
0.096715
0.059201
-0.033217
0.053333
0.021456
0.030473
0.019560
-0.042946
-0.071880
-0.035928
0.010891
-0.044674
0.004330
0.053908
0.009702
0.080683
0.088840
0.087624
0.051408
0.016980
0.046995
0.023670
0.078493
0.049442
0.000560
-0.052591
0.013618
-0.027093
-0.019401
-0.038936
0.046444
0.053309
0.099732
0.108065
0.064114
0.093135
0.128408
0.015153
-0.034152
-0.050384
-0.008954
0.022385
0.013901
0.027365
-0.022205
0.054116
0.052079
-0.012249
-0.015758
0.024264
0.005037
-0.022560
-0.010436
0.016636
0.012860
0.046554
0.015961
-0.031271
-0.012467
-0.029998
0.064832
0.033834
0.024007
0.038940
-0.024225
-0.021457
0.060243
0.060637
-0.035509
-0.054534
-0.029730
-0.009426
0.050335
-0.027243
0.043675
0.094317
0.057693
0.029307
0.040931
0.004765
0.058584
-0.072165
-0.033401
0.033868
-0.030162
-0.013722
0.023876
0.044936
-0.013703
0.004109
0.004891
0.047241
0.071233
-0.018308
0.015312
0.085477
-0.027322
-0.049462
0.028180
-0.038414
-0.001152
-0.034979
0.016625
-0.001591
-0.018040
0.006746
0.031277
-0.013888
-0.047463
0.030306
-0.007435
0.023597
0.045486
0.063575
0.030666
0.051384
-0.003568
-0.062245
-0.051255
-0.135153
-0.039681
0.082703
0.068567
0.124290
0.056189
-0.058153
-0.004540
0.048289
0.040176
0.024828
0.036928
0.101017
0.056028
0.098561
0.027999
0.008077
0.031934
0.130785
0.063714
0.062868
0.057831
0.086853
0.013240
0.034219
0.044795
0.026833
0.038551
0.053802
0.082644
0.041730
0.063570
-0.028655
0.057870
0.035608
-0.068531
-0.033466
-0.004727
0.007812
0.013879
0.043769
0.020036
-0.002186
0.012191
0.004927
-0.023920
-0.020019
-0.054828
-0.020794
0.033111
0.021211
0.025344
-0.077960
-0.077432
-0.078300
-0.032701
-0.043338
-0.098787
-0.042386
-0.113242
0.029987
-0.072472
-0.076381
-0.001622
-0.103420
-0.003042
0.023730
0.048977
0.036156
-0.029744
-0.065996
-0.002862
0.062460
-0.036889
0.010767
0.010351
0.006915
0.067908
0.044825
0.003710
0.054139
0.010686
-0.018688
0.046287
0.057785
0.003086
0.058581
0.048344
0.006108
-0.021545
0.009431
0.054323
-0.016041
-0.022516
0.002323
-0.067553
-0.100127
-0.030898
-0.003649
0.020578
-0.026966
0.018646
0.009914
-0.044177
-0.012511
-0.043187
-0.058434
-0.043121
-0.031682
0.036812
0.041370
-0.075980
0.030892
-0.020739
0.015737
0.087809
0.031333
0.013196
-0.021558
0.045295
0.104129
0.028787
-0.072912
0.010176
-0.005581
-0.077617
0.017814
0.026857
-0.019745
-0.032903
-0.043071
-0.064522
-0.033205
-0.017896
-0.055029
0.071735
0.036709
0.002007
-0.036825
-0.036284
-0.018742
-0.061178
0.002931
-0.062560
-0.115833
0.001829
-0.001909
-0.010256
-0.035385
0.019122
-0.075218
0.023280
0.024690
-0.121357
-0.105781
0.048500
-0.049611
0.032248
0.021266
-0.050443
0.060750
-0.018641
0.012589
0.043220
-0.013872
0.013170
-0.028997
-0.006650
-0.023287
-0.061507
-0.032942
-0.015967
-0.012466
-0.021653
0.019168
-0.105274
-0.069169
0.024874
-0.042627
0.015541
0.038391
0.006421
0.056966
0.057581
0.006097
0.049632
0.067840
0.025911
-0.002248
0.004720
-0.057184
-0.051085
-0.094255
0.006332
0.027806
-0.023236
0.129323
0.015200
0.006739
-0.009719
0.054639
0.086555
-0.016384
0.012302
-0.023108
0.001379
0.001152
0.002942
-0.057741
-0.053056
0.011639
0.027763
0.022890
0.003562
0.006769
-0.043934
-0.032700
0.054016
0.003553
-0.014216
-0.016981
0.040606
-0.000933
-0.060783
0.052435
0.086244
0.072335
0.090878
0.009110
-0.027523
0.032209
0.012802
0.087940
0.059135
-0.036690
0.009050
0.000757
-0.019567
-0.016723
0.019009
0.045380
-0.027803
0.010883
-0.057040
-0.048347
-0.025243
-0.050535
-0.092635
0.015847
-0.005128
-0.039602
0.001816
-0.048553
-0.020965
0.058192
0.020231
0.023956
0.013242
-0.000205
-0.012319
0.013255
0.060975
-0.056072
-0.024116
-0.080501
0.011001
0.067575
-0.052415
0.007462
-0.009291
-0.016112
0.001879
0.013448
-0.000330
-0.018871
-0.039896
-0.006661
-0.043151
-0.079700
0.025020
-0.048366
-0.033006
0.012542
-0.028025
-0.040760
-0.093040
-0.017067
-0.033397
-0.101095
-0.007244
-0.079100
-0.042744
-0.025076
-0.016585
-0.042868
-0.009514
0.001695
0.050388
0.021679
-0.015042
-0.026761
-0.096216
-0.055357
-0.024184
-0.053553
-0.013993
0.005266
-0.049639
0.023446
-0.077499
-0.057456
-0.003158
-0.134722
0.002841
-0.012394
-0.012509
-0.007554
-0.060654
0.027543
-0.041895
-0.011864
0.010440
-0.040373
-0.033674
0.047530
0.021886
0.053744
-0.013793
-0.078845
-0.095837
-0.087168
0.009160
0.037176
0.030046
0.110322
0.053818
-0.012879
0.002791
0.021606
0.013296
-0.004304
-0.013314
-0.048309
-0.011062
-0.065851
0.062890
0.054454
-0.063464
0.036816
-0.072660
-0.165262
-0.090413
0.021786
-0.061771
-0.034026
0.086148
-0.006239
0.108389
-0.009770
0.011395
0.036102
-0.059083
-0.107426
-0.070248
0.032670
0.045687
-0.030355
0.050811
-0.079534
-0.055223
-0.010131
-0.042938
-0.015026
0.038164
0.075244
0.090284
-0.016456
0.071643
0.008825
-0.096324
-0.020778
0.043451
-0.071270
-0.040876
0.049874
-0.046312
-0.087754
0.003706
-0.026229
0.004141
-0.040112
-0.052397
-0.016772
-0.021890
-0.032684
-0.008474
0.038818
0.045949
0.008519
-0.017495
0.024408
-0.049759
-0.022168
-0.003529
0.010128
-0.025209
-0.050039
0.049611
0.025761
0.055163
0.064955
-0.056764
0.020921
-0.011883
-0.038873
0.033047
-0.047199
0.021790
0.058458
-0.124695
0.004557
0.028551
0.048053
0.078581
-0.002980
0.027107
-0.009922
-0.030928
-0.024315
-0.025635
-0.024385
-0.032005
-0.015815
-0.018215
0.001697
0.008861
-0.056041
-0.057344
-0.006821
-0.094774
-0.079051
-0.013237
-0.149855
-0.053038
0.006462
-0.051837
-0.011881
-0.033753
0.026737
0.027174
0.006481
-0.015974
-0.029574
-0.011839
-0.003039
0.040702
0.051701
0.029774
0.015816
-0.005296
-0.014908
0.045874
0.038586
0.002028
0.042830
-0.010341
0.066145
0.154884
-0.043273
0.020103
-0.038366
0.010080
0.011315
0.031701
0.042482
-0.004814
-0.003780
-0.008656
0.047270
0.087559
-0.005559
0.028151
0.003393
0.028812
0.063616
0.039893
-0.043165
0.014840
-0.008178
0.051898
0.004273
0.027580
0.040679
-0.083037
0.062779
-0.023249
0.008032
0.088290
-0.003889
0.044678
-0.014497
-0.068731
0.013639
-0.014043
-0.043129
0.032195
0.019996
-0.040229
-0.047000
0.050745
-0.042239
-0.014113
0.006839
-0.028064
0.020723
-0.042615
-0.037299
0.060811
-0.001192
0.015572
0.013953
-0.047189
-0.050374
0.004692
0.044439
-0.058993
-0.051764
-0.006662
0.004671
0.039009
-0.070648
0.005931
-0.036614
-0.070193
-0.008795
0.047546
0.034253
0.043208
-0.018905
-0.064185
0.007359
0.065091
-0.038025
0.023175
0.062713
-0.010463
0.036768
0.050740
0.024659
0.053346
0.074463
0.038989
0.120159
0.017733
0.007142
-0.028419
-0.091947
-0.014105
-0.019665
0.039554
-0.060631
-0.010652
0.108423
-0.009528
-0.024952
0.041463
0.077321
-0.002130
0.061255
0.071197
-0.002295
-0.062194
0.008276
0.053900
-0.148429
0.041942
0.016297
-0.071397
-0.054606
-0.019068
0.016944
-0.006625
0.010501
-0.090842
0.009494
0.099007
0.039873
0.107289
0.123397
0.091631
0.131608
0.027391
0.071368
-0.007229
0.009198
0.052951
0.066087
-0.009885
-0.049174
-0.000395
-0.059208
-0.057537
-0.021058
-0.028641
-0.033838
-0.020045
-0.033794
-0.017089
-0.034502
-0.019816
0.006805
0.041508
0.027941
0.059943
0.030545
-0.067625
-0.066367
0.001460
0.016906
0.033111
-0.026385
0.067333
-0.023120
-0.059317
0.025448
0.040255
-0.007422
-0.041875
-0.044777
0.042281
-0.061456
-0.012264
-0.038342
0.013825
0.176641
-0.011486
-0.031913
0.099263
0.055859
0.046219
-0.031637
0.018698
0.106863
0.021062
0.030600
0.033669
0.010182
0.044979
0.038025
0.099261
0.038904
-0.000248
0.013298
0.018991
-0.031423
0.017670
0.064053
0.063932
-0.001803
-0.016167
-0.024831
0.038080
0.009907
-0.112759
-0.012030
0.009469
-0.077921
-0.054001
-0.020110
-0.062950
-0.005555
-0.020136
-0.052407
-0.044158
-0.047223
0.072000
0.091495
0.056452
0.116458
0.025905
0.090651
0.070518
-0.018754
-0.016026
0.010647
0.047029
0.050111
0.053021
0.025960
-0.003195
-0.011791
0.002378
-0.072162
-0.037891
0.058209
0.045871
0.020781
-0.023825
0.035420
-0.034151
0.063237
0.074116
0.042705
0.042340
0.002118
-0.006799
-0.067876
-0.064964
-0.031843
-0.002745
-0.049359
0.020147
0.008674
-0.080154
-0.069302
0.002903
0.002008
-0.072245
0.015617
-0.078312
-0.038007
0.094202
-0.012075
-0.043521
-0.068947
-0.088761
-0.072558
-0.063544
-0.088552
0.012668
-0.047008
-0.142961
-0.115062
-0.072014
-0.060036
-0.025513
-0.011711
-0.042916
-0.055489
-0.016762
0.011058
-0.047876
-0.048233
-0.040265
-0.035681
0.009616
-0.057549
-0.064948
-0.050124
-0.058607
-0.000869
-0.007594
-0.068884
0.078311
0.024647
-0.012647
0.079869
-0.022625
0.022107
-0.047043
0.022120
0.050091
0.016684
0.050478
0.083502
0.059414
0.023799
-0.071129
-0.068795
0.034474
0.028882
0.013923
0.052327
0.001042
-0.002444
-0.047838
0.050542
0.008532
0.021399
0.073788
0.047597
-0.014251
0.094021
0.035955
0.055560
0.152885
0.074089
0.027451
0.021031
0.064032
0.013612
0.054164
0.013369
0.013599
0.049791
-0.026930
0.021282
-0.031041
-0.017491
0.018180
0.026640
-0.027621
-0.001542
-0.072192
0.001681
0.024284
0.038067
0.072185
0.065358
-0.019616
0.013624
-0.027303
-0.145233
-0.025120
-0.016470
-0.014758
-0.052453
-0.025531
0.042952
-0.032070
0.092451
0.118973
0.006008
-0.003381
0.036590
-0.010399
-0.078866
-0.043112
-0.006699
0.001344
0.043153
0.065921
-0.006275
0.058689
-0.037589
0.033143
0.014734
-0.046695
0.083029
-0.021816
0.004817
0.010172
-0.080551
0.028483
0.024479
0.030179
-0.092767
0.005314
-0.030134
-0.036862
0.035983
0.102190
0.050788
-0.043262
0.082064
0.025356
-0.123607
0.067125
0.033425
-0.030742
0.032625
0.065966
0.111559
-0.091630
-0.033083
0.044274
0.005298
0.021131
-0.003314
-0.003001
0.070745
-0.013234
-0.039355
0.034539
-0.074451
0.005208
-0.017913
-0.011035
-0.084278
-0.036100
-0.012619
-0.090296
-0.054942
-0.056531
0.014089
-0.061387
0.003835
0.038443
-0.091136
-0.056589
-0.044173
0.002300
0.049552
-0.026018
-0.006459
0.001742
-0.044834
-0.076741
0.033201
-0.048264
-0.071619
0.016650
-0.056559
-0.075903
-0.009544
-0.008542
-0.028422
0.007656
0.021523
0.020494
0.004104
-0.052759
-0.028372
0.002882
-0.004186
-0.044876
-0.047719
-0.022342
0.031709
0.048737
-0.001290
0.070516
-0.014557
-0.022965
0.037126
-0.007358
-0.033081
-0.065960
-0.062042
0.006865
-0.007126
-0.006135
0.040571
-0.075234
-0.017008
0.010928
0.027388
0.028928
0.041759
-0.010253
-0.036405
0.001195
-0.017055
-0.005244
0.007072
-0.043639
0.059317
0.077189
0.043477
0.043940
0.043625
-0.040368
-0.021175
0.002443
0.003401
0.004303
-0.048891
-0.013985
-0.003219
-0.018514
0.138968
-0.017738
-0.052485
-0.068151
-0.114373
-0.052781
0.009520
0.078928
0.035040
0.054042
-0.022379
-0.010675
0.035310
0.011248
0.018569
-0.024133
0.116283
0.016423
-0.022508
0.093182
-0.054258
0.004309
0.033015
-0.061469
0.049009
0.087500
0.041871
0.005367
0.020901
-0.024526
-0.039519
0.003651
0.092864
0.092352
-0.032189
0.038983
0.083093
0.111486
0.071655
-0.081899
-0.004377
0.013972
-0.094835
0.038651
0.073917
-0.045927
-0.004393
0.016326
-0.001130
0.066190
0.022875
-0.009777
-0.159365
-0.107834
-0.061372
-0.010896
0.043837
-0.042568
-0.048466
-0.000091
0.052223
-0.035201
0.001631
0.013987
0.010389
0.105593
0.007103
0.005083
0.094934
0.013111
0.017938
0.072076
-0.131864
-0.081167
0.035949
-0.051058
-0.111581
0.086566
0.125579
0.031887
0.069971
0.030578
0.089877
-0.007427
0.064032
0.076417
-0.027809
-0.016986
-0.054215
-0.045447
0.011515
-0.013874
0.003421
-0.004235
-0.043382
0.031653
0.058688
0.016009
-0.000624
0.010081
0.016570
-0.020826
-0.086650
0.052104
0.119417
0.006910
0.067679
-0.012156
-0.090579
-0.034416
0.031732
0.045708
0.039867
-0.026511
0.005910
0.037055
-0.028071
0.011221
0.031400
0.009545
-0.019887
0.089907
0.007984
-0.021829
-0.048883
-0.117104
0.012608
0.086285
0.055959
0.033287
-0.043926
-0.038688
0.005472
0.015221
-0.010725
0.087449
0.036324
-0.054611
0.093626
0.019258
-0.076237
-0.094850
-0.050448
0.003462
-0.032417
-0.031837
-0.080969
0.054440
0.044890
-0.024187
-0.053369
0.023629
-0.001073
-0.026237
0.040457
0.002763
-0.045329
0.024414
-0.018677
0.011823
0.013583
-0.045097
0.003988
-0.038096
0.032625
0.131508
0.044948
0.039803
0.095645
-0.049691
-0.012429
-0.060951
-0.102729
-0.039170
0.020493
0.129122
-0.041068
-0.034375
-0.034547
-0.054614
-0.047289
-0.095183
-0.076545
-0.042153
-0.035382
-0.031888
-0.072196
0.098896
0.094423
0.015866
-0.001650
0.004217
-0.076147
-0.005019
0.013621
-0.046749
-0.040202
-0.036413
-0.072021
0.020086
-0.017798
-0.013857
0.095838
0.015415
0.043523
0.056967
-0.013764
0.021226
-0.010858
-0.018003
0.030205
-0.071475
-0.058886
-0.051010
0.022616
0.000097
-0.014974
-0.018438
-0.025008
0.019043
-0.010649
-0.093840
0.006114
0.010677
-0.077124
-0.016937
-0.145004
0.025144
0.028809
-0.129179
0.003815
-0.015555
-0.027626
-0.044265
-0.076199
-0.059989
-0.091662
0.027185
-0.043690
-0.059611
-0.023421
-0.021893
0.004892
-0.003594
0.049283
-0.030251
-0.050647
-0.026728
-0.013172
-0.040851
-0.007724
-0.006900
-0.015688
-0.072335
-0.006243
0.041166
0.029239
0.066496
0.015049
0.047916
0.000238
-0.083866
-0.065289
-0.101035
-0.014351
-0.031899
-0.077531
0.038177
0.037836
0.009167
-0.047082
-0.061291
0.051082
-0.068008
-0.070496
0.049902
-0.018929
0.105378
-0.000612
-0.025948
0.094214
-0.095834
-0.053244
-0.051664
-0.027665
0.067245
-0.035854
0.002245
-0.019263
-0.062074
-0.006828
-0.009720
-0.005885
0.018109
-0.024239
-0.032949
-0.064808
-0.025956
-0.059851
-0.044810
-0.024058
-0.074020
0.010774
-0.006986
-0.083862
0.001197
-0.059060
-0.022836
-0.017104
-0.023695
-0.041888
0.000572
0.036142
-0.047905
-0.047770
0.024900
0.021626
0.025263
-0.044456
-0.059313
0.002809
0.006439
-0.047259
0.010003
0.013642
0.009700
0.006527
0.077219
0.023441
-0.047394
-0.009355
-0.001623
-0.025270
0.038723
0.026323
0.008623
-0.012724
0.037697
0.003960
-0.026401
0.023894
0.047118
0.019753
-0.090110
-0.084040
0.027138
-0.011319
0.020162
-0.058914
-0.036907
-0.007958
-0.023140
0.000134
0.007853
-0.059014
0.062227
0.046950
0.039881
-0.051708
-0.051290
0.002137
-0.054674
-0.056157
0.003188
-0.034104
-0.017781
-0.141143
-0.104617
-0.050349
-0.060689
-0.020653
-0.030507
-0.026056
-0.008766
-0.019825
-0.073082
0.086326
-0.019690
-0.063036
0.094360
-0.131950
-0.045145
-0.101554
-0.082370
0.021181
-0.021816
-0.025142
-0.017798
0.080489
-0.071298
0.002148
-0.012653
-0.021048
0.065455
0.019548
0.028562
-0.010124
0.018357
-0.011919
-0.081057
0.015105
0.102477
-0.009587
0.028396
-0.002107
-0.025948
0.079351
0.026300
-0.008840
-0.011469
-0.005469
-0.034244
-0.023396
-0.001366
-0.022131
-0.023917
0.029755
0.088150
0.042284
0.029245
-0.049031
-0.003616
-0.000282
-0.036293
0.027919
0.023802
-0.055221
-0.030743
0.036520
-0.080235
-0.015182
-0.052489
-0.060744
-0.093156
-0.069415
0.013147
-0.019072
0.050122
0.043452
-0.033266
-0.001760
-0.055546
0.016040
-0.000061
-0.074757
0.049976
0.021900
0.003510
0.068654
0.016732
0.040130
0.095600
0.062486
0.024576
-0.017910
0.047556
0.017386
-0.022483
-0.023767
0.002200
-0.012490
0.004388
0.040092
-0.046817
0.019229
0.095996
-0.061823
-0.038597
0.055373
-0.004578
-0.036589
-0.023905
0.070740
0.033319
-0.021194
0.050480
-0.055163
-0.057362
0.034995
-0.123689
-0.022215
0.054943
-0.098530
0.084080
0.036227
-0.002428
0.022025
-0.016576
-0.060305
0.043864
0.041866
0.073228
0.064978
-0.021186
0.000875
-0.035321
0.029040
-0.056189
-0.059356
-0.016187
0.020843
-0.052165
-0.042911
0.004844
-0.066282
0.011998
0.011439
-0.033187
-0.059972
-0.028158
-0.089099
-0.013932
-0.050057
-0.036545
0.133644
0.112387
-0.029296
0.064123
0.120791
-0.025147
-0.015717
0.036750
0.032577
-0.038570
-0.035773
-0.002844
-0.055534
-0.056704
0.000465
-0.037005
0.000106
0.094094
0.026892
0.044176
0.013806
0.078139
0.020387
0.045598
0.038926
-0.023641
0.036286
0.004341
0.026575
-0.005094
0.006719
-0.044609
0.047882
0.098145
0.025898
-0.029749
0.015373
0.038025
-0.051260
-0.052191
0.009278
-0.044919
0.023585
-0.048190
0.097362
0.129554
0.022517
0.052103
0.035981
0.050381
-0.021183
-0.132647
-0.111939
-0.093553
-0.048797
-0.090142
-0.077483
-0.047570
-0.008366
-0.005754
-0.041945
0.070807
0.005217
0.002564
0.093058
0.003686
0.044213
-0.122732
-0.044460
-0.006002
0.006285
0.032899
0.031460
0.050943
0.094688
-0.020959
0.003922
0.021604
-0.053525
0.015255
0.042095
0.018138
0.021628
-0.048171
0.074545
0.149613
0.033844
-0.031542
0.005177
0.020289
0.036780
0.020153
-0.049185
-0.020693
-0.073504
0.015988
0.049506
-0.096012
0.030468
0.082498
-0.005100
0.001750
0.014372
-0.054141
-0.039636
-0.007498
-0.007500
0.012939
0.019130
-0.036094
0.032069
-0.027759
-0.014450
-0.027705
-0.068902
-0.001430
0.011092
-0.102340
0.033453
-0.013899
-0.039145
0.085366
0.001146
-0.054702
0.076468
-0.053353
-0.014952
0.043849
-0.078287
0.046305
0.000387
-0.007390
0.126229
0.114084
0.065843
-0.020309
0.018423
-0.022908
-0.110468
-0.080154
-0.027555
-0.008301
-0.010617
0.012628
-0.005134
-0.044052
0.029926
-0.074269
-0.010767
0.070849
-0.041215
-0.060284
0.010295
-0.041150
-0.017262
0.003085
-0.012945
-0.017422
-0.006989
0.027451
-0.074225
0.120996
0.091749
-0.035373
-0.034100
-0.055576
-0.007940
0.038068
-0.039910
-0.069570
0.018377
-0.034998
0.000910
0.034866
-0.030289
-0.011131
0.038739
-0.009092
0.049252
-0.013066
0.001298
-0.009805
0.047860
0.020360
-0.004135
0.056076
-0.002827
0.008957
-0.018238
-0.007176
0.007366
0.023534
-0.011314
0.055892
0.019565
0.044470
0.006597
-0.048040
0.079496
-0.006098
-0.014018
0.024139
0.014385
-0.012177
0.003887
0.042128
0.004191
-0.007076
0.037897
-0.009522
0.018794
-0.033433
-0.012645
0.077378
0.050424
0.059298
-0.002246
-0.023331
-0.013998
-0.111025
-0.053929
0.013387
-0.013234
0.050867
0.034132
0.016205
-0.016018
0.006998
-0.046774
-0.039564
0.070944
0.041480
-0.018187
0.026423
0.031505
0.002281
0.036258
0.011503
0.087457
-0.025971
-0.060414
-0.002717
-0.171480
-0.019038
0.041059
0.009777
0.015726
-0.000768
0.072495
-0.020712
-0.005635
0.089208
0.012825
0.006556
0.014891
0.091719
0.051040
0.083432
0.039139
0.053419
-0.000104
0.014713
0.060778
-0.021568
0.015533
-0.018393
0.041428
-0.023408
0.020571
0.073113
-0.054372
0.061076
0.029084
0.025216
-0.011060
-0.062762
0.020222
-0.012448
-0.018760
-0.058822
-0.017924
-0.144361
-0.022508
0.015360
0.009268
0.030883
-0.021847
0.041066
0.080113
-0.077035
-0.025688
0.010778
0.000146
0.040231
-0.068885
0.050943
-0.001474
-0.015349
-0.039086
-0.032464
-0.040556
-0.033254
0.081218
0.043584
0.001647
0.029284
-0.047600
-0.046567
0.009106
0.033046
-0.014697
-0.017135
0.017156
0.094830
-0.004951
-0.074970
0.043289
-0.043702
-0.042251
-0.082121
-0.063496
-0.078097
-0.080674
0.024279
0.010350
0.034958
-0.026665
-0.049595
-0.006842
-0.055071
-0.005925
-0.019417
-0.083307
0.029358
0.026092
0.002363
0.013286
0.035279
-0.030109
-0.014844
0.047963
0.060647
0.060012
0.056734
0.103852
0.048829
0.007377
0.026245
0.034001
0.024250
-0.040931
0.053557
-0.113099
-0.019717
-0.029863
-0.031744
0.026820
-0.051711
-0.000414
-0.013280
-0.024039
0.007142
0.013707
0.054117
0.066512
0.071700
0.048372
0.134320
0.050178
-0.044996
0.076357
0.022571
-0.046208
0.080376
0.032559
0.064714
0.039569
-0.000695
0.083324
0.011458
-0.010983
-0.019426
-0.001366
-0.064293
0.083815
0.059274
0.059039
0.045860
0.038577
0.040695
-0.027395
0.017156
0.021770
0.022626
0.020404
-0.011674
0.041798
0.056587
0.065845
-0.023610
0.028925
0.030675
0.013153
0.042541
0.072135
-0.000809
0.010803
0.117295
0.082889
-0.069187
0.035947
0.103025
-0.056767
0.039137
0.037503
0.028205
-0.020738
0.031094
0.039640
0.056334
0.015433
0.047848
-0.003092
-0.017030
-0.058444
0.078553
0.022644
-0.022818
-0.014672
0.027468
0.018102
0.030157
0.049200
-0.000135
-0.029739
-0.001668
0.000994
-0.020751
-0.031808
-0.062364
-0.064459
0.009955
0.059730
-0.047088
0.015798
0.037195
-0.086510
0.039135
-0.002276
-0.020314
0.031634
-0.012453
0.004961
-0.024857
-0.074243
0.066642
-0.030862
-0.006057
0.100381
0.028103
-0.027652
0.062511
0.015283
0.012539
0.025382
0.001910
-0.012402
0.005347
0.031301
0.083108
0.025832
0.096123
0.066478
0.051653
0.061459
-0.056874
-0.040999
-0.032510
-0.015043
0.050690
0.027157
-0.020770
0.055060
0.029511
-0.020542
0.044809
0.003683
0.037560
0.034818
-0.013359
0.020032
-0.016827
-0.012003
0.059610
0.014897
0.040533
0.001975
-0.005032
0.084396
-0.059166
-0.009344
0.046528
-0.073023
-0.026675
0.048362
-0.058904
0.014309
0.044393
-0.014036
0.056613
0.025477
-0.045827
-0.030652
0.005096
-0.062076
-0.046647
0.021586
0.091045
-0.085411
-0.098017
0.076171
0.100483
-0.039851
0.028878
0.028560
0.008902
-0.013327
-0.032340
0.057701
-0.005712
-0.051876
0.035021
-0.100721
-0.082235
0.018270
0.001566
-0.020895
-0.082927
-0.020993
-0.027537
-0.013082
-0.005535
0.024225
0.164897
0.001953
0.037854
0.025087
-0.062296
-0.054188
-0.027322
-0.007089
0.017850
-0.014234
-0.006054
0.018621
-0.071528
0.028260
0.051081
-0.040529
0.007601
-0.060684
-0.043169
0.028136
-0.015831
0.035190
0.009519
-0.007357
-0.033595
-0.059193
-0.073618
-0.026078
-0.083351
-0.066774
0.028234
-0.022476
-0.046482
-0.004249
-0.066940
0.037643
-0.045614
0.031292
0.053429
-0.005041
-0.027972
-0.066981
-0.054618
-0.079558
-0.087544
0.026311
0.052474
0.048307
-0.037138
0.085487
-0.046857
-0.073460
0.085257
-0.025652
0.000721
0.008194
0.022263
-0.075204
-0.143888
0.034843
-0.007638
-0.027698
-0.091247
-0.032259
-0.089857
-0.070812
0.036453
-0.007153
0.039759
-0.037276
0.026950
-0.020364
0.007169
0.036508
-0.042984
0.033388
-0.015885
-0.022398
0.084675
0.010856
0.044999
0.031169
0.031826
0.047836
-0.057252
0.112326
0.009971
0.011848
0.046556
-0.037262
0.041546
0.047136
0.013073
0.071194
0.070386
-0.006773
-0.043499
0.008027
-0.052797
-0.043865
0.080454
0.076464
0.041267
-0.028736
-0.069981
-0.013209
-0.013877
-0.105607
-0.017550
0.023939
-0.038978
0.019731
0.005629
0.093073
0.088647
-0.044301
0.032284
0.014774
0.027510
0.027082
-0.004669
0.005700
0.024573
0.007129
-0.011539
0.025996
0.022111
0.035081
0.041520
0.083601
-0.013277
0.023625
-0.006075
0.058974
-0.006951
-0.110048
-0.053529
0.046263
-0.008338
-0.053006
-0.014693
0.017666
0.003337
-0.047031
-0.023865
0.064104
-0.004133
-0.095105
0.028176
0.028283
-0.005943
-0.075162
-0.044592
-0.044498
-0.058287
-0.056785
-0.007890
-0.016451
-0.093996
-0.051044
0.008617
-0.000761
-0.008283
-0.062621
-0.058663
-0.019393
-0.033475
-0.125353
-0.095459
-0.155070
-0.074066
0.022774
0.037052
0.006149
0.052888
-0.028724
-0.032102
-0.030556
0.084600
0.011868
-0.059403
-0.024930
-0.035260
-0.051385
0.027309
0.046688
0.005045
0.013837
0.040804
0.095403
-0.001670
-0.048653
0.019384
0.050931
0.040669
-0.004699
0.015097
-0.013845
0.021949
0.017582
-0.045708
-0.040002
-0.036186
0.012507
-0.050810
0.088995
0.037845
-0.001408
0.073710
0.027043
-0.020431
0.017608
0.011070
-0.009501
-0.019223
0.035104
-0.077078
-0.024629
0.015419
-0.029131
-0.019551
-0.003801
-0.083974
-0.068242
-0.108290
-0.149835
-0.015889
0.026739
-0.058477
-0.068351
0.034117
0.023535
-0.010517
0.002184
0.037092
0.045417
-0.070320
0.084120
0.090972
-0.042284
-0.016102
-0.077942
-0.020359
-0.058999
-0.104110
-0.003912
-0.000404
-0.017155
-0.017334
-0.112932
-0.034813
0.051616
-0.001553
-0.082970
0.038853
0.069464
-0.004955
0.072833
-0.011436
0.085687
-0.021771
-0.042933
0.064624
0.079598
0.083734
0.160444
0.069100
0.020353
0.063587
0.043731
0.074776
0.056511
0.033540
0.095398
0.004174
0.001413
0.021479
0.009615
-0.005539
-0.029742
0.030730
0.002118
-0.009004
0.030028
0.010075
0.015410
0.055834
0.017580
-0.007895
-0.037547
-0.036100
-0.054730
-0.054226
-0.036084
-0.007236
-0.076766
-0.013804
0.009621
-0.031150
-0.017758
-0.042389
-0.096902
0.065482
0.016751
-0.027695
0.056037
-0.049294
-0.014021
0.007702
-0.009850
0.062218
0.060982
0.029698
0.050709
-0.085585
0.016964
0.072704
-0.011749
0.012942
0.130953
0.114511
-0.011920
-0.012354
-0.051976
0.038314
0.030217
0.008049
0.097731
0.003458
-0.011578
0.056906
0.043550
0.013169
-0.002828
-0.011427
-0.004818
0.056100
0.014126
-0.004039
0.046107
0.000082
-0.024357
0.011794
0.005505
0.057212
-0.027669
-0.069659
0.001619
0.034076
0.061694
-0.041382
-0.057312
-0.096033
0.028480
-0.006488
-0.030917
-0.020420
-0.033296
0.005127
-0.062381
-0.021698
-0.016596
-0.043894
-0.036247
0.050693
0.063454
0.035622
0.063031
0.105773
0.038634
-0.005381
0.023590
0.008809
-0.004021
-0.006118
0.034200
0.071225
0.049844
0.034316
0.023084
-0.018977
0.042815
-0.049235
-0.046210
-0.001928
0.009239
0.059951
-0.002001
-0.005424
0.007956
0.060020
0.015476
0.004147
0.006260
-0.022046
-0.007588
-0.042336
0.039478
0.035033
-0.039899
-0.068438
-0.046674
0.055386
0.070295
-0.002966
0.038453
0.020087
-0.052893
0.002248
0.071305
0.033612
0.037891
0.039913
0.007941
0.028070
0.073758
0.062516
-0.045868
-0.000440
0.038955
-0.004124
0.050518
0.063128
-0.040690
-0.062889
-0.004181
0.087691
0.074676
0.017600
0.037592
0.080303
-0.032508
-0.005256
0.044724
-0.025422
0.010638
0.014788
0.010558
0.086979
0.038460
-0.016154
0.040713
0.001235
0.005776
-0.027086
0.000353
0.082485
-0.032035
-0.055459
0.086485
0.057064
0.000987
-0.031473
-0.032200
0.033826
-0.008372
-0.012330
0.014527
-0.011607
-0.058213
0.096841
-0.011248
-0.032641
-0.058149
-0.103289
0.038655
-0.029930
-0.057926
-0.039296
-0.050279
0.023153
-0.004129
-0.019622
0.040714
-0.045875
-0.085371
0.052127
0.024907
-0.091008
-0.030011
0.135241
-0.015983
-0.070415
0.010646
-0.047489
0.029074
0.026770
0.021630
0.001640
-0.009337
0.064244
-0.047480
0.010128
0.004503
-0.026113
-0.006099
0.038425
0.034854
-0.016251
0.009624
0.018984
-0.008768
0.054682
-0.048744
-0.064691
-0.101695
-0.062233
0.042925
-0.060239
0.022807
0.027329
-0.040295
0.029613
0.084209
0.060579
-0.029087
0.040321
0.037841
0.012164
0.031611
0.022235
0.027849
-0.015614
0.026200
-0.019416
0.013143
0.048053
0.010677
-0.013928
-0.025241
-0.032975
-0.032910
-0.014845
-0.007116
-0.025955
-0.028904
-0.058825
-0.047432
-0.064767
-0.015915
0.056609
-0.000037
0.007934
0.019093
-0.003051
-0.057194
0.049422
0.002933
-0.017063
-0.053556
0.012761
-0.030322
-0.122551
-0.105914
0.033948
0.038185
0.064872
0.005495
-0.090774
0.033059
-0.019326
-0.043108
0.020386
0.018305
0.054873
0.024893
0.082730
-0.008231
0.050996
-0.006385
-0.101198
0.055314
-0.010847
-0.011409
-0.016391
-0.077857
-0.014122
0.015529
0.011846
-0.042725
0.015162
0.042789
-0.001528
0.043398
0.042433
-0.021534
0.031062
0.029913
-0.055015
0.005410
0.032996
-0.044514
0.079513
0.007643
-0.018148
0.043315
0.077719
0.047426
0.035809
0.038756
0.016944
0.007669
0.013994
-0.113047
-0.004014
-0.053678
-0.113535
-0.058909
0.000698
0.045514
-0.040726
-0.021853
-0.015034
-0.019638
-0.044714
-0.008337
-0.076303
-0.084494
0.013348
-0.057059
0.022905
0.033240
0.015632
0.079560
-0.010343
-0.056259
0.029470
0.012080
0.033267
0.029285
0.061722
0.062149
0.003654
-0.057567
-0.035072
-0.007301
0.029288
-0.040936
-0.068324
0.061168
0.048013
0.079515
0.011423
-0.028897
-0.009889
-0.059448
-0.091259
-0.004444
0.027093
0.020210
0.036273
-0.104109
-0.007008
-0.080496
0.000470
0.059309
0.024232
-0.069695
-0.080019
-0.015962
-0.017242
0.029099
0.023757
-0.034722
0.040666
0.104017
-0.047796
0.001025
0.066332
0.008600
0.055810
-0.053058
0.015531
0.056650
-0.025204
0.005587
-0.026318
0.021141
0.004476
-0.039786
-0.014783
-0.024270
0.062261
0.012015
-0.004472
-0.048703
-0.103788
0.000087
-0.004187
-0.042797
-0.061995
-0.084221
0.004521
0.031851
-0.018094
-0.072972
-0.029859
0.024603
-0.040351
-0.032988
0.017704
-0.085449
-0.010407
0.042717
0.083042
-0.009472
-0.061906
0.012461
0.012902
0.020973
0.074595
0.073531
0.006996
-0.047881
-0.033011
-0.011907
-0.011434
-0.024292
-0.031691
-0.001297
-0.009946
-0.061607
-0.067420
-0.127568
-0.049378
-0.041272
0.017433
0.015131
-0.076883
0.074185
-0.023984
0.010785
0.030284
-0.026503
0.036156
0.025090
0.062083
0.038277
-0.002098
-0.039023
0.069718
0.080043
0.028137
0.042378
0.003184
-0.082473
-0.033685
-0.060719
-0.060718
0.030747
-0.012781
-0.070171
-0.070758
-0.030142
0.045295
-0.019441
-0.091970
-0.044134
-0.034892
-0.071643
-0.073052
0.048482
-0.050566
-0.100404
-0.073432
-0.018621
-0.008901
0.031853
-0.104526
0.015850
0.034822
-0.069662
-0.048718
0.048197
-0.016887
0.085354
0.035536
-0.022839
0.011576
-0.011991
0.042127
0.061097
0.006234
0.059034
0.095829
0.099780
0.040610
0.079243
-0.038199
-0.038198
-0.058617
-0.017665
-0.012907
0.042471
0.003853
0.005173
0.059960
0.030712
0.060968
0.036710
0.128322
0.057633
0.035161
0.034312
-0.084492
-0.009533
0.061872
-0.017987
-0.030514
0.051065
-0.004461
-0.019019
-0.014585
-0.031429
-0.017150
0.053579
0.095541
0.066681
0.048321
-0.028460
0.047541
-0.048930
0.014377
0.040161
-0.010074
0.027968
0.009739
0.018328
0.012005
0.067722
0.025584
-0.029058
-0.035088
0.061562
0.081575
-0.013430
0.051672
0.070461
0.097929
0.023969
-0.034642
-0.028015
0.047843
0.070253
-0.000774
0.061515
-0.004552
-0.024038
0.032339
0.023109
-0.052139
0.016318
-0.017439
-0.027322
0.021563
0.053713
0.055713
0.009637
-0.016327
-0.054614
-0.013591
0.020662
-0.002765
-0.034781
-0.003698
0.005437
-0.063543
-0.090189
0.021604
-0.033114
-0.106437
-0.052817
-0.050269
-0.001647
-0.038692
-0.096759
0.006728
-0.000848
0.030549
0.002650
0.001408
0.055440
0.004557
-0.011721
0.001644
0.004524
-0.008086
-0.087594
0.010898
0.041276
0.066628
0.040593
-0.011400
0.006425
-0.021711
-0.025219
-0.047127
-0.065630
-0.076298
-0.053410
-0.052611
-0.006233
-0.001427
-0.058171
-0.016488
0.023007
0.024810
0.052181
0.022437
-0.015399
0.010557
0.000434
0.015884
-0.091257
0.032284
-0.050985
-0.044829
0.018097
-0.065198
0.029088
-0.023310
0.023056
0.018412
-0.071953
-0.044384
-0.021607
-0.036225
-0.018968
-0.010205
-0.035394
0.035417
-0.002424
0.027637
0.015288
-0.035034
-0.073939
0.059327
-0.028930
-0.048480
0.046143
-0.018136
-0.006741
0.004675
0.033448
0.020396
-0.048756
-0.007346
0.005447
0.015716
0.043169
0.050452
0.011584
-0.035784
-0.003054
0.028655
0.072113
-0.097863
-0.045639
-0.001792
-0.172427
-0.097808
-0.066538
0.018143
0.065170
-0.028108
0.001459
-0.083518
-0.066040
0.088613
0.008199
-0.018500
0.009920
0.051882
-0.019475
-0.028141
0.018980
-0.046290
-0.062322
-0.054911
0.023039
0.057924
-0.017378
0.010769
0.064423
0.021491
0.052502
0.000239
0.030400
0.069876
-0.035621
0.004316
0.018744
-0.011726
-0.060041
0.042414
0.043963
0.044817
0.063176
-0.051385
0.046961
-0.071599
-0.073730
0.049514
0.004269
0.007061
-0.011817
0.028535
-0.005792
-0.026739
0.014351
0.035390
-0.069434
-0.113251
0.046778
-0.027234
-0.037242
0.088453
-0.061135
-0.017057
-0.051074
-0.003862
-0.040926
0.048496
-0.003910
-0.006206
0.011475
0.035234
0.002536
-0.027022
-0.065394
-0.055506
0.089543
-0.012167
0.048314
-0.044049
-0.023589
0.059895
-0.002850
-0.133177
0.009379
-0.107592
-0.071429
0.071279
-0.036442
0.105053
0.078742
-0.047293
0.012431
-0.032087
-0.047412
-0.088322
-0.009630
0.004111
0.007882
0.039932
-0.117107
-0.037277
-0.057842
-0.031391
-0.047343
-0.012552
-0.001254
-0.007584
0.045851
0.077707
0.036908
-0.001479
0.020047
0.024164
0.047070
0.005729
0.011962
0.029420
-0.018916
0.048183
0.005331
-0.012357
0.033251
-0.032353
-0.013548
0.012895
-0.021817
0.039213
0.008349
-0.071324
-0.016271
0.018018
-0.011704
0.000452
-0.019820
0.015311
-0.021397
-0.019485
0.047235
-0.032787
0.003691
0.021352
-0.006829
0.012448
-0.023462
0.007162
0.010638
-0.017041
-0.010712
-0.019178
0.007040
0.025459
0.042480
-0.007277
0.084780
0.063446
-0.075924
-0.008154
-0.008074
0.020384
-0.032660
0.061509
0.012941
0.003165
0.059159
0.046679
0.007522
0.065786
-0.013133
-0.010926
-0.005260
0.041160
0.030568
-0.073789
0.079919
0.018487
0.033062
0.022404
-0.014499
-0.007501
-0.011463
0.011100
0.037018
-0.081458
0.039538
0.071761
-0.041047
-0.061730
-0.040161
0.054414
-0.025636
-0.000421
-0.027910
0.045117
0.049340
0.013642
0.020373
-0.112378
0.026146
-0.007489
-0.076909
-0.035389
-0.038222
0.025325
-0.030254
-0.023363
-0.005315
-0.009961
-0.040706
0.040210
-0.020006
-0.129524
-0.039743
-0.020587
0.024324
0.080963
-0.005417
-0.027180
-0.026805
-0.046884
-0.074370
-0.055824
-0.009671
0.000783
0.060783
0.060772
-0.112187
0.066088
0.070572
-0.038110
0.086633
-0.021067
0.005980
0.061559
-0.044527
0.011094
0.013426
-0.014832
-0.025611
-0.018241
-0.003082
0.032050
-0.026732
-0.132411
0.018161
0.012302
-0.002915
0.006742
0.025094
0.033820
-0.026862
-0.026592
0.026374
0.014415
0.112695
-0.025689
-0.036730
-0.000215
-0.034502
-0.041983
-0.018249
-0.030203
-0.063416
0.006081
-0.011657
-0.096941
0.066398
0.072156
-0.026840
0.019026
0.011735
0.016224
-0.005392
-0.045026
0.058723
0.035255
-0.012020
0.037725
0.013397
-0.016818
-0.011549
0.031754
-0.026456
0.019768
0.093285
0.050496
0.077727
-0.072684
-0.009450
0.056705
-0.013820
-0.026864
-0.031063
-0.042144
0.016090
-0.035868
-0.111697
0.032125
0.054700
0.026103
0.082367
0.098471
0.018726
0.086391
0.013546
-0.019918
0.035032
0.010283
-0.013239
0.032027
-0.024044
0.027295
0.080753
0.013453
0.003269
-0.032238
-0.011335
-0.058361
0.037785
0.049801
-0.018084
-0.047245
-0.036116
-0.059103
-0.073291
0.030409
-0.041708
-0.012522
0.064297
-0.062263
-0.020734
-0.088711
-0.152694
-0.077812
0.046703
-0.061814
-0.058907
-0.037327
-0.063029
0.001548
-0.033520
0.016921
0.062399
0.002824
0.017029
0.051486
0.067775
0.019838
-0.021545
0.083748
0.081587
-0.039642
0.043310
-0.050715
-0.038398
-0.008387
-0.017239
0.031025
0.007693
0.000583
0.101957
-0.023536
0.022248
0.077649
-0.023482
0.058836
0.031049
0.013021
0.014297
-0.083845
0.086621
0.085034
-0.010407
-0.035969
-0.067759
0.069571
0.019288
-0.023115
0.103259
0.067103
0.027445
-0.066273
0.003471
0.057794
-0.078684
-0.063585
-0.055779
-0.018301
-0.125556
-0.015447
-0.029510
-0.027298
0.032566
-0.120441
-0.031884
0.017051
-0.088204
0.016719
0.029630
0.024950
0.026964
0.038236
0.065994
-0.009755
0.044945
-0.062920
-0.011131
-0.021647
-0.043564
-0.023295
0.029677
0.020621
0.022524
0.050392
0.012556
-0.011558
-0.007831
-0.013090
0.056568
0.026670
0.020466
-0.043981
-0.054581
-0.031312
-0.020127
-0.034201
-0.013778
-0.018071
-0.071332
0.005372
0.014711
0.034551
-0.042864
-0.121593
-0.006664
0.017461
0.048018
0.025523
-0.036295
0.026505
0.025379
0.032017
-0.014771
-0.048434
-0.032790
-0.063637
-0.067533
-0.029374
-0.043330
0.029474
-0.028935
-0.072548
0.124090
0.006637
-0.075611
0.027077
0.104075
-0.039582
-0.048076
-0.037758
-0.048372
-0.039926
-0.065329
-0.018426
-0.102121
-0.023349
0.118213
-0.046748
0.015304
0.056735
-0.022685
-0.066104
-0.060932
-0.067068
0.035314
-0.010535
-0.022592
-0.035085
-0.044695
-0.063595
-0.110511
0.022845
-0.004975
-0.005979
-0.009730
-0.035902
-0.013957
-0.038919
-0.062885
-0.006883
0.035098
0.011099
-0.155493
-0.028280
0.017250
-0.020981
0.016281
0.006615
-0.065614
-0.023317
0.002800
-0.072359
-0.054628
0.077074
0.024173
-0.018349
0.007961
0.095851
0.024594
0.003576
0.051576
-0.037975
0.067198
0.018769
0.016022
-0.006324
-0.012802
0.047696
0.002993
0.014437
0.011669
-0.048749
0.081271
0.014798
0.036825
0.049806
-0.020072
-0.023516
0.004132
-0.044610
0.002503
-0.038363
-0.010652
0.024139
0.064450
0.048525
-0.097620
0.030898
-0.073610
-0.045043
-0.027358
-0.004809
0.001349
-0.034393
0.002791
0.017273
0.031243
-0.024058
-0.018409
-0.002460
-0.009449
-0.074900
-0.006301
0.029545
-0.021872
0.037967
0.061880
0.059652
0.095069
-0.009906
0.028883
0.077703
-0.045274
-0.052513
0.033416
0.078825
-0.054934
0.064877
0.089744
-0.024639
-0.035666
-0.099571
-0.023765
-0.013212
-0.022839
0.031878
0.096593
0.017676
0.055810
0.067479
0.081516
0.020071
0.049775
0.067975
-0.023115
0.061943
0.107752
-0.022889
0.014774
0.008793
-0.004257
-0.056599
-0.024050
-0.062470
0.072054
0.014272
0.077603
0.073221
0.004866
0.070520
-0.060255
-0.034606
0.033365
-0.017334
-0.027975
-0.053278
0.100645
0.054296
-0.030538
0.005320
0.045264
-0.026621
0.012377
0.027729
-0.031803
-0.031144
0.056712
-0.033154
-0.109661
-0.038178
-0.100341
-0.095688
-0.001144
-0.043660
0.055538
0.116193
0.078378
0.018389
0.025159
-0.044147
-0.007598
0.004486
0.015952
0.059544
-0.081561
-0.059605
-0.043719
-0.025542
0.015987
0.005884
0.084233
0.007346
0.052479
0.078779
-0.013421
-0.038256
-0.007629
0.024243
-0.027863
0.032354
-0.032656
-0.012802
0.020357
-0.129810
-0.022711
0.027925
0.012212
-0.034777
-0.059319
-0.094780
-0.085132
-0.051839
-0.045589
-0.032302
0.042458
-0.020962
-0.002384
0.029831
0.028534
-0.012932
0.010821
-0.015145
-0.030983
-0.003507
-0.067740
0.029373
0.034146
-0.013903
0.052217
-0.042070
0.018708
-0.030938
-0.059705
0.005618
-0.160109
-0.027867
0.003734
-0.061505
0.092630
0.151592
0.016840
0.110379
0.071746
-0.008280
0.014137
-0.017113
-0.045735
-0.038925
-0.019321
0.022986
-0.041502
0.007502
0.002273
0.011024
-0.045253
-0.043961
0.062574
0.025408
0.067162
0.030151
0.039311
-0.004194
-0.097304
-0.037088
-0.007567
0.037493
-0.090789
-0.071865
0.107297
0.034938
0.042405
0.080492
0.057255
0.047742
0.028981
0.056915
0.059426
-0.009529
0.049749
0.033826
-0.071827
0.014765
0.056152
-0.022455
0.068978
0.025009
0.124128
0.038529
-0.036979
0.090131
-0.040823
-0.025039
0.015836
0.004245
0.064996
0.046025
0.060455
0.005683
-0.033922
-0.028295
0.069563
-0.046635
-0.024673
0.029592
0.048630
-0.021623
0.033599
0.002195
-0.008854
0.071429
0.017160
0.013035
-0.018902
-0.004744
0.084713
0.024631
0.047296
0.022747
-0.014097
0.058311
0.076406
0.003610
0.102580
0.051733
0.080695
0.002047
0.033932
0.007651
0.045159
0.025079
-0.086814
-0.089850
-0.031188
0.060819
0.038238
0.055063
0.033241
0.051083
-0.048569
-0.078148
0.008306
0.087409
0.105124
0.075707
0.076511
-0.026381
0.056814
0.021617
0.030952
0.081298
-0.017731
0.042921
0.035306
0.001206
0.004774
0.009688
-0.063247
-0.033066
0.015256
-0.007402
0.035837
-0.032181
0.052564
0.052699
-0.090941
0.011731
-0.007860
-0.059131
-0.061672
0.023215
0.040824
0.004333
-0.048595
-0.031532
0.026970
-0.069320
0.062333
0.036498
-0.021220
0.044939
-0.020083
-0.010068
0.052234
0.011245
0.022993
0.029527
-0.044893
-0.100980
-0.005232
-0.003400
0.009347
-0.068583
-0.085168
-0.021600
-0.063439
0.065541
0.071717
0.031649
0.118403
0.086154
-0.090263
0.042683
-0.016247
-0.075849
-0.015025
-0.080366
-0.036767
0.012799
0.001708
-0.003511
-0.001858
-0.002441
-0.087713
-0.047122
0.032138
0.003638
0.021830
-0.062129
0.049268
0.075690
-0.010293
0.034376
0.028354
0.018512
0.000898
0.021173
0.017123
0.088332
0.028434
-0.037443
-0.028752
-0.029212
-0.002669
0.052469
0.055517
0.022338
-0.111134
-0.002056
-0.034010
0.069400
-0.003296
-0.019044
0.070289
0.023712
0.058116
-0.038376
0.020097
0.093932
0.012438
0.071342
0.024452
-0.024755
0.005763
0.063623
0.022911
0.023416
0.009630
0.020871
0.043111
-0.015137
-0.017547
-0.010631
-0.001594
-0.028825
-0.077919
0.001021
-0.016699
0.035720
0.038368
-0.005250
0.022918
0.039822
-0.009931
-0.083819
-0.031311
-0.022599
0.033886
0.029726
0.004015
-0.037060
-0.015242
-0.003863
-0.020812
-0.014575
-0.019667
0.005118
0.022906
0.019072
-0.019688
0.002780
-0.003983
-0.062464
0.002477
0.024470
-0.072962
-0.028072
-0.030375
-0.034977
0.058007
0.035529
0.104424
0.072321
0.075800
0.043910
0.024469
-0.049057
0.026368
0.042408
-0.071750
0.015202
0.034852
-0.107630
0.006881
-0.032762
-0.024228
0.027186
0.002198
-0.045146
-0.015767
0.013217
-0.042649
-0.008973
0.036192
0.013616
0.083828
-0.009832
0.073430
0.076439
0.003290
0.085130
0.014750
0.030342
-0.019954
-0.015237
0.110539
0.044231
-0.026397
0.005057
0.036951
-0.051355
-0.017612
-0.018883
0.070580
0.067222
0.067762
-0.002616
-0.040657
0.051161
0.038407
0.052386
0.108559
0.025338
0.073674
-0.011992
-0.045259
0.016729
-0.022416
0.018164
0.021523
-0.049261
-0.024236
0.040137
-0.028494
-0.029396
-0.077721
0.002950
-0.017403
-0.018373
0.054672
0.050288
0.028597
0.000154
-0.012321
0.032264
0.031182
0.044370
-0.004703
-0.028969
0.018183
-0.073494
-0.035123
0.031861
0.007286
0.005046
-0.020615
-0.044256
-0.105109
0.003646
-0.012550
-0.053416
0.026236
-0.026791
0.024723
0.113197
0.064966
-0.015091
0.035172
0.013738
0.067892
0.072505
0.025449
-0.039943
-0.061208
-0.109392
-0.084083
0.001494
0.034853
0.018977
-0.043671
-0.038412
-0.022104
0.021108
-0.018051
0.028529
0.056051
-0.062330
0.046870
0.071911
-0.019686
0.015266
-0.024998
0.029014
0.038933
0.009630
0.021924
-0.053479
-0.052483
-0.065614
-0.037373
-0.039826
0.053850
0.021716
0.010827
0.037662
0.050991
0.019223
0.053717
-0.005235
-0.067144
-0.118771
0.002298
0.054165
-0.142121
-0.013606
0.074154
-0.042589
-0.048997
-0.070424
-0.055438
0.012967
-0.024657
-0.018046
-0.003875
0.024497
0.078228
-0.009460
0.018247
0.016284
0.014799
-0.019593
-0.007187
0.023014
-0.044597
-0.051637
-0.046923
-0.050396
0.000997
-0.084138
0.017258
-0.023028
-0.053977
0.010249
0.040862
-0.015703
-0.082345
-0.029079
0.026236
0.056874
0.081969
0.036060
0.045414
0.074317
-0.021433
0.000662
-0.026239
0.003945
0.041284
-0.034684
0.039988
0.005325
0.064171
0.046275
0.052413
0.055938
0.031415
0.069851
0.009689
0.095188
0.061847
0.041086
-0.025187
-0.044998
-0.034584
-0.000802
-0.059015
-0.011943
0.027326
-0.063088
-0.002847
0.005322
0.016613
0.043888
-0.031054
-0.015503
0.044127
-0.030905
0.024136
0.051813
0.084118
0.067149
0.041639
0.053040
0.003913
0.008819
0.024275
0.005895
-0.077432
0.081619
0.074485
-0.021053
0.062613
0.035307
-0.007853
0.069002
0.013553
-0.104394
-0.033275
-0.046593
0.021762
0.049889
0.076607
0.074580
0.016284
0.034321
-0.034013
-0.057052
-0.013490
0.013248
-0.087335
0.009431
-0.017683
-0.129500
-0.024629
-0.004452
0.051142
0.147911
0.051232
-0.046603
-0.031119
-0.086528
-0.043022
-0.027305
-0.074357
-0.000297
0.027474
0.018949
0.017068
0.101060
0.047145
-0.001421
-0.064682
0.045249
-0.048534
-0.029444
0.004525
0.006004
-0.012743
0.066039
-0.010014
0.013793
-0.038628
-0.129121
-0.082077
-0.110023
-0.085427
-0.011160
0.117588
0.088997
0.004563
-0.023622
0.032331
-0.044970
-0.036092
-0.016765
-0.068573
-0.040224
-0.023697
-0.048965
0.026926
0.033819
0.032756
0.032290
0.032903
0.016034
0.011639
0.048050
0.050273
0.016307
-0.016536
-0.019099
-0.032553
-0.014566
-0.072011
-0.043159
0.031362
-0.102039
-0.043432
0.068007
-0.053306
-0.001222
-0.004973
0.011284
0.038362
-0.028417
-0.017495
0.079859
-0.043274
-0.019893
0.053372
0.009433
0.036212
0.051220
-0.013526
-0.019999
-0.004374
0.026199
-0.017322
-0.027092
-0.020257
-0.014478
-0.070212
0.071509
-0.023827
-0.126877
0.056840
-0.008228
0.017167
0.007065
0.042882
0.051190
0.017754
0.020989
0.024025
-0.051132
0.031420
-0.017188
0.042910
0.029704
-0.053660
0.003370
-0.040536
-0.027294
-0.053252
-0.079082
0.003359
-0.017597
-0.083003
0.012521
0.067410
0.004750
-0.060117
-0.062087
-0.048388
-0.012417
-0.063293
0.007176
-0.056673
-0.017197
0.031913
-0.073344
-0.020890
0.009826
-0.010207
-0.049038
-0.000768
0.018047
-0.008806
-0.008608
-0.030514
0.027934
-0.025491
-0.131448
0.017125
0.018946
-0.094761
0.011397
-0.062786
0.000078
0.036346
0.058074
0.020207
0.032485
0.037070
-0.006711
0.038921
0.036514
0.031761
-0.018589
-0.046468
0.034644
-0.028785
-0.060293
0.022766
0.029879
0.051556
-0.029450
-0.024217
0.048906
-0.009114
-0.018615
-0.029282
-0.027799
-0.070633
-0.063664
-0.025718
-0.056901
-0.027803
0.011899
0.062724
0.063809
-0.048373
-0.059579
-0.017127
-0.032863
-0.007504
0.030801
0.028644
-0.010475
-0.016720
-0.073146
0.041171
0.027857
0.001368
0.039465
0.108754
0.035397
0.020665
0.058492
-0.020911
0.057613
-0.031213
-0.057081
-0.052688
0.027558
0.030625
-0.008018
0.064299
0.118104
0.011243
0.025582
-0.030432
-0.023637
-0.010279
-0.034795
0.020540
0.091557
-0.013642
-0.018131
-0.036312
-0.052284
0.031116
0.001411
-0.056472
0.001955
0.104863
0.150117
0.025534
0.016002
0.091936
-0.002914
0.000527
0.016795
-0.061907
-0.064170
0.017865
-0.011927
-0.020914
0.014912
-0.074485
-0.014160
0.003542
-0.022266
0.041208
0.088354
0.069064
0.043762
-0.025802
-0.019457
-0.028734
-0.069670
-0.021992
0.091834
0.024554
-0.023731
-0.099166
0.102206
0.057474
0.016397
0.055054
0.011640
0.055821
0.077237
-0.000285
0.042449
0.049234
-0.006335
0.059281
0.053151
-0.032895
-0.099955
-0.035188
-0.086380
0.100913
0.023478
-0.091567
-0.046882
-0.029420
-0.038763
0.003945
0.071359
-0.024059
-0.018660
0.026806
0.009899
-0.056158
-0.082210
0.039266
-0.051685
-0.002203
0.028892
-0.040147
-0.027220
-0.021944
0.051815
0.082452
-0.008237
0.017572
0.073165
0.017883
0.023576
-0.053952
0.068689
0.011467
0.003029
-0.021182
0.008034
0.059316
-0.006162
0.053975
0.033789
0.031248
0.005597
0.004899
-0.035922
0.008518
0.031427
0.055806
0.042990
0.059329
0.064671
-0.029012
0.022973
0.102177
0.006788
0.018961
-0.040306
-0.046011
0.067373
-0.050785
-0.087671
0.001223
0.066994
-0.025875
-0.058802
0.050506
0.020821
0.035606
-0.016464
-0.076865
-0.034138
-0.045063
-0.043455
-0.003191
-0.065995
-0.015277
-0.072967
-0.076523
0.010653
-0.009761
-0.047634
0.132826
0.031329
0.024063
0.077131
0.035061
-0.019671
0.039434
0.018979
-0.074840
0.047298
-0.017096
0.090827
0.028293
0.043549
0.048804
0.026144
-0.063297
-0.022633
0.015039
-0.071673
-0.024169
-0.021993
0.074128
-0.040501
0.001481
0.047834
0.103540
0.053137
0.010106
0.091940
-0.066892
-0.025610
-0.025716
0.000420
0.066190
0.029130
-0.038439
0.017256
0.064391
-0.039286
0.083063
0.052253
0.014665
0.063837
-0.015069
-0.015766
0.058857
-0.050845
-0.022703
0.047359
-0.010868
0.003462
-0.045217
-0.115503
0.008063
-0.028647
-0.051064
-0.049715
-0.040168
0.022498
-0.021020
0.000878
-0.031998
-0.008951
0.074084
0.021782
-0.021652
0.035057
0.018032
0.054885
-0.014243
-0.044642
-0.029425
-0.008865
-0.049204
0.050901
0.008769
-0.031888
0.061648
-0.012621
0.020141
0.053592
0.081854
-0.029664
0.016892
0.011574
-0.011137
0.139361
0.041696
0.066974
0.004686
-0.012357
-0.021305
-0.099747
-0.042477
-0.015175
0.072662
0.026223
0.040806
0.034659
-0.105025
0.017236
-0.000636
-0.037364
-0.008006
-0.015203
0.102056
0.052498
0.066804
0.004275
0.007950
-0.025043
-0.080330
-0.058387
-0.052647
-0.058155
-0.058373
-0.084910
-0.013222
-0.022351
0.015043
-0.015547
-0.023092
0.088201
-0.032319
0.039989
-0.004995
-0.072578
0.016317
0.046352
-0.038442
-0.055005
-0.030124
0.014316
-0.036911
-0.031440
-0.023832
-0.076028
0.007888
-0.013830
0.027719
-0.034497
0.035537
0.007634
-0.005319
-0.036856
-0.017728
0.045158
-0.040386
0.031811
0.079555
0.037183
0.071180
-0.042109
-0.016796
-0.017770
-0.083970
-0.028743
-0.035291
-0.008158
-0.031869
-0.041217
-0.042312
-0.003535
-0.022826
-0.110400
-0.059670
-0.010102
-0.040426
-0.018692
0.024980
0.009750
-0.080445
-0.007942
-0.030486
-0.057022
-0.001107
-0.084135
0.039897
0.050564
0.034276
0.050952
-0.016840
0.033335
0.029341
0.020731
0.117560
-0.045188
-0.015263
0.026368
0.001743
-0.016344
-0.026657
0.031619
0.046691
0.036539
-0.014371
-0.056881
-0.013089
-0.053208
0.003091
0.020290
0.003117
0.035565
0.057442
0.033843
-0.011695
0.010492
0.007962
-0.008184
0.082786
0.068223
0.068827
0.069323
0.030641
-0.030392
0.009172
-0.057629
-0.000388
-0.025572
-0.119049
-0.034779
-0.038960
-0.042423
0.032471
-0.063240
0.000510
0.020503
-0.053147
0.049406
0.042454
-0.074602
0.067459
0.149290
-0.018832
-0.083373
-0.030021
0.012090
0.017657
-0.022519
0.010859
0.024683
-0.110574
0.034739
-0.040404
-0.017929
0.029823
-0.042908
0.064100
0.001344
-0.034978
-0.053306
-0.004458
-0.027043
0.009957
-0.029403
0.008690
0.041136
-0.024755
-0.014349
-0.018539
-0.030284
-0.007346
-0.029931
0.011141
0.064035
0.028472
0.046470
-0.043207
0.038993
0.065868
0.050570
0.021133
0.050824
0.030701
-0.019435
-0.004003
0.059256
-0.096271
-0.065136
-0.036962
-0.016424
0.044730
0.062125
-0.008902
0.035337
-0.023316
-0.034981
-0.010257
-0.058534
-0.018097
-0.020549
0.038002
0.059226
-0.034115
0.056242
-0.069117
-0.027878
0.003525
0.001976
0.055624
0.006248
-0.015872
-0.073344
-0.007810
0.048025
-0.047121
0.001941
-0.050966
0.035769
-0.044444
0.004712
-0.044106
-0.006122
0.055763
-0.000988
0.025560
-0.070766
-0.076535
-0.037457
-0.067332
-0.080261
0.078337
0.019458
-0.040842
0.030649
-0.041700
-0.032666
0.053527
0.088666
0.003054
-0.006465
0.014019
0.028930
-0.085735
0.015292
0.055778
-0.051369
-0.027859
-0.027423
-0.011893
-0.015664
0.008766
-0.005489
0.041512
0.009615
0.076659
0.115399
-0.060623
-0.045702
-0.087459
-0.063824
-0.001480
0.050705
0.130745
0.040939
0.069966
0.099751
-0.015803
0.007301
-0.005202
0.038674
0.001894
0.040832
-0.059811
-0.022957
0.009656
0.050923
0.017239
-0.039330
-0.039500
0.000238
-0.068395
-0.034453
0.042705
0.067210
-0.002034
-0.061151
-0.008772
0.022941
-0.027361
0.046885
0.040157
0.050002
-0.004447
0.009746
0.050940
0.057904
0.044230
0.065722
0.065032
0.009411
0.061231
0.033163
0.030555
0.092186
0.009270
0.066845
0.010653
-0.010197
0.067028
0.016977
0.059721
-0.009385
-0.053994
0.014025
-0.040607
-0.073118
0.010897
-0.070755
0.069196
-0.072439
-0.056689
-0.002726
-0.015759
0.023772
-0.048501
-0.001960
0.027663
-0.088020
0.023624
0.118607
-0.009000
0.069314
-0.022360
-0.067203
-0.054205
0.014290
-0.004282
0.015076
-0.024035
-0.052690
-0.035677
-0.005343
0.025310
0.065147
0.015703
0.024971
0.082948
0.097520
0.034843
0.036698
-0.017184
0.008125
-0.022358
-0.009926
-0.052744
-0.011337
0.000805
0.015299
-0.001946
-0.028983
-0.045732
-0.033258
0.017643
0.013268
-0.053046
0.027600
0.004829
-0.038654
0.021255
-0.003391
0.085034
0.019252
-0.017886
-0.013148
0.059918
-0.018659
0.036110
0.051921
-0.043325
0.020600
0.086505
0.026951
-0.052385
0.007871
0.026975
0.026242
-0.009075
-0.106715
0.059654
0.079418
0.081688
0.069191
-0.002096
0.007607
0.034870
0.017011
-0.019205
0.064461
0.018744
-0.057180
0.075512
0.025942
-0.009963
0.020936
0.036139
0.051715
-0.047168
-0.035168
0.099301
0.042143
-0.027247
0.067285
0.002579
-0.033154
-0.038564
-0.041717
0.009411
-0.015469
0.019596
0.017505
-0.017157
0.010620
0.005256
-0.031592
0.019505
-0.088107
-0.027001
0.076884
0.053232
-0.104763
0.051970
0.096712
-0.001679
0.043156
0.069678
0.085079
0.066066
-0.068115
0.069775
0.037139
-0.052029
0.042483
0.061600
0.058885
0.051055
-0.004112
0.071892
0.036539
-0.076478
-0.018619
0.074490
-0.011672
0.046337
0.059216
0.008132
-0.038673
-0.078767
0.001613
-0.003321
-0.026159
-0.020222
0.016656
0.007006
0.060298
0.073243
-0.005756
-0.011431
0.043141
0.062392
0.054988
0.026360
0.068157
0.075823
0.004037
-0.029049
0.050976
0.024424
-0.102166
-0.051587
-0.008103
-0.090063
-0.028968
-0.055635
-0.008222
-0.023112
0.079311
0.022605
-0.008776
0.022100
0.000537
-0.041359
-0.040260
-0.063997
-0.012166
-0.039097
-0.003659
-0.047118
0.004139
0.032526
-0.072101
0.037892
0.053987
-0.037669
0.014274
0.042261
-0.067879
-0.039924
-0.001187
0.019344
0.040881
-0.029005
0.016755
0.033460
0.013489
0.007870
0.047025
0.034501
0.036758
0.012397
-0.015709
0.061445
0.028917
-0.012228
0.008438
-0.005809
0.033069
-0.017857
-0.055150
0.001761
-0.008159
-0.092910
-0.020882
0.052467
0.015395
0.005373
-0.033658
0.018888
-0.020474
0.048630
0.060288
0.083991
-0.010685
0.041992
0.038150
-0.018690
-0.030650
-0.013492
0.026450
-0.062987
-0.016744
-0.062618
0.032632
0.072286
-0.087015
0.023313
0.034796
-0.087305
0.093977
0.041914
0.020786
0.013063
0.023616
-0.042652
0.016850
0.054603
0.015065
0.017049
0.014586
0.001018
0.012488
0.013160
0.059533
0.042853
0.037501
0.052079
-0.022230
0.048259
-0.014901
-0.072910
0.061773
0.044780
-0.068984
0.067543
-0.026726
-0.115419
0.038376
-0.024609
-0.039327
-0.020736
-0.097236
-0.062821
-0.076658
-0.082472
-0.009907
-0.001339
0.030827
-0.043398
0.019029
0.108512
0.004264
-0.031465
0.029265
0.094356
-0.062979
0.038037
0.072167
0.001320
-0.050776
0.036557
0.040214
-0.046471
0.032431
-0.028152
0.004346
0.059115
0.001658
0.023922
-0.076362
-0.020191
0.053521
0.059916
0.017443
-0.029626
0.011270
-0.033679
0.040396
-0.023130
-0.036223
-0.060466
-0.015512
0.009586
0.033273
0.038450
0.041739
0.022147
-0.018215
-0.092098
-0.111757
-0.023019
-0.039201
-0.012900
0.048319
0.030428
0.085244
0.023440
0.013593
0.040635
0.051239
-0.026002
-0.040134
-0.025768
-0.000641
0.028797
0.032114
0.022092
-0.008006
-0.032040
-0.043610
0.005241
0.023246
0.015956
-0.077259
0.040578
0.048980
-0.007852
0.001578
-0.011828
0.014677
0.005880
0.003661
0.030211
-0.033217
0.017265
-0.039443
-0.036484
0.056820
-0.043064
-0.024575
-0.007426
-0.014284
0.071574
0.062469
0.037538
0.018111
0.041808
-0.022185
-0.019073
0.004735
-0.092927
-0.055706
0.095256
0.029938
-0.024586
-0.108464
0.003130
-0.042068
-0.031182
-0.056476
0.021520
0.019040
-0.053618
0.057004
0.021202
-0.038264
-0.078348
-0.006838
-0.066837
0.001284
-0.023792
-0.032867
-0.026573
-0.040735
-0.028681
-0.039162
0.042284
0.012658
-0.050598
-0.011655
-0.031708
-0.009067
0.005552
0.028169
-0.099182
0.019937
0.049151
-0.032977
0.010006
-0.000612
-0.079397
-0.017295
-0.003995
-0.021468
-0.059374
-0.059026
-0.125208
-0.023758
-0.014578
0.014832
0.047850
0.020041
0.009241
0.011645
-0.022089
-0.035600
-0.052491
0.017950
-0.007457
-0.023195
0.014735
-0.028409
0.064239
0.004748
-0.027090
0.059214
0.064448
-0.076526
-0.015251
0.010442
-0.021755
-0.012753
0.042330
-0.034471
-0.124540
-0.050055
-0.063410
0.008219
-0.035347
0.034296
0.051434
0.095151
0.030676
-0.095180
-0.008898
0.081850
0.023442
-0.045069
0.011918
-0.034991
-0.073718
-0.050055
-0.031516
0.049139
0.065545
0.081964
-0.097863
-0.080100
-0.014071
0.001942
0.009533
0.023393
0.068600
0.026326
0.008816
-0.032519
-0.040067
-0.023846
-0.035621
0.045885
0.058060
0.043107
0.024058
0.033733
0.031217
0.029881
0.030300
0.037753
-0.026662
0.017227
-0.021802
0.018545
0.008762
0.034980
0.084076
0.096911
0.057758
0.000101
0.034614
0.053095
0.043350
0.029144
-0.042465
0.065350
-0.004756
-0.053693
-0.011159
0.047379
0.021704
-0.073303
-0.080705
-0.135715
-0.159901
-0.069343
-0.061851
-0.002173
-0.029746
-0.065366
-0.104660
-0.065072
-0.084117
-0.110375
0.031294
-0.057951
-0.034582
-0.007966
-0.066342
-0.031534
-0.043984
-0.026752
0.007708
-0.007660
-0.065802
0.036401
0.033127
-0.015657
0.105108
-0.020191
-0.059922
0.005646
-0.064559
-0.026516
-0.057268
-0.056614
0.039760
0.001710
-0.017460
-0.015219
-0.084436
-0.057751
-0.001735
0.006970
0.010164
0.077708
0.027915
0.010004
0.031367
0.002263
-0.020657
0.056388
0.045362
0.011070
0.047780
0.097083
-0.019002
-0.007470
0.098433
-0.029623
-0.077373
0.057609
0.063613
0.068536
0.050578
0.021804
-0.007938
-0.123215
0.008259
0.013530
-0.041734
-0.000956
-0.018449
-0.015540
-0.045652
-0.039872
0.046381
0.014532
-0.008676
-0.011902
0.094373
-0.001127
0.024589
0.061619
-0.052268
0.034342
0.010465
-0.015210
0.012924
0.013129
0.054451
-0.013833
-0.015044
0.032501
0.110630
0.060639
0.010987
-0.012082
0.018066
-0.063748
0.002912
-0.005570
0.004712
-0.001085
-0.009616
-0.006749
-0.006071
0.030448
-0.013422
0.059674
0.088462
0.020057
0.037456
0.030030
-0.026359
-0.041165
-0.023648
-0.017969
-0.028155
-0.039150
0.030928
-0.041879
-0.092520
0.022397
0.034072
-0.100963
-0.007536
0.047673
-0.061783
0.021572
0.021833
0.052181
0.051044
-0.040886
-0.020972
-0.065009
-0.087461
0.031535
-0.000721
-0.029462
-0.012511
0.069486
0.100596
0.015863
0.025440
0.054484
0.072419
-0.029899
0.077262
-0.055542
0.030694
0.036353
-0.136779
-0.009971
0.002130
-0.045201
-0.021261
-0.098929
-0.022226
-0.052441
0.003279
0.008216
-0.056207
0.020149
0.031444
0.037628
0.008774
0.051366
-0.009799
0.025460
0.048573
-0.006772
-0.044015
-0.026200
-0.012319
-0.039030
-0.099969
-0.035548
-0.002322
-0.002608
0.044480
0.043514
0.003113
-0.040353
-0.043242
-0.017479
0.051996
-0.008523
0.025532
-0.054235
-0.039792
-0.042620
-0.092098
-0.026668
0.003626
-0.028342
0.032957
0.110651
0.035011
0.051642
-0.011019
-0.036653
0.048097
-0.038446
-0.023719
-0.049235
-0.055989
-0.046603
-0.050687
0.015630
-0.099024
-0.030613
0.024914
-0.057801
-0.024612
-0.007288
0.044158
0.048918
-0.021460
0.032379
-0.007254
-0.033708
0.030607
-0.035161
-0.028889
-0.073459
0.022330
-0.048652
-0.044958
-0.043076
-0.020781
-0.011125
-0.088041
-0.071711
0.088695
0.006329
-0.005137
0.005960
-0.039420
-0.012376
-0.052397
-0.082865
-0.065812
-0.008341
0.045803
0.005157
-0.029123
0.067013
-0.012825
0.037657
0.060635
-0.029997
-0.022567
-0.019509
0.092912
-0.016397
-0.055443
0.011774
-0.016689
-0.015700
0.023298
0.020105
-0.011400
0.004375
0.013529
-0.016422
-0.091315
0.047924
-0.037789
-0.001734
0.009886
0.009500
0.067363
-0.016301
0.012663
0.076262
0.059668
0.027205
0.030125
0.037611
0.070093
0.061063
-0.017713
0.048403
-0.004741
0.020324
0.056018
0.029898
-0.045827
-0.011210
0.021964
-0.038567
0.037356
-0.006933
-0.042124
0.070903
0.055431
0.076684
0.065620
-0.026290
-0.053504
-0.009006
-0.032641
-0.017406
0.013514
-0.049471
-0.059904
0.010969
-0.023418
-0.004962
-0.036520
-0.063101
0.002803
-0.115308
-0.075675
-0.004799
-0.055578
0.011494
0.021649
-0.084528
0.009961
0.052947
-0.002090
-0.046199
-0.005653
-0.027799
0.043592
0.008915
-0.019582
-0.027295
0.013547
0.002607
-0.041626
-0.026088
-0.027642
-0.045441
0.031681
-0.014860
0.061312
0.064252
0.058908
0.007862
0.060910
0.023229
0.088335
0.070232
0.027891
0.004567
-0.029163
0.005370
0.054865
0.102053
-0.052859
-0.076266
0.040707
-0.026475
-0.020878
-0.023758
0.032070
0.047261
0.153051
0.033795
0.045818
0.004386
-0.012635
-0.010771
-0.000213
0.066886
-0.090799
-0.090711
-0.035158
-0.100046
0.007151
0.018729
0.015954
0.094346
-0.036758
-0.043746
0.078180
-0.001027
-0.022518
-0.060176
0.056968
0.001258
-0.098737
-0.003382
0.024819
-0.107576
-0.096197
0.075287
-0.021056
-0.062385
-0.015223
-0.086585
0.013902
0.049537
0.005867
0.033210
0.037748
0.005566
-0.050707
-0.053167
-0.123511
-0.112342
-0.099347
-0.039413
-0.022071
-0.034821
-0.027344
-0.020808
-0.005261
0.006956
0.034146
-0.015845
-0.047463
0.011243
0.066268
0.083469
0.088151
0.016731
0.003636
0.070199
-0.047687
-0.010809
-0.010384
0.031005
0.006506
-0.044423
0.020042
-0.026299
-0.016954
-0.029637
-0.020808
0.077093
0.055915
0.055111
0.028829
0.067254
0.110041
-0.068153
-0.049022
-0.010889
-0.071143
0.010109
-0.065692
0.021160
0.022348
-0.058323
-0.038128
0.003939
-0.063761
0.033360
0.147825
0.078448
0.038810
0.020742
-0.015760
0.011079
0.004098
-0.000951
-0.064682
-0.013145
0.022562
-0.030050
-0.144963
-0.046229
-0.018288
-0.077863
-0.090394
-0.057155
-0.025169
-0.055828
-0.003708
-0.002222
0.019310
0.017730
0.069296
0.058670
0.032379
0.007696
0.053345
-0.009530
-0.040439
0.023325
-0.007957
0.069509
-0.024387
0.036670
-0.011968
-0.045365
0.049937
-0.022539
-0.000890
0.084007
0.031751
0.023581
0.008939
-0.023859
-0.054753
-0.000303
0.007063
0.016245
0.006687
0.051263
-0.013447
0.047301
0.024361
-0.038269
0.007156
-0.044768
-0.001351
-0.039697
0.041762
-0.058634
-0.032870
0.021641
0.096385
0.006224
0.019406
0.080023
0.012179
-0.086989
0.002615
-0.025181
-0.072310
0.029196
-0.041807
-0.134537
0.050387
0.074679
-0.049964
-0.041650
0.041287
0.068120
-0.008219
-0.020791
-0.016258
0.025079
-0.027038
-0.078990
-0.143904
-0.021069
-0.057281
-0.043660
0.014476
-0.028129
-0.051089
0.047781
0.060004
0.001163
0.044952
0.045934
0.064618
0.025815
-0.042244
0.025252
0.020324
-0.046063
-0.073727
0.049718
-0.041262
0.005430
0.037600
-0.013789
-0.077046
-0.007462
-0.065660
-0.053368
-0.045119
0.020947
-0.102105
0.013098
0.033593
-0.017886
-0.045780
-0.056837
-0.005794
-0.054383
-0.075028
-0.016453
-0.050524
0.031184
-0.006600
-0.046696
