2.279880
0.891857
0.817637
0.390693
0.262653
0.361348
0.200006
0.310074
0.285573
0.204138
0.244959
0.238116
0.184758
0.196181
0.214069
0.105487
0.173594
0.082692
0.085552
0.132079
0.144192
0.196295
0.167184
0.112964
0.138602
0.118834
0.051721
0.150376
0.098158
0.093651
-0.020415
0.091404
0.100843
0.195800
0.190081
0.110210
0.117184
0.134393
0.047239
0.002798
0.107291
0.124029
0.091488
0.180389
0.053627
0.078241
0.122079
0.083007
0.086660
0.075831
0.088409
0.186116
0.094157
0.051898
0.073500
0.026450
0.072837
0.128788
0.160881
0.148992
0.070595
0.102587
0.195401
0.054824
0.115164
0.098608
0.062045
0.094499
0.005239
0.087454
0.128588
0.139985
0.119712
0.088719
0.110451
0.042345
-0.024724
0.011260
0.008375
0.024356
0.077959
0.059312
0.095182
0.129227
0.040372
0.118658
0.105181
0.032467
0.092256
0.115776
0.108708
0.114037
0.065994
0.102166
0.089696
0.113563
0.111948
0.076170
0.115162
-0.009016
-0.015542
0.049471
0.037049
0.064042
0.036106
-0.016174
0.075619
0.067625
0.095017
0.076800
0.041287
0.056265
0.040367
0.102692
0.049432
-0.015659
0.001519
-0.007580
0.039386
0.037971
0.041244
0.013977
0.068988
0.071584
0.008502
0.066908
0.034987
0.015361
0.049238
0.084280
0.017380
-0.033921
0.079941
0.032069
0.128935
0.155279
0.023529
0.020637
0.135504
0.092447
0.057386
0.053188
-0.003377
0.062856
0.064050
0.016131
0.028414
0.011094
0.007351
-0.043023
0.000923
-0.002596
0.043463
0.034453
0.089801
0.061162
0.029203
0.058793
0.078820
-0.018397
-0.010250
0.053641
0.012781
0.014708
0.027007
0.105366
0.045009
0.068673
0.018251
0.013037
-0.035335
-0.043236
0.020977
0.029053
0.080556
0.041720
0.022186
0.053976
-0.053556
-0.028991
-0.056250
-0.048351
0.070206
0.097013
0.026385
0.176144
0.073393
0.099704
0.110765
0.009396
0.011676
-0.091210
0.012247
0.062571
0.138274
0.162336
0.014278
0.003444
0.107471
0.080598
0.005000
-0.005953
0.056997
0.019108
-0.056067
0.002476
0.073836
0.001669
0.011634
-0.025510
0.093180
0.133085
0.018279
-0.028385
0.085162
0.048340
0.061334
0.095297
0.055876
0.058583
0.081676
0.055527
0.053307
0.062066
0.067733
0.057060
-0.010762
0.054732
-0.043504
-0.022232
-0.055654
0.030038
0.045442
0.076002
0.072615
0.109863
0.035827
0.057781
0.059918
0.058758
0.125439
0.002045
0.040515
0.009485
0.011084
0.052473
0.006853
0.022024
-0.056976
0.026507
0.028655
-0.043903
0.082693
0.091473
0.004061
0.072484
0.070298
0.104098
0.085935
0.079482
0.094116
0.064620
0.026055
0.094908
0.042338
0.045412
0.095438
0.001289
-0.012770
0.105595
0.073773
0.037010
0.118101
0.143043
0.118941
0.107971
-0.019151
-0.085669
0.007557
-0.014151
-0.005820
0.045752
0.049069
0.000927
0.028011
0.069507
0.033482
0.022147
-0.030045
0.054376
0.018559
0.082122
0.125034
0.006103
0.136971
0.037163
0.052101
-0.048185
0.030568
0.057196
0.069443
0.027290
0.011302
0.112356
0.068282
0.060267
0.082602
0.023681
0.119090
0.192441
-0.006038
0.007927
0.008299
-0.024462
-0.026793
-0.029187
0.069957
0.067113
0.029849
0.061411
0.129790
-0.036449
0.000566
0.149030
0.007017
0.013701
0.018132
0.053160
0.030225
-0.037416
-0.026434
-0.038235
-0.016188
0.149932
0.125979
0.086693
-0.051256
-0.060540
0.044921
0.012590
0.060998
0.070629
0.089206
-0.029678
0.005076
0.048589
0.008987
0.026283
-0.104257
0.003565
0.072458
-0.012839
0.087543
0.029571
-0.073580
0.009298
-0.001407
0.012254
0.024136
-0.020421
0.018353
0.073500
-0.009025
0.071633
0.102225
0.070896
0.096349
0.175351
0.117944
0.151868
0.034786
0.004413
0.063808
0.106700
0.059955
-0.048590
-0.042479
0.077545
-0.065974
0.047655
0.081173
-0.067015
0.023874
0.003070
0.033701
0.050683
-0.040894
-0.049123
0.000406
0.057377
0.086177
0.034720
0.065726
0.065911
0.046228
0.030959
0.057058
0.008710
-0.006482
0.016514
0.039146
0.029392
0.048891
0.148513
0.036918
0.044649
0.082463
0.030951
-0.014796
0.083563
0.038133
0.101525
0.088174
0.040188
-0.017592
0.072351
-0.047499
-0.042558
0.066424
0.069583
0.064889
-0.013335
0.011967
-0.065981
0.030309
0.061543
-0.062996
0.036728
-0.036634
-0.033206
-0.086090
-0.048692
0.002194
-0.013093
0.007135
-0.084605
-0.033436
0.031826
-0.028577
0.067918
-0.061294
-0.051215
0.069578
0.035061
0.022384
0.088448
0.098591
0.038347
0.009997
0.075249
0.110146
-0.008061
0.099809
0.109691
0.038552
0.050274
0.007788
-0.088506
-0.049304
-0.001065
0.020175
0.031762
-0.000210
0.035746
0.070540
0.142026
0.082162
0.060116
0.065069
0.012083
0.050243
0.052384
0.012704
-0.029904
0.047055
0.058225
-0.058286
0.005320
-0.042386
-0.058720
0.141776
0.058812
-0.010669
0.017083
0.120895
0.071505
0.039769
0.085161
-0.012584
0.050488
0.029926
-0.009437
0.055694
-0.010408
0.087881
0.065045
0.051246
0.065389
0.076139
0.056701
-0.038297
0.029678
0.056552
0.003714
0.021205
0.031801
0.045202
0.035425
0.065883
0.112395
0.112924
0.019518
0.006163
0.001168
0.035272
0.065673
-0.011001
-0.023728
0.046788
0.051395
0.124004
0.054175
-0.013725
-0.020725
-0.000186
-0.019714
0.060479
0.060038
0.065035
0.053360
0.006524
0.143307
0.004981
0.023651
0.043694
-0.000348
0.049654
0.029413
0.066068
0.065537
-0.003564
-0.022580
-0.012629
0.035898
0.075678
0.090689
0.033479
-0.008168
0.001265
-0.043221
0.082644
0.033295
0.058420
0.099902
0.057556
-0.020985
0.011812
0.061282
0.037326
0.054280
0.054592
0.041288
0.080285
0.003220
-0.012045
0.045621
0.123388
-0.055724
0.010808
0.080397
-0.011850
0.024857
0.033098
0.126263
0.065376
0.042445
0.091164
0.104928
0.010616
0.057618
-0.017920
0.023783
-0.025017
-0.026908
-0.005228
-0.020914
0.044441
0.012939
-0.008501
0.025227
0.022059
0.005907
-0.000625
-0.007845
0.062998
-0.005482
0.144514
0.026952
0.017177
-0.036897
0.014855
0.012789
-0.004842
0.014954
0.002094
0.017107
0.041159
0.112857
0.065498
0.020827
0.063021
0.042814
0.035583
0.103004
-0.005518
-0.026670
-0.016771
-0.012187
0.001745
0.092796
0.014466
-0.020598
0.079247
0.089252
0.090593
0.068176
0.035606
0.114571
0.010972
0.077080
0.148243
0.057800
0.203645
0.147251
0.097901
0.133763
0.048513
0.041037
0.124998
0.105640
0.037917
-0.006690
0.027114
0.023833
0.046085
-0.031201
0.025408
0.005192
0.014571
0.059463
0.004014
0.038138
0.029267
-0.000042
0.031455
-0.055098
-0.053002
0.095757
-0.016968
0.000072
-0.035407
-0.027303
0.098856
0.022326
0.028915
0.018076
0.000704
-0.038969
0.061141
0.027946
0.018822
0.015211
0.009887
0.053280
0.016012
0.024078
-0.033168
0.021419
0.090337
0.082752
0.100407
0.117067
0.084644
-0.018230
-0.002743
-0.022803
0.008870
0.043394
-0.033848
-0.054279
-0.016815
0.053621
-0.085030
-0.055558
0.045284
-0.011255
-0.020024
0.066383
0.052114
0.067066
0.031209
0.111202
0.094729
0.022125
0.042277
0.071315
0.071535
-0.007332
0.051098
0.064378
-0.082068
-0.008941
0.025603
0.000314
0.029489
0.029485
0.042746
0.093499
0.011152
-0.014231
0.011059
-0.024077
0.009997
0.062384
0.018449
-0.024401
0.001956
-0.005461
0.012606
-0.011436
0.013235
0.111049
-0.015656
0.023498
0.029089
0.008898
0.058245
0.034919
-0.029435
-0.002128
0.023628
0.074317
0.120857
0.075429
0.000641
-0.013341
-0.050657
0.039452
-0.038356
0.061569
0.002733
-0.097389
-0.026997
0.012369
0.056907
-0.017969
0.002134
-0.016527
-0.021346
0.077316
0.057319
0.020742
-0.025547
0.041670
-0.026733
0.091767
0.051308
0.033314
0.086033
0.011955
0.036446
0.018814
0.082362
0.023745
0.061117
0.016650
0.012347
-0.014714
0.016155
0.036627
-0.040109
0.043005
0.034171
-0.094469
0.016903
-0.015310
-0.068586
0.159203
0.017216
-0.091485
-0.036051
0.000882
0.079931
0.019992
0.032980
-0.011286
0.121225
0.100884
0.076927
0.079139
0.037376
0.030835
0.030685
-0.029723
-0.058799
0.022805
0.044989
0.017457
0.081689
0.023578
0.019507
0.024031
0.100375
0.082353
-0.000681
-0.004650
0.056021
0.006149
0.005443
0.022923
0.005755
0.046202
0.003337
-0.045594
-0.009656
0.034308
0.096914
0.115627
0.027210
-0.030184
0.115707
0.018787
0.013450
0.070890
0.011166
0.073542
0.106448
-0.014804
0.101195
0.091048
-0.084505
0.068822
0.027330
-0.005023
0.003118
0.015605
0.023428
-0.098413
-0.041876
-0.040264
0.018258
0.044139
0.008897
0.024067
0.002817
-0.021041
-0.052468
-0.024806
0.037163
-0.010788
0.025632
-0.051902
-0.112944
-0.079000
-0.006233
0.049198
0.022284
-0.021123
0.009932
0.000473
-0.019822
-0.001083
-0.022613
0.061244
-0.019684
-0.035649
0.053509
0.057678
0.026830
-0.025142
-0.034012
-0.060972
-0.057705
-0.006134
0.022219
-0.006990
-0.086155
-0.045546
-0.000171
-0.090598
-0.078088
0.049728
-0.035729
0.054318
0.011085
-0.020751
0.089388
0.011084
0.064577
0.037089
-0.073098
0.065200
0.031057
-0.142851
-0.073458
0.022462
-0.080864
0.029323
0.016824
-0.071430
0.052387
-0.078979
-0.089803
-0.003771
-0.093210
-0.067650
0.039999
-0.003053
-0.038778
-0.036263
0.002535
0.010182
-0.014928
-0.067129
-0.004413
-0.001883
-0.110423
-0.117150
-0.035787
0.064602
0.016884
0.019244
0.039312
-0.011709
0.030820
-0.016016
0.021658
-0.001354
0.025355
-0.060558
-0.072404
-0.005953
-0.039496
0.069085
0.066842
-0.011921
0.081832
0.030056
-0.003432
-0.002338
-0.004703
-0.016548
-0.012200
-0.011430
0.001637
-0.045424
0.066198
0.050496
0.119378
0.137115
0.045167
0.011248
0.021472
0.086106
-0.054352
0.046661
0.076429
-0.034387
0.027138
-0.008657
0.003429
0.043566
-0.010777
0.013045
0.020376
-0.046709
-0.079446
0.053399
-0.025450
-0.097736
0.060988
0.080839
0.097887
0.085928
-0.031442
0.040967
0.036114
-0.000628
0.017115
-0.003955
0.063852
0.119454
0.113003
0.043116
-0.051125
-0.033808
-0.061648
0.094333
0.010944
0.085528
0.046966
-0.027571
-0.012417
-0.013751
-0.025538
-0.072635
-0.049512
0.038290
0.017837
-0.064437
-0.006004
0.058349
-0.028814
0.018346
-0.007080
-0.085486
-0.002510
0.043957
0.009112
0.078571
0.133097
-0.002396
0.032748
0.102725
-0.068577
-0.009873
0.041108
0.012134
0.104974
-0.013310
-0.025184
0.038580
0.037368
-0.010847
-0.025205
0.012533
-0.011674
0.060377
0.053549
0.058333
0.056416
0.050639
0.004690
-0.051292
-0.054185
0.000000
-0.012882
-0.006876
0.016997
0.025971
0.003670
-0.044962
0.039608
-0.026899
0.003602
-0.019195
-0.047517
0.004666
0.053245
-0.078039
-0.060320
-0.039368
-0.061650
-0.088366
-0.020772
-0.113269
-0.052512
0.045436
0.073119
0.054453
0.070349
0.065209
-0.026274
0.043979
-0.122633
-0.025862
0.027737
-0.008942
0.004027
0.063071
0.067507
0.056873
0.105450
0.039139
0.038388
0.035192
0.022660
0.027836
0.061810
0.013676
0.055976
0.012295
0.022409
0.013792
0.072587
-0.010688
-0.073833
0.015431
-0.077718
-0.013916
-0.076126
-0.003923
0.083412
0.050633
0.147606
-0.015948
0.038065
0.079338
0.012264
-0.044752
0.057376
0.053664
-0.018503
0.032592
-0.003414
0.040856
0.069221
0.051284
0.014470
0.033425
0.066002
-0.072865
0.033623
0.033607
0.004908
-0.034888
0.013643
-0.048310
-0.040797
0.019267
-0.032656
0.060847
0.035781
0.111048
0.054170
0.031440
0.113958
0.061763
0.039372
0.021794
0.070660
0.089517
0.024499
0.034254
0.041004
0.052967
0.111970
0.049754
0.082293
0.181315
0.035815
-0.014361
-0.007039
0.000265
0.128646
0.107824
-0.053953
0.116074
0.092741
0.052900
0.113538
0.055522
0.046807
0.054644
0.004782
0.075127
0.033883
-0.022997
0.022699
-0.095793
0.009824
-0.093064
-0.092018
0.063044
0.013205
0.031932
-0.035018
0.033716
0.022823
-0.072143
0.023583
-0.053772
-0.000498
0.075858
0.111256
0.013827
0.065787
0.018253
-0.040703
0.055226
-0.020233
-0.055357
-0.026514
-0.009671
0.070756
-0.053628
0.094799
0.060715
0.054296
0.051182
0.062701
-0.062201
-0.099564
0.109320
0.038575
0.053606
0.065189
0.026012
0.047910
0.128984
-0.022585
0.002807
0.006829
0.012648
-0.003902
0.039585
0.015012
0.001127
-0.084901
-0.000334
0.017545
0.044692
-0.027982
0.002684
0.049853
0.057412
0.057088
-0.017443
0.058885
0.121084
0.064005
-0.107794
0.012361
0.090229
0.002719
-0.020272
-0.008045
0.009355
0.043151
0.001429
-0.069119
-0.036107
0.030284
0.002252
0.026575
0.032925
0.060406
0.068931
0.003507
0.019568
0.122403
0.072638
-0.004031
0.085394
0.057652
0.071414
-0.008088
-0.030431
0.014742
-0.096479
0.029503
-0.019133
0.012476
0.093154
-0.046314
0.034208
0.026103
0.136845
0.016722
-0.023154
0.094531
-0.018155
-0.031410
-0.082903
-0.015006
0.053329
-0.050482
0.025231
0.094746
0.046963
-0.020587
0.060610
0.041208
0.057325
0.072407
0.024630
0.024132
0.060738
-0.004814
0.017312
0.079222
0.078304
0.064432
-0.004840
-0.009295
0.082351
0.022453
0.002549
-0.008676
-0.010322
0.099909
0.043924
0.031314
-0.014433
-0.061249
-0.012990
0.074219
0.026962
0.102014
0.026055
0.029338
-0.042076
-0.031360
-0.052700
-0.037480
0.076957
0.043538
0.020490
-0.007043
0.011331
-0.063831
-0.094876
-0.012100
-0.042347
-0.080281
-0.057868
-0.073017
-0.011916
-0.020188
0.096685
-0.004170
-0.028085
0.068096
0.006734
-0.016265
0.007844
-0.056649
0.031627
0.052823
-0.032567
-0.009207
-0.003785
0.065916
-0.057150
-0.054920
-0.016601
-0.033680
-0.066653
-0.006571
0.054552
0.022581
-0.004514
-0.015278
-0.061658
0.017053
0.004876
0.002098
0.077879
-0.008620
-0.049099
0.043573
0.039223
-0.024021
-0.043987
-0.043128
-0.028762
-0.022029
-0.012532
0.032475
0.051629
0.050492
-0.051189
-0.099038
-0.005257
-0.055188
-0.005506
0.034884
-0.017833
0.037011
0.125130
0.058354
0.042131
0.049509
0.013778
0.046739
0.078555
0.031868
0.040292
-0.007508
0.053606
-0.040885
0.014293
0.095053
0.002496
0.000797
0.065795
-0.045496
-0.019772
-0.000183
0.032265
-0.006614
-0.078322
0.010653
0.027615
0.093324
0.007200
0.011942
0.037682
-0.012682
-0.006233
0.040730
0.141085
0.123409
0.097400
0.099552
0.071830
0.022704
-0.008149
0.088158
0.062131
0.026929
-0.048992
0.032482
0.121961
-0.048809
0.014681
0.152869
0.013352
0.051551
0.073718
0.043726
-0.007353
-0.041408
0.033431
-0.001640
0.087727
0.077929
0.042452
0.062308
-0.012355
0.121251
0.162277
0.012574
0.054587
-0.020117
-0.072681
0.079739
0.052364
0.086014
0.023543
0.043352
0.104516
-0.056419
0.049372
-0.062560
-0.052640
0.064489
-0.027890
0.006649
0.083403
0.035537
-0.036970
-0.006124
-0.004089
-0.024150
-0.039828
0.038909
-0.010109
0.006547
0.038524
0.077612
0.124810
0.046421
0.095154
0.042773
0.009040
0.022661
-0.007144
0.011040
-0.070220
0.053121
0.178689
0.060534
-0.014423
0.010552
0.085027
0.053275
0.013008
0.020184
-0.026703
0.107352
0.112615
0.062240
-0.070075
-0.084062
-0.002260
-0.006327
-0.015493
-0.007918
-0.013913
0.042880
0.012712
0.069107
0.020415
-0.004033
0.063920
-0.028219
0.013896
0.132900
0.035970
0.014404
0.033399
0.032737
-0.007809
-0.018145
0.036922
0.032431
-0.046271
0.110975
0.001897
-0.047503
-0.039996
-0.000364
-0.020313
0.080496
0.057747
-0.002198
0.005626
0.106106
0.029522
-0.021651
0.054092
0.016597
-0.009846
0.016952
0.022558
0.021141
0.022564
0.043672
0.018126
0.060129
0.002850
-0.025917
-0.004825
0.024980
0.030492
-0.025696
0.037784
0.049523
0.063984
0.097383
0.046130
0.097667
0.133247
0.104840
0.060859
0.015577
-0.087019
-0.004602
-0.036611
0.011548
0.101107
0.053278
0.027622
0.042365
0.065625
0.054349
0.100012
0.035744
0.048278
0.033419
0.030884
0.057350
-0.024498
-0.073481
0.137046
0.069279
0.008023
0.001651
-0.000454
0.157516
0.020169
-0.022967
-0.021927
0.102643
0.151711
0.095768
0.103220
0.075015
0.007620
0.061160
0.011923
0.005252
0.028793
0.040389
-0.016624
0.055669
0.036403
0.046479
-0.039005
-0.145687
-0.005097
0.010261
0.066659
0.150474
0.048347
0.088665
0.064192
0.087116
0.013295
-0.039598
-0.022977
-0.040932
-0.056262
-0.007427
-0.011714
-0.030145
-0.020997
0.116660
0.140062
-0.005007
0.020248
-0.017960
-0.112668
0.000393
0.039139
0.011698
-0.081201
0.027096
0.035624
0.016583
0.085599
0.001222
0.036225
0.003149
-0.045716
-0.026004
0.010885
-0.032771
-0.004247
0.004798
-0.019231
0.018462
-0.043835
0.008846
-0.017588
0.026732
0.009280
-0.067819
0.081806
0.049245
0.101566
0.133148
0.006374
-0.008281
0.041319
0.066118
0.076982
0.048735
0.054135
0.026406
0.012540
0.017144
0.001574
-0.005391
0.087470
0.044528
0.029359
0.059249
0.077643
0.000641
0.066310
0.091327
-0.077443
0.019073
-0.020340
0.013053
0.067047
-0.036968
0.017579
0.095075
0.042269
0.018128
0.010323
0.009881
0.083897
0.105546
-0.072221
-0.045290
0.038427
-0.018361
-0.072104
-0.019507
0.036491
0.068683
-0.043453
-0.007609
0.003016
-0.020530
0.076354
0.009784
0.008875
-0.019477
0.036979
0.021298
0.026275
-0.012004
-0.032225
-0.067487
-0.007337
-0.018626
0.010961
0.021986
-0.018155
0.053185
-0.037606
-0.071962
-0.057818
0.052004
-0.061855
-0.025008
0.073537
-0.017811
-0.030104
-0.002181
0.022159
0.039563
-0.066031
-0.046282
-0.038210
0.006420
0.037622
-0.013764
0.013092
0.005912
0.015262
-0.032890
-0.002967
0.046325
0.010717
-0.048585
0.027828
-0.047610
-0.128983
0.006745
0.008408
0.041233
0.030395
0.077631
-0.009412
0.066832
0.073414
0.013739
0.052891
-0.082058
0.017428
0.066749
-0.013019
-0.045487
-0.061840
0.002112
0.049804
0.035013
0.027772
0.071272
0.079514
0.033586
0.070217
0.086591
0.021310
0.018388
0.002513
-0.017981
0.111859
0.080479
0.075494
0.077976
0.059015
0.077981
0.060954
0.048552
0.065298
0.044140
0.005647
0.016984
-0.033644
-0.056426
-0.028323
-0.124453
-0.052805
-0.019621
-0.062157
-0.058942
-0.005579
-0.030063
-0.080897
-0.012503
-0.064721
-0.034457
-0.040333
-0.033574
-0.015903
-0.047606
-0.008376
-0.059864
-0.011115
0.026202
-0.005083
-0.010213
-0.137408
-0.065096
0.053670
0.028820
-0.027308
0.007757
0.078009
0.073246
0.035922
-0.007858
0.067832
0.018521
0.027747
-0.024104
-0.031501
-0.014896
-0.002943
0.015042
-0.011337
0.057614
-0.041586
-0.036755
0.002245
-0.050048
0.010638
0.037450
0.003629
0.026524
0.040897
-0.012838
-0.105038
-0.043029
-0.029610
-0.000292
-0.035658
-0.005870
0.081933
0.058907
-0.022099
-0.014576
0.060602
0.034029
-0.001277
0.120584
0.008000
0.004174
0.069661
-0.003669
0.081617
0.040399
0.009207
0.061502
0.071947
0.035200
0.054054
0.022677
-0.016395
-0.000171
-0.041462
-0.075867
-0.031571
0.102469
0.019583
0.002372
0.079805
0.024059
0.034507
0.094179
0.082108
0.057057
0.086080
0.118988
-0.012558
-0.063881
-0.094726
0.003839
0.040349
0.017648
0.035828
0.005445
0.062211
0.051615
-0.049967
0.035038
0.017379
-0.011233
0.092166
0.055920
0.043130
-0.021260
-0.038677
-0.153749
-0.005022
0.012003
-0.039468
-0.056808
-0.061301
0.016908
-0.039154
-0.019560
-0.006293
-0.070060
0.015513
-0.049374
-0.075729
-0.032586
0.029937
-0.022024
-0.004332
-0.044738
-0.035257
0.103571
0.067844
-0.044366
-0.005161
0.039330
-0.007500
-0.061440
0.028843
0.040542
-0.052636
0.007029
-0.042624
-0.083277
-0.035990
0.025726
0.138472
0.045172
0.057908
0.051009
-0.027653
-0.012753
-0.030191
-0.082765
-0.025526
-0.050310
-0.039102
-0.028448
-0.062478
0.034889
0.110213
0.097268
0.056112
0.047623
0.118664
0.098929
-0.007952
0.044999
-0.017116
0.006552
-0.035890
0.067493
-0.060644
0.004780
0.071783
0.022096
0.047416
0.096357
0.044971
-0.009567
0.047828
0.036951
0.019546
0.011158
0.054250
-0.009053
-0.016952
0.103219
0.031964
-0.032865
0.019975
-0.104632
-0.031394
-0.004748
0.016264
0.023341
0.038351
0.034062
-0.029216
0.003516
-0.031062
-0.079023
0.037691
0.061289
-0.019601
0.020008
0.075847
0.055897
0.008218
0.052450
0.108146
-0.042415
0.013120
0.044378
0.029598
0.004721
0.071370
0.039842
0.158546
0.038220
0.002051
0.087253
0.004213
-0.011808
0.036915
0.038562
0.018176
0.081559
-0.021538
-0.009880
0.108899
0.064604
0.013396
0.098015
0.070025
0.039705
-0.015268
-0.060461
0.015439
-0.008437
-0.013314
-0.088744
-0.006712
-0.003184
-0.067918
-0.015404
0.065407
-0.062307
-0.026811
-0.038562
-0.004693
-0.107101
-0.130614
-0.005009
0.104331
-0.001699
0.083979
0.040844
-0.011208
-0.029873
0.018057
-0.032771
0.040716
0.034249
-0.011563
0.010047
-0.027444
-0.077430
0.030813
0.030535
0.091619
0.072024
0.062871
0.150379
0.084216
0.032585
0.042166
0.060661
0.041841
-0.008252
-0.007840
-0.024077
0.030251
0.000831
0.032290
0.029632
0.010753
-0.038157
-0.030626
-0.029830
-0.011794
0.034968
-0.033718
0.079599
0.070538
0.009824
0.024963
0.081964
0.040628
-0.012886
-0.062826
-0.006037
0.079267
0.037836
0.022444
0.042182
0.009540
0.001103
-0.034263
0.058921
0.020335
0.007921
0.008767
-0.036608
0.043994
0.012459
-0.005615
-0.027041
0.080900
0.071860
0.051277
0.041987
0.035020
0.045616
0.060032
0.068321
-0.008066
0.059212
0.046896
0.033251
0.008275
0.026108
0.107712
0.062433
0.063923
0.139289
0.053628
0.055642
0.037019
0.013038
0.018035
-0.008567
0.067549
-0.008078
0.058657
0.021761
0.076018
0.038577
0.002799
0.092579
0.037168
-0.052719
-0.017375
-0.008692
0.083308
0.052009
-0.048107
-0.000359
0.040502
0.054515
0.018243
-0.001133
-0.007061
-0.012839
0.051219
0.038903
-0.055153
0.067660
-0.051952
-0.068442
-0.012855
-0.061102
-0.032024
-0.075835
0.040281
0.110701
0.042694
0.036169
0.085106
0.034672
-0.000082
0.058578
-0.037444
0.012118
-0.010926
-0.097638
0.052644
-0.025141
-0.120689
-0.030959
-0.021046
-0.040748
0.030587
0.041236
0.066579
0.084444
0.031794
0.018059
0.039030
-0.020200
0.063369
0.042809
-0.021377
0.022269
0.078996
-0.010847
-0.025358
-0.012238
-0.020992
0.107513
0.074807
0.040788
-0.009800
0.058181
0.067698
0.010305
0.010387
0.003652
0.070488
0.077310
0.102946
0.033815
0.138757
0.056387
-0.006611
0.012962
0.016281
0.009784
-0.084957
0.073476
-0.006409
0.024470
0.089724
-0.038205
0.031246
0.001704
0.100154
0.094180
0.027216
0.073211
0.080443
0.026363
0.053453
0.039278
-0.000406
-0.073888
0.005791
0.066801
0.036081
0.111120
0.111513
0.124475
-0.002757
-0.010099
0.022934
-0.051716
-0.074894
0.007192
-0.047047
-0.053027
-0.088156
-0.004574
0.057063
-0.009735
0.070010
-0.033074
-0.060054
0.073834
-0.013584
0.037844
0.114945
0.055097
0.047503
0.111180
0.040404
-0.036246
0.077509
0.006113
0.001189
0.071651
-0.043614
0.025509
-0.004688
-0.036444
0.023261
0.020525
0.073609
0.014666
0.040758
0.081804
-0.008840
0.037443
0.022070
0.032912
0.084060
-0.019574
0.050086
0.021928
0.034825
0.050505
0.095666
0.024206
0.036840
-0.058285
-0.084545
-0.101970
-0.050276
-0.011252
-0.090074
0.049806
-0.056883
-0.016057
0.041458
0.061776
-0.062846
-0.035625
0.025346
0.007149
0.006686
-0.026774
0.032418
-0.037724
-0.169772
-0.058521
-0.038253
-0.020578
-0.044830
-0.086929
-0.030464
-0.051343
-0.058134
-0.095801
-0.063577
-0.070137
-0.089320
-0.073709
0.004175
0.091641
0.089511
0.090804
0.031291
-0.002741
-0.024030
-0.077028
-0.073441
-0.028709
0.015842
-0.016256
-0.048412
-0.045457
-0.041305
-0.045441
-0.002637
0.085567
0.067539
0.111984
0.042966
0.030583
-0.011455
0.049276
0.093325
-0.050834
-0.013699
0.006146
0.026158
0.052747
0.011043
0.079685
-0.132041
-0.030176
-0.005834
-0.064052
0.007825
-0.031658
-0.072408
0.060251
-0.052198
-0.019041
0.100265
0.075829
0.044366
0.096663
-0.008683
-0.038488
0.003610
-0.004550
0.000112
0.036266
0.061541
0.011504
-0.011193
0.041097
0.060319
0.060913
0.031133
-0.000187
0.063002
0.072954
0.114200
-0.086777
-0.057979
0.023493
-0.069477
-0.090714
0.034651
-0.008441
-0.082612
-0.035499
-0.141897
0.014707
0.036337
-0.057845
0.034320
-0.018039
-0.063104
0.027513
-0.021744
0.006841
-0.022554
0.024025
0.097605
0.071130
0.070611
0.097952
0.102846
0.053658
0.017453
0.014619
-0.004676
-0.016955
-0.027879
0.023016
-0.027031
-0.022242
-0.013770
0.071248
0.013679
-0.014914
0.027051
-0.038672
-0.032827
0.049470
0.085216
-0.013705
-0.037293
0.035546
-0.087511
0.004557
0.041868
-0.029997
0.000405
-0.053304
0.069355
-0.018591
0.027743
0.029357
-0.162694
-0.064276
0.031744
-0.050964
-0.053838
-0.014160
-0.080507
0.001944
-0.037643
-0.067104
-0.048317
0.006443
0.029640
-0.001903
0.078945
-0.011661
-0.027664
-0.028536
0.002383
-0.021461
0.004471
0.051452
-0.051711
-0.083126
-0.054878
0.003592
-0.029600
-0.057345
0.006187
0.038163
-0.053329
-0.025816
-0.022020
-0.050789
0.030894
-0.008613
0.008833
0.083671
0.013196
0.028089
-0.056141
-0.029057
0.072314
0.041736
0.014157
0.011254
0.037177
-0.056648
-0.085571
-0.009428
-0.009734
0.027199
0.076857
-0.007079
0.046501
0.026662
0.012596
-0.025106
0.010418
-0.073915
-0.021562
0.117199
0.045444
0.069913
0.106649
0.038132
0.024910
0.073763
0.055300
0.011133
0.075287
-0.000601
0.027888
0.044313
-0.054507
0.055626
0.022407
-0.015777
-0.001401
-0.001734
0.050783
-0.036633
0.042954
0.023383
0.024636
0.062179
0.010516
0.094456
0.018605
0.017840
0.169017
0.061092
0.116298
-0.021936
-0.000958
0.111167
-0.066004
0.052220
0.013779
-0.011516
0.061317
-0.046359
0.042079
-0.031939
-0.057047
0.033565
-0.068240
-0.004789
0.074756
-0.075455
0.020723
0.096533
0.009179
0.029317
-0.037298
-0.027700
0.006115
-0.017894
-0.001322
0.005851
0.047740
0.053207
0.014425
0.006762
-0.106871
-0.018061
-0.015695
-0.020659
0.066112
-0.039613
-0.003794
0.033206
0.029126
-0.010552
-0.114489
-0.044679
0.077804
-0.010631
0.053091
0.080964
0.004309
0.065953
0.027814
-0.026155
-0.012168
-0.014584
0.093514
0.027238
0.008083
0.032395
-0.030415
-0.028212
-0.118111
-0.066429
0.114624
-0.032025
-0.030786
0.006562
-0.027758
0.026289
-0.015932
-0.039678
0.044448
-0.022753
-0.009542
-0.037862
0.000707
0.139927
-0.004556
0.001939
0.004725
-0.002778
0.030357
-0.057991
0.022300
-0.029651
-0.008877
0.036107
0.030300
0.053147
0.002749
-0.003229
0.003245
-0.011616
-0.087518
-0.050912
-0.006771
-0.037028
0.004233
0.102238
-0.010483
-0.087843
-0.050499
-0.091818
-0.085332
-0.023103
-0.001687
-0.003607
0.008311
-0.020636
0.027297
0.038602
0.061792
0.055038
-0.035465
0.031461
0.091408
0.068113
0.064353
0.023607
-0.061814
-0.023313
0.016649
0.019618
0.047029
0.001649
0.012042
0.020569
0.035648
-0.055881
-0.034977
0.018069
0.009476
-0.034897
0.028327
0.023647
0.081969
0.073823
0.014069
0.032353
-0.029557
0.005984
0.013278
0.006510
0.048705
-0.008761
0.024485
-0.024437
-0.015333
0.041685
0.035751
0.015104
-0.031618
-0.013361
0.010001
-0.025963
0.049629
0.038628
-0.055913
0.043910
0.002118
0.007936
-0.001511
-0.182876
-0.090911
0.001515
-0.112517
-0.053836
0.007373
-0.044304
0.030952
0.002919
-0.024986
0.069924
-0.003393
0.008542
0.094338
0.005930
0.041441
0.065554
0.011080
-0.001631
-0.061196
0.011020
0.053319
0.020273
-0.010963
0.055286
0.039184
0.062451
0.039965
-0.004089
0.005662
-0.038931
0.088269
0.029018
0.070855
0.097928
0.039059
0.052751
-0.005666
-0.020305
-0.005375
-0.034284
-0.042747
0.008087
-0.003444
-0.030995
0.053294
0.048104
0.020067
0.081152
0.025543
-0.032065
0.006015
0.060375
0.009620
0.043108
-0.009656
-0.092942
-0.001474
0.054059
-0.023305
0.012277
-0.018827
-0.023387
-0.006347
-0.005293
-0.019910
-0.033795
0.004919
0.072254
-0.016999
0.031846
0.036717
0.014184
-0.034927
0.053681
-0.000473
0.066101
0.083001
-0.028807
-0.000758
0.087743
0.040225
-0.019932
-0.018801
0.083169
-0.044038
0.037624
0.058232
-0.034670
-0.055060
-0.024111
0.013472
0.011556
-0.000345
-0.043375
-0.042139
0.074944
0.038167
0.068111
0.116187
0.094098
0.050684
-0.054626
-0.068524
-0.036365
-0.046884
-0.009232
-0.001295
-0.024255
-0.014019
0.018859
-0.067093
-0.115671
0.042252
-0.048679
-0.124005
-0.064500
0.016431
-0.018649
-0.083707
-0.023189
-0.036527
-0.095499
-0.040945
-0.065494
-0.027818
0.058254
0.076850
0.069734
-0.011506
0.043070
0.062232
-0.018430
-0.000278
-0.011643
-0.056426
0.063676
-0.045161
-0.011109
0.016142
-0.053742
-0.080363
-0.056832
0.037464
0.075107
-0.011367
0.077797
0.074866
0.043791
0.118030
0.037407
0.112498
0.002660
-0.055525
-0.000744
-0.074651
-0.007591
-0.021238
0.062094
-0.001716
-0.037589
0.028992
-0.001236
-0.024308
-0.084753
-0.016395
0.013644
0.003211
0.013453
0.049768
0.056608
0.015029
-0.021803
0.065519
0.061554
0.007579
0.060246
-0.036008
-0.000049
0.025851
-0.019901
0.042879
0.079640
0.038154
-0.121228
-0.057858
0.017299
0.059017
0.044529
-0.024155
-0.124459
-0.008761
-0.074155
-0.077911
-0.120879
0.011904
-0.031594
-0.086731
0.041313
0.045586
0.119890
0.059931
0.005320
-0.108580
0.009462
0.003915
-0.088184
-0.007354
0.001585
-0.100170
-0.055298
0.024241
-0.052600
-0.040275
0.036000
0.000213
-0.009301
0.064925
0.044032
0.034206
-0.029206
-0.075553
-0.007147
-0.102503
-0.009182
-0.106353
-0.057326
0.039552
-0.025915
0.036730
-0.048499
-0.095159
0.028602
-0.030069
-0.108704
0.011089
0.149562
0.078434
-0.032459
-0.028832
0.015080
0.108588
0.145995
0.057161
0.103266
0.067173
0.046565
0.086091
-0.056751
-0.005547
-0.051681
0.036106
0.048384
-0.000443
-0.011669
-0.054255
-0.029601
0.015834
-0.053754
-0.059052
-0.079016
-0.024512
0.023962
0.004636
0.005977
0.019665
-0.022577
-0.016542
-0.060830
0.047039
-0.043753
0.002284
-0.021942
-0.014518
0.118898
0.055757
-0.065505
-0.062795
-0.002171
0.058796
0.061496
0.030877
0.059904
0.009440
0.020059
0.052269
-0.008845
-0.000064
-0.050296
-0.036839
0.002511
-0.034767
-0.053901
-0.040506
0.007979
-0.015854
0.045202
-0.039439
-0.006571
-0.028626
-0.091218
-0.023738
0.027088
0.037249
-0.019323
0.048015
-0.032186
0.017872
-0.018013
0.001914
0.061003
0.073695
0.037258
-0.068298
-0.071138
0.057770
-0.105681
-0.031873
0.044661
-0.068669
-0.025081
-0.026557
0.069503
-0.065391
-0.082727
-0.018387
0.009332
-0.003885
0.030744
-0.042828
-0.039982
0.020191
0.003170
0.024295
0.095665
0.021065
-0.080270
0.053164
0.071364
-0.076398
0.024477
-0.003645
-0.066439
-0.042299
0.025241
0.108292
-0.023895
-0.003452
0.034738
0.002695
-0.021717
0.019505
-0.094279
0.001483
0.070519
0.143984
0.057803
-0.020873
-0.015579
-0.085749
0.003914
0.019232
-0.006119
-0.055030
0.061166
0.004140
-0.086365
-0.041586
0.028478
0.022797
0.038212
0.061068
-0.045393
0.024573
0.116267
-0.021245
0.049080
0.013625
-0.044542
0.003814
0.108911
0.003267
-0.027628
-0.099939
-0.015262
0.057757
-0.012790
-0.016054
0.080128
0.005358
0.060299
0.002983
0.021561
0.009507
-0.018170
0.037541
0.064836
0.038264
0.018586
0.062155
0.059372
-0.040440
0.010570
0.040350
0.070999
0.003736
0.009933
0.019749
0.011779
0.101178
0.116886
0.049570
0.015698
-0.019765
-0.071049
-0.051033
0.054604
-0.079276
-0.063088
-0.075328
0.038559
-0.010378
-0.087094
0.060524
-0.024056
-0.072886
0.031171
-0.019934
-0.051462
0.025740
0.035772
-0.016528
-0.039654
-0.024627
-0.024822
0.069690
-0.001353
-0.003715
-0.003884
-0.047253
0.070773
0.089794
-0.003681
-0.003335
0.063572
-0.000324
0.027735
-0.011600
-0.013738
0.065435
0.049719
-0.026745
0.078211
0.016298
-0.049510
0.010219
0.059434
0.037542
0.133375
0.002665
0.028209
-0.029624
-0.051039
-0.070584
0.028329
0.092834
0.023915
0.043389
0.027090
0.026334
0.065557
0.138917
0.061734
0.101492
0.007904
-0.003901
0.014311
0.060076
-0.014808
-0.006250
0.011204
-0.087630
0.025009
0.045907
-0.026933
-0.030642
0.015593
0.025266
-0.006238
-0.077910
0.029827
0.081107
-0.056980
-0.032912
-0.001697
-0.069421
-0.010751
-0.013048
-0.071441
-0.039135
-0.081326
-0.017174
0.043542
-0.036720
-0.006854
0.059998
-0.052353
0.075055
-0.008916
-0.036000
0.069769
0.078180
0.035216
-0.054241
0.092780
0.038237
0.033976
0.019982
0.068153
0.057860
0.024529
0.004358
0.014254
0.035815
0.013926
0.010965
-0.061337
-0.058604
-0.050722
0.016937
0.036308
0.059618
0.048364
0.043074
0.028256
0.014413
0.044198
-0.029139
0.048126
0.042015
-0.019958
-0.032637
-0.114990
-0.057259
0.051291
0.011206
-0.060804
-0.022430
-0.100214
-0.007258
-0.045615
0.062222
0.106862
0.014861
0.085588
0.020348
0.013483
0.050265
-0.008647
0.083149
0.113535
0.097771
-0.025593
-0.003124
0.092612
-0.036106
0.018375
0.072440
0.037858
0.106243
0.064509
0.014632
0.036519
-0.036512
0.012396
0.078052
-0.008272
-0.061522
-0.012286
-0.018218
-0.022865
0.059949
-0.089297
-0.083601
0.031197
-0.085016
-0.054052
-0.067614
-0.044090
0.056562
0.007073
-0.102981
-0.124320
-0.008082
-0.053138
-0.029748
0.153802
0.040475
-0.024795
0.011700
-0.021300
-0.077477
0.039981
-0.037882
-0.002310
-0.004909
0.025688
0.025654
-0.011690
0.001956
0.085671
0.003371
-0.133632
0.051957
-0.035900
-0.156499
0.034556
-0.071982
-0.107464
0.059053
-0.067034
-0.078757
0.058778
-0.054343
0.011667
-0.010953
-0.038727
0.026501
-0.044033
-0.018352
-0.056609
-0.109558
-0.030187
-0.026876
-0.012252
0.007438
-0.074217
-0.064807
-0.121376
0.020747
-0.008009
0.033558
0.084255
0.016233
0.060852
-0.022302
0.071339
-0.072731
-0.064796
0.120523
-0.043883
-0.019327
0.038519
0.042888
0.032755
0.051080
0.013015
-0.046527
0.026269
-0.025364
0.089052
0.018544
-0.085047
0.017059
0.011243
-0.014850
0.014434
-0.061106
-0.070959
0.057329
0.063193
-0.032917
0.022118
0.123537
-0.029772
0.058506
0.063100
-0.018095
-0.010244
0.028762
-0.068914
-0.083078
-0.013275
-0.086508
-0.067736
0.111426
0.023756
-0.050093
-0.043310
-0.059337
-0.038302
0.017823
-0.033424
0.062502
-0.028128
-0.053877
0.070828
-0.049962
-0.061171
-0.026161
-0.054993
-0.030113
0.020696
0.006711
0.021173
0.067156
0.010808
0.014763
-0.020870
0.056400
0.039926
-0.008994
0.093015
0.021262
-0.025689
-0.054328
-0.034935
0.014986
-0.037111
0.025186
0.063257
-0.037093
-0.105847
0.055176
-0.015662
-0.014448
-0.026479
0.048217
0.082587
0.008771
0.012989
0.039465
-0.023001
-0.026680
-0.002959
-0.006100
0.050877
0.071259
-0.120582
-0.144013
-0.102576
-0.072334
-0.021671
0.066707
0.048014
0.064864
0.088928
0.076262
0.046417
0.023714
0.037017
0.019276
-0.026577
-0.092160
0.051387
0.041226
0.012432
-0.059819
0.046750
-0.030918
0.001621
-0.004265
0.018134
-0.078332
0.014163
0.032585
-0.065416
0.068178
0.027024
0.078816
0.035367
0.014462
0.067002
-0.032466
0.016169
0.093826
0.004045
0.071153
0.053911
0.067155
0.049987
-0.073314
0.016547
0.117535
0.008403
-0.004821
0.030306
-0.050242
0.012630
0.002477
0.036982
0.035824
-0.010456
-0.064121
-0.014965
0.005769
0.056482
0.010382
-0.058987
0.023564
-0.041071
0.048372
0.072576
-0.028479
-0.029211
0.020622
0.008517
-0.003428
0.031105
0.001729
0.038943
0.031682
-0.050115
-0.068413
-0.030512
0.078030
-0.059823
0.024602
0.050370
0.016564
0.034678
-0.006062
-0.043938
-0.029889
-0.073865
0.027588
-0.022624
0.048258
-0.020710
-0.010243
0.090966
0.034705
-0.056948
0.014414
-0.009300
-0.098490
-0.061590
-0.004184
-0.032314
-0.055554
-0.041596
-0.027590
0.032789
0.025283
-0.072978
0.009527
0.026504
-0.072031
-0.053295
-0.045903
-0.001738
-0.014703
-0.052093
-0.004637
0.095841
-0.058401
-0.028927
-0.025029
-0.083613
-0.033971
-0.002761
-0.051446
-0.001300
0.040570
-0.016490
-0.048869
-0.065172
0.040875
-0.028472
-0.003201
0.011061
-0.011374
-0.028703
-0.078930
0.035472
-0.010947
-0.003876
0.052356
-0.058429
-0.004614
-0.013952
-0.035513
0.013479
0.018968
0.030009
0.051116
0.016645
-0.006629
0.085568
-0.040426
-0.038964
-0.041079
-0.000600
0.052717
-0.069788
-0.057083
-0.035653
0.030644
-0.021162
-0.097502
0.068324
0.010564
-0.013684
0.002595
-0.094547
0.010308
0.051428
0.029617
0.021859
-0.097077
-0.069052
-0.062448
0.033745
0.024417
-0.044840
0.029851
0.065410
0.032160
-0.009333
0.041332
-0.005985
0.068500
0.108084
0.037795
0.033554
0.006342
0.041430
-0.001874
0.018741
-0.018316
-0.084486
0.053435
0.034394
-0.124854
0.009322
-0.027089
0.016959
-0.014409
-0.017808
0.055230
0.057965
-0.008947
-0.003136
0.025309
0.020608
-0.023179
0.008926
-0.011546
-0.017338
0.005773
-0.002195
0.038416
0.051963
-0.032160
0.039015
-0.026961
-0.083418
0.015046
-0.030966
-0.017741
0.001356
-0.054493
-0.054989
-0.104514
-0.084255
0.007156
-0.001357
0.019202
-0.017186
-0.020200
-0.004342
-0.003322
0.004634
-0.055063
0.024879
-0.003682
-0.007623
-0.042889
-0.004370
0.012382
0.027563
0.034698
0.000007
-0.038753
0.037213
0.040918
-0.046894
0.032099
0.028381
-0.058746
-0.135101
-0.000606
-0.065966
-0.024065
0.092210
0.044492
0.017661
0.032573
-0.010092
0.058892
0.054386
-0.090828
0.053882
0.064838
0.021078
0.042423
0.004555
0.005656
-0.009989
-0.022699
-0.018075
0.034745
-0.052567
-0.076111
0.046593
-0.009717
0.051650
0.036496
0.053285
0.101140
0.047449
0.135661
0.097169
-0.033651
0.059285
0.031966
-0.075617
-0.005746
0.046685
0.040542
0.016681
-0.004673
-0.008540
-0.036126
-0.028649
-0.045729
-0.077899
-0.058380
-0.002689
0.017553
-0.033631
-0.035163
0.110138
0.009147
0.001376
0.012202
0.096691
0.039600
-0.010585
0.020102
-0.010074
-0.023100
-0.031225
-0.114554
0.062394
-0.026001
-0.096885
-0.065435
0.068566
-0.006140
-0.055188
0.019592
0.038216
0.011864
-0.038368
0.040457
-0.001706
-0.001571
-0.001026
-0.013317
-0.051378
-0.029483
0.127821
-0.012680
0.014008
0.077002
-0.029043
0.006946
0.089661
0.121112
0.120878
0.055680
-0.044618
-0.014735
0.133333
0.040444
-0.027929
0.050301
0.026459
0.056775
-0.011750
0.100500
0.042040
-0.017088
0.026728
-0.014735
0.058467
0.028264
0.015121
0.009130
0.016842
0.011065
-0.032835
0.013799
-0.064778
0.045483
0.088586
0.019686
0.094688
-0.023687
0.049431
0.047918
0.038298
0.044871
-0.048072
-0.001544
-0.083246
-0.012960
-0.068598
-0.057616
-0.085562
-0.036614
0.062288
0.028926
0.016172
0.004465
-0.051368
0.062419
-0.009417
-0.007988
0.063045
0.006691
-0.030017
0.026377
-0.005148
-0.038344
-0.025691
-0.043076
0.048863
-0.038266
-0.061184
-0.065638
0.038475
0.043500
-0.022531
-0.028056
-0.032234
0.002662
-0.080301
-0.046752
-0.058950
-0.032069
-0.023861
0.011664
0.075261
-0.085853
0.040001
0.161909
-0.017260
0.067137
0.046567
0.062829
0.095093
0.078085
0.067894
0.054569
-0.023614
0.027767
0.038575
0.044786
-0.036428
0.004720
0.160379
0.067369
0.009307
0.026725
-0.001577
-0.000794
-0.027058
-0.026107
0.003318
0.063518
-0.000090
0.045053
0.037947
0.057047
-0.010523
-0.024461
-0.005800
-0.021987
-0.018906
0.089028
0.025178
0.039610
0.042337
-0.021773
0.072289
0.074983
-0.040618
0.107072
0.044752
0.080861
0.027979
0.061990
0.048680
-0.043432
-0.022914
-0.096565
0.010630
-0.028358
-0.073026
-0.079758
-0.008154
0.070052
0.014407
-0.022642
-0.010442
0.050173
-0.046807
-0.038793
0.062724
0.034380
0.034099
0.005867
0.038829
-0.002895
0.096264
0.063830
0.000241
0.026535
-0.029978
-0.010636
-0.016119
-0.040158
0.038575
0.074173
0.014176
-0.019911
0.008320
0.042824
-0.020066
0.004408
0.035440
0.003762
0.032984
0.020270
0.006168
0.022268
0.033845
-0.039204
0.026646
0.069506
0.022090
0.047578
0.047475
0.060980
0.023603
0.018600
0.082870
0.047756
0.064412
0.094375
0.096017
0.013445
-0.006027
0.063889
0.020652
0.032320
0.013347
-0.029393
0.044367
-0.015196
0.025332
0.010739
0.077983
0.002744
-0.102441
0.067354
0.024972
-0.014136
0.014671
0.013494
-0.028924
0.029839
0.056743
0.051989
0.058574
-0.019187
-0.021170
-0.029987
0.009912
0.063740
0.021272
0.062953
0.085946
0.043280
-0.006108
0.067400
-0.003387
0.007707
0.063702
0.042404
0.025595
0.002378
0.045574
0.028203
0.038812
0.048628
-0.129535
-0.058365
0.000674
-0.063865
-0.031278
0.029048
0.055285
0.030166
0.075384
0.018694
-0.025500
0.100331
0.017518
0.045189
0.044968
-0.104616
0.049615
0.012299
-0.129131
-0.030262
0.023676
-0.022375
0.066666
-0.013950
-0.041125
0.004063
0.040348
0.088991
-0.006150
0.012408
0.046413
-0.003451
0.019962
0.020504
0.001734
0.042559
0.040679
0.024162
-0.000499
0.045911
0.079130
0.077603
0.074465
0.042951
0.029774
0.065058
0.074199
0.016891
0.006051
0.059138
0.002110
-0.021740
0.024717
0.040892
0.024428
0.020460
-0.018417
-0.081353
-0.035129
0.048891
0.014278
-0.048946
-0.020404
0.074621
-0.014458
-0.012709
0.028080
-0.000311
0.052192
0.022227
0.031006
0.020774
0.020893
0.004867
0.010250
0.013815
-0.031160
0.004973
0.010229
0.018552
0.058748
-0.053116
-0.025128
0.041277
0.038752
0.114124
0.074624
0.009485
0.049569
-0.071495
-0.021608
0.022780
-0.029514
0.065874
0.009754
0.000016
-0.045623
-0.053634
0.005329
-0.072084
-0.024018
-0.035701
-0.081826
0.081916
0.030863
0.048968
0.080833
-0.015335
0.011163
0.019563
-0.011851
0.000445
0.028370
-0.054519
0.017436
-0.037751
-0.137835
-0.001101
-0.076349
0.090920
-0.006702
0.011966
0.078511
0.092109
0.062403
0.062289
0.021557
0.030382
-0.004336
0.020295
0.026084
0.060616
0.066712
0.019675
-0.046031
0.054409
0.120494
-0.039058
-0.011766
-0.028203
0.067186
0.036516
-0.034988
0.048981
0.029139
0.102800
0.054827
0.055377
-0.005497
-0.083676
0.009620
0.063476
-0.067707
-0.025476
-0.027911
-0.075940
0.003422
0.057077
0.067953
-0.031631
-0.004584
0.058597
0.030249
0.008327
0.032681
-0.001135
0.032686
-0.051839
-0.035063
-0.060648
-0.042943
-0.047312
-0.042423
0.014800
-0.030099
-0.069567
-0.041076
0.035878
0.103438
0.064371
0.002744
-0.062019
0.009146
-0.037393
-0.002719
0.073415
-0.014810
0.102444
0.106293
-0.062022
0.029999
-0.017480
-0.013191
0.049682
0.018574
0.014431
0.019260
0.037531
-0.044368
-0.019339
-0.101037
-0.022346
-0.043398
-0.036333
-0.034890
-0.004831
-0.039376
0.017550
-0.018327
-0.053980
-0.045592
-0.046981
-0.022636
-0.032867
0.004478
0.011434
-0.003435
0.020281
0.048909
0.006346
-0.016554
-0.026060
0.037093
0.087931
0.075405
0.032141
0.063102
0.042931
-0.014201
0.018201
-0.019068
-0.001644
-0.042173
-0.032646
0.011262
-0.032892
0.001102
-0.008932
0.118703
0.085949
0.068452
0.006873
0.034292
0.040633
0.090291
0.022025
-0.082864
-0.043197
-0.041063
-0.125963
-0.018134
0.046413
-0.004828
0.074903
-0.055049
0.047534
0.009969
0.025869
0.069049
-0.096170
0.105063
0.044208
-0.071436
0.058989
-0.017274
0.060296
0.029044
-0.068083
0.004092
0.070650
0.067894
0.025001
0.003226
-0.021479
0.005597
0.058745
0.074840
-0.018352
0.092998
0.098953
-0.028749
0.078315
0.062752
0.073624
0.047451
-0.003491
0.052136
0.012428
-0.045116
-0.041515
0.069377
0.044955
0.022870
-0.068517
-0.009100
0.047881
-0.020193
-0.022931
-0.010958
-0.046518
-0.075543
-0.010714
0.068414
0.019635
-0.031698
0.045999
-0.076163
0.015594
0.001648
-0.038554
-0.002985
-0.062416
0.046348
0.094264
-0.078620
0.037746
0.057904
-0.031278
-0.024951
0.018596
-0.032399
0.001016
-0.017459
-0.001550
-0.056810
-0.094441
-0.097032
0.020262
0.071784
0.107460
0.024309
-0.000026
-0.003925
-0.036279
0.030404
0.045347
0.080177
0.056395
0.000790
0.062268
0.059535
0.051285
0.026653
0.072908
0.055466
-0.011462
-0.083487
-0.118127
-0.041158
-0.081816
0.012516
0.103027
0.019862
0.059743
0.026322
0.079326
0.040216
0.019839
-0.013485
-0.038401
-0.009584
0.028404
-0.006823
-0.084250
-0.077025
-0.053619
-0.030185
-0.047049
0.015024
0.004798
-0.022495
-0.062190
-0.043009
0.058535
0.043142
-0.052051
-0.011342
0.020469
-0.034580
0.001639
-0.069366
-0.094157
-0.010315
-0.010781
-0.035128
-0.083680
0.039409
0.066566
-0.100938
-0.033262
0.028358
-0.011201
0.027645
-0.008248
-0.003590
-0.038124
0.051014
0.010778
-0.043716
0.020305
-0.033332
-0.039573
-0.005784
0.018185
0.091569
0.060962
0.054189
0.037297
-0.027036
0.019541
0.008782
0.044401
-0.047096
-0.065177
0.009535
0.037574
0.037112
-0.018063
0.053894
0.097611
0.109578
0.080693
0.044080
0.036785
-0.003978
-0.000863
-0.023409
-0.020712
0.061003
-0.001562
0.009194
0.073153
0.047607
0.065268
-0.046983
-0.035380
0.006880
-0.055290
0.019408
-0.004158
-0.010509
-0.039047
-0.079803
-0.091763
0.015491
0.036795
-0.022179
0.027561
0.013987
0.054583
0.052982
0.010243
0.024636
0.117382
0.070404
0.031671
0.025746
-0.020967
-0.040329
0.053168
0.056739
0.025693
0.060578
0.021174
0.029896
0.040708
0.063644
-0.063467
0.022084
0.033183
-0.088233
0.006145
0.011552
0.024379
-0.001921
-0.071099
0.024893
0.047211
0.045816
0.084445
0.005788
0.039805
0.019525
0.034705
0.111151
0.081248
0.053070
-0.051585
0.049566
0.027918
0.081095
0.056714
0.083912
0.044178
0.066552
-0.040549
-0.025393
-0.002960
0.056374
0.059563
0.095031
-0.018554
-0.038709
-0.000683
-0.050211
0.023073
0.030151
-0.050961
0.022185
-0.038326
0.069284
-0.034767
0.060837
0.006585
0.016039
-0.026767
-0.015526
0.076574
0.020479
-0.011558
0.064701
-0.045660
-0.074451
-0.019238
-0.018608
-0.087713
-0.031861
0.047134
-0.040456
-0.081017
0.043881
0.032135
-0.057927
-0.028145
-0.001105
-0.000330
-0.043633
0.031954
-0.010626
-0.026779
0.047837
0.015972
0.058615
-0.060441
0.021096
0.004987
0.055852
0.110865
0.006340
-0.007140
0.040117
0.065026
0.024962
-0.000529
-0.014482
-0.058945
0.039919
-0.012081
0.032613
-0.038804
-0.010378
-0.008520
-0.053800
0.018615
-0.047665
-0.009924
-0.033598
0.047586
0.055928
0.031342
0.031722
0.053479
-0.008986
-0.037532
0.006207
-0.002675
-0.042765
0.001422
0.064771
0.057574
0.032896
-0.025228
-0.043657
0.020653
0.070199
-0.016679
0.056090
0.032250
-0.039673
0.043836
0.018959
-0.005243
-0.042782
-0.052754
0.020376
-0.044845
-0.027622
0.076509
0.007284
0.115016
0.073171
0.061733
0.095922
0.048234
0.090725
0.119815
0.006916
0.015821
0.063152
0.034213
0.006672
0.008175
-0.033507
0.011424
0.052301
-0.029365
0.003794
0.071529
0.001718
-0.000173
0.011998
-0.026318
0.026126
0.046800
-0.008458
0.076603
-0.004506
-0.047803
0.003909
-0.051642
-0.014975
0.010916
-0.047613
0.046067
0.102160
-0.039690
0.045751
-0.060808
-0.083285
-0.047066
-0.092570
0.047396
0.023089
0.098101
-0.041969
-0.030452
-0.050069
0.026503
-0.017330
-0.032869
-0.004499
-0.061669
-0.005136
0.056782
0.039728
-0.033234
0.090697
0.036419
-0.077035
-0.035342
-0.050531
0.013177
0.053913
0.076261
0.046865
-0.024775
0.109101
0.012921
-0.034889
0.015238
-0.018153
-0.036172
0.005243
0.026488
0.047247
0.033725
0.023743
0.057544
0.017642
-0.003924
-0.058488
-0.044360
-0.084423
-0.048723
-0.015349
-0.089479
-0.005739
-0.001458
0.023318
-0.001274
-0.065369
0.051942
-0.009111
-0.005125
-0.015988
-0.065141
0.012153
0.036554
-0.106813
0.049552
0.082959
0.019789
-0.020856
0.073734
0.055753
0.031662
-0.026970
-0.017623
-0.021495
-0.078566
0.035869
-0.020683
0.055384
-0.019831
-0.009466
0.033979
-0.022678
-0.061586
-0.016285
0.053437
-0.014260
0.059031
0.021856
0.125020
0.144353
0.003945
0.083805
0.063581
0.165130
0.085066
0.043505
0.082581
0.032482
-0.023283
-0.015770
-0.089912
-0.025359
0.021563
-0.007710
-0.070611
-0.025252
0.046809
0.084022
-0.045832
-0.059885
-0.111788
-0.058859
0.066274
0.064962
0.074686
0.035253
-0.055732
-0.021615
0.000249
-0.032912
-0.017606
-0.064774
-0.065418
-0.049836
-0.065095
0.034429
0.001684
-0.060390
0.018049
0.043775
0.004717
0.037944
0.019492
0.060609
-0.042588
0.021255
0.040085
-0.056933
0.093140
0.088506
-0.035097
0.034076
-0.027976
-0.017111
-0.051861
-0.053046
-0.052788
0.022758
0.065552
0.004858
0.078365
-0.059606
-0.005731
-0.045622
-0.009168
-0.068475
-0.011870
-0.040542
-0.025772
0.059847
-0.015248
-0.037659
-0.098493
0.012521
0.054369
-0.013891
-0.006630
-0.017920
0.016510
0.006893
0.032259
0.029749
-0.013387
0.051894
0.140194
0.094876
-0.038930
-0.029522
-0.007676
-0.004367
-0.041867
0.031761
-0.034809
0.001265
0.022395
-0.068185
0.100696
0.130458
0.059702
0.012872
0.004132
-0.024588
0.058959
0.024812
-0.059979
0.036769
0.062397
0.025301
0.028722
-0.000474
0.008699
0.075782
0.053614
0.072662
0.099666
0.022613
0.124627
0.034762
-0.001267
0.097922
-0.084584
-0.079483
-0.080575
-0.078474
0.035706
-0.078675
0.014686
0.043502
-0.086324
0.070811
0.044875
-0.011905
0.096862
0.042881
0.059186
0.040686
0.079576
0.080601
0.033416
0.163294
0.083737
0.029508
-0.037398
-0.056031
-0.039937
-0.020419
-0.022003
0.030012
-0.039911
0.004941
0.016135
-0.006393
-0.010556
-0.043964
0.017663
0.023451
-0.040684
0.015268
0.027556
-0.041725
0.017354
0.038244
-0.023703
0.032922
0.057524
0.063338
-0.011065
0.042369
-0.024059
0.077330
-0.002076
-0.115022
-0.004168
0.008947
-0.093257
-0.009045
-0.007198
-0.019365
0.023714
0.039085
0.046390
0.012439
-0.051886
0.077370
0.091407
-0.045035
0.016796
0.050729
-0.113509
-0.071785
-0.054230
-0.001057
0.076998
0.030451
0.022567
0.053630
-0.012793
-0.001573
0.078901
-0.043019
-0.010830
0.078008
0.025119
0.054384
-0.016407
0.081238
-0.074588
-0.002387
-0.029983
-0.086226
0.008715
0.048155
0.118330
0.030944
0.002049
0.090943
0.026356
-0.046545
-0.077158
0.040281
0.031844
0.038717
0.083628
-0.026498
0.056320
0.035106
-0.013456
0.063212
0.007398
-0.001192
-0.023234
0.034714
-0.033688
-0.015749
0.053684
0.027880
0.012748
0.008183
0.030676
0.078310
0.051101
0.004968
0.002898
-0.025232
-0.064534
-0.041289
0.081627
0.011176
0.038801
0.046803
0.065315
0.125547
0.006029
-0.003715
0.015654
0.022195
0.063030
0.056399
-0.048911
0.018260
0.021930
-0.078150
0.040613
0.010439
0.119601
0.044377
0.002025
-0.001618
-0.041465
-0.028402
-0.035414
0.045422
0.002865
-0.011554
-0.038878
-0.009713
-0.020985
0.032721
0.010288
0.101260
0.089179
0.001062
0.004479
0.027910
0.096096
0.021739
0.042791
-0.023063
0.025734
0.026681
0.051986
-0.004241
-0.012721
-0.004046
0.049474
0.001375
0.021129
0.027719
0.070014
-0.011895
-0.005553
-0.013238
-0.126495
-0.023020
0.008657
0.084693
-0.010544
-0.031381
-0.000331
-0.058613
-0.068571
0.008786
0.073680
0.076207
-0.005203
-0.017824
-0.072352
-0.021678
-0.001553
-0.043302
-0.027217
0.035550
0.055819
0.060343
-0.064938
-0.017531
0.065077
-0.040577
-0.016807
-0.033165
-0.001333
-0.091995
-0.040450
0.065447
-0.037113
-0.063831
-0.021100
-0.037381
-0.023219
-0.028591
-0.039252
0.000134
-0.010357
0.079138
0.152811
0.000400
0.037850
-0.010637
-0.066556
-0.062202
-0.151299
-0.038510
-0.006754
-0.006902
-0.034218
-0.035534
0.025732
-0.060955
0.004499
-0.008056
-0.017369
-0.036868
-0.001224
0.017074
0.008123
0.046620
-0.001835
-0.008055
0.025436
-0.005904
-0.173420
-0.008241
0.048897
-0.017831
0.026196
-0.018822
-0.010644
-0.018726
-0.030689
0.069807
-0.056541
-0.069398
0.074772
-0.029447
0.005752
0.001385
0.038979
-0.012493
-0.043192
-0.005606
0.015788
0.111299
0.072469
-0.043470
-0.088707
-0.022545
0.024514
0.006954
0.053755
0.032134
0.048679
0.092573
0.050823
0.010397
0.037051
0.045669
0.003140
0.006918
-0.051974
-0.098191
0.011612
0.039163
-0.056802
0.095176
0.014002
0.007596
0.022311
-0.029415
0.015782
-0.090829
-0.052842
0.077762
0.075078
0.110178
0.114793
0.103289
0.062857
0.091764
0.083345
0.027835
-0.008468
0.054434
0.034054
-0.035413
-0.054751
-0.037671
0.003412
0.009578
-0.035225
-0.052927
-0.055363
-0.038817
0.014936
0.047473
0.015448
0.036487
0.063189
-0.063172
-0.031617
0.049458
0.056170
0.002166
-0.026217
-0.049600
-0.056456
0.015039
-0.010188
0.013245
0.033331
-0.072812
0.026621
0.078554
0.057747
-0.053194
-0.022371
0.020343
0.012655
0.006875
0.055572
-0.098266
-0.032990
-0.034407
-0.002934
0.007607
-0.035211
-0.044056
-0.066216
-0.048721
-0.064294
-0.002872
0.027558
-0.013008
-0.033471
-0.091423
-0.059390
-0.046833
-0.043850
0.028218
-0.075504
-0.068271
0.061217
0.012253
-0.028760
-0.021012
-0.048721
0.014331
0.036841
0.062746
0.088722
-0.088687
0.036712
0.048685
0.035762
-0.043047
0.041905
0.019222
0.060138
-0.054598
-0.002741
-0.020146
-0.092982
0.009473
-0.049823
-0.029437
-0.018158
-0.013051
0.019462
0.019279
-0.015633
-0.028003
0.012282
-0.006531
-0.005297
-0.018017
0.059746
0.041674
0.058079
-0.008642
-0.073492
-0.052131
-0.071755
-0.140469
0.047930
0.071080
-0.022614
0.003954
-0.027249
0.076251
0.075567
0.069229
0.103004
0.012130
-0.014776
0.027738
0.029394
-0.011330
0.027566
0.028099
0.076723
0.053236
0.018674
0.032651
-0.009346
-0.044611
0.012721
0.073072
0.089555
0.091987
0.070925
0.060525
0.001680
0.063971
-0.014930
0.024003
0.004104
-0.031457
0.064076
0.036612
0.030511
0.023863
0.033981
0.003082
-0.064258
0.068554
0.017696
-0.015852
-0.030825
0.004277
0.010628
0.132118
0.099411
-0.004039
-0.015110
-0.044260
-0.007530
0.026236
0.009718
0.016837
-0.069094
-0.059273
0.106057
0.121547
-0.040091
-0.010042
0.055188
0.018904
0.052435
-0.044190
-0.025518
0.001543
-0.040459
0.111890
0.050951
0.074491
0.064900
0.009031
0.073236
-0.114309
-0.074305
-0.044024
-0.016907
-0.009925
-0.033988
0.022802
0.008535
-0.105368
0.125817
0.013764
-0.057286
0.015242
-0.023609
0.052293
-0.055888
0.061720
0.095228
0.020561
0.143252
-0.019061
0.098017
0.070297
0.024181
0.134367
0.030843
-0.016336
0.066987
0.051999
0.054559
-0.001445
-0.073035
0.012385
-0.068830
-0.049402
0.000941
-0.056178
-0.059659
-0.091122
0.027432
0.091464
-0.026930
-0.021209
-0.092893
0.026480
0.011800
-0.124608
-0.024916
0.080794
0.049899
0.079258
0.053814
-0.023109
0.055725
0.028362
-0.002196
-0.003008
-0.003151
0.048632
0.007633
-0.053361
0.110403
-0.006193
0.048713
0.018322
-0.055633
-0.035483
-0.071169
0.035203
0.084939
0.025719
0.089358
0.076384
0.020857
-0.092261
-0.058394
-0.110304
-0.005575
0.050126
0.004270
0.039318
-0.054309
0.019834
-0.023311
-0.020342
0.029975
-0.064045
0.048765
-0.001450
0.039482
0.097324
0.024797
-0.001602
-0.039137
0.086557
0.004655
-0.024318
0.001459
-0.040944
0.090620
0.006457
-0.037305
-0.013400
0.016982
0.002509
-0.084522
0.005330
-0.004365
-0.084595
-0.029956
0.033077
-0.010610
0.024714
0.064627
-0.005865
-0.006552
0.054177
0.068269
0.116685
-0.003052
-0.024756
-0.036087
0.016767
0.020254
0.036063
0.044010
0.109972
0.081033
-0.006054
-0.005063
0.000823
0.053789
0.034339
0.050306
0.011663
-0.027098
-0.096212
-0.012134
-0.004149
-0.026508
0.000421
-0.013925
-0.073694
-0.024899
-0.046132
-0.033687
-0.026854
-0.066440
-0.026275
-0.001966
-0.044220
-0.004382
-0.001693
-0.039479
-0.009189
-0.081578
-0.024748
0.012625
-0.078983
-0.011874
-0.047426
-0.020599
-0.004872
0.048709
-0.039952
0.081198
0.074616
0.024474
0.032485
-0.048167
0.150348
-0.023014
0.032061
0.080265
-0.048257
0.095651
0.017843
0.090221
-0.039615
-0.105386
-0.011486
-0.007446
-0.055710
-0.057208
-0.045124
-0.044047
-0.026961
-0.049483
0.030827
0.030930
0.014068
0.015323
-0.018353
-0.023597
-0.076998
-0.036165
0.044451
-0.024362
-0.029722
0.077915
0.001733
-0.007509
0.048576
0.003763
0.069932
0.022100
0.073680
0.109351
0.055294
0.003712
-0.001239
-0.008866
-0.048294
0.004330
0.042707
-0.018702
0.019490
0.069589
0.013130
0.055615
0.042680
-0.010846
0.053490
0.016904
0.010216
-0.020016
-0.005872
-0.002070
-0.046184
-0.020488
-0.012970
0.054594
0.012702
-0.063102
0.025840
0.032095
0.014277
0.043699
0.078521
0.052019
0.023821
-0.028183
-0.001183
0.054752
0.054134
0.061556
0.055181
-0.001640
0.045930
0.000621
-0.017308
0.117086
0.067973
0.011920
-0.138524
-0.078350
-0.064971
0.000416
0.041522
0.002150
0.124699
0.092404
0.033963
0.036405
-0.081739
-0.038667
0.120233
-0.056235
0.084427
-0.008799
-0.024849
0.007895
-0.032832
0.041591
0.011894
0.102169
0.082696
0.016814
-0.010379
-0.028248
-0.026746
0.034008
0.003229
0.042547
0.028092
0.085318
0.114279
0.050883
0.068851
0.094071
0.164816
0.045622
0.022332
0.107671
0.061792
0.068009
0.014483
0.068517
0.023133
0.059950
-0.042733
-0.083076
0.011439
0.034652
0.073809
0.050821
0.172628
0.029126
-0.024743
0.075174
-0.020763
0.036181
0.060411
0.012332
0.112810
0.074109
0.095688
0.059260
0.054047
0.021063
0.009417
-0.049884
-0.000048
-0.017220
-0.002022
0.022647
0.056369
0.027357
-0.004095
-0.035056
-0.040132
0.003686
0.017029
-0.081977
-0.026204
0.014713
0.051762
0.016277
0.006357
0.045872
-0.021720
0.012821
0.056751
-0.001148
-0.042104
0.012782
0.071502
0.046531
-0.047165
0.026470
-0.002807
0.023768
0.002378
-0.029604
0.049862
-0.003695
0.023693
0.050611
0.000108
0.061461
0.006750
0.010849
0.076653
0.004130
0.050888
0.024351
-0.014614
0.027274
0.026263
0.091891
0.055621
-0.008380
0.016060
0.077218
-0.014990
0.024841
0.135591
0.039018
-0.032566
-0.070497
-0.063458
0.008420
-0.103376
-0.080216
0.073680
-0.003205
-0.003414
-0.028133
0.111390
0.038102
-0.099971
-0.045718
0.029407
0.006556
-0.013189
0.039080
-0.011666
-0.002211
0.047604
-0.050393
-0.060809
-0.002151
0.023400
0.113377
0.052345
0.108757
0.078096
-0.039437
0.011753
-0.041914
0.040380
0.063388
-0.042092
-0.009870
-0.009097
-0.065471
0.060842
0.020159
0.017693
0.055159
0.090214
0.062019
-0.010429
0.044952
0.025016
-0.035640
0.136790
0.111697
0.048934
0.120409
0.026353
0.018662
0.017786
0.118072
0.125420
0.043191
-0.031645
0.006352
-0.016780
0.018439
0.041110
-0.082113
-0.063486
-0.016745
-0.108714
-0.004843
0.043416
0.009356
0.066406
0.017560
-0.053771
0.001993
-0.033669
0.018867
0.085716
0.057604
0.077582
0.015206
-0.038312
0.086888
-0.008197
-0.011480
0.060044
-0.031468
-0.022257
-0.080746
-0.054531
-0.090200
-0.020647
-0.009028
-0.004211
-0.049133
0.041572
0.072280
0.065586
0.084743
0.043823
0.037410
0.034703
-0.015898
-0.140920
-0.016749
0.044777
-0.005799
0.036990
0.061840
-0.009814
-0.039329
-0.003018
0.062566
0.060368
0.014396
0.003719
-0.011947
-0.098292
0.062712
0.053408
0.013731
0.037491
0.045279
-0.004307
0.029380
0.025881
-0.068962
-0.107101
-0.055214
-0.064576
-0.068936
-0.037356
-0.044790
-0.020735
0.002958
-0.038462
0.004804
0.008570
0.038814
0.029227
0.005442
-0.042296
-0.015599
-0.045497
-0.075886
-0.006394
0.059063
0.078443
0.042935
0.049056
-0.025839
-0.010179
-0.009655
0.014694
-0.014657
-0.009308
-0.083930
0.003478
0.030021
0.021774
0.013391
0.042682
0.041552
-0.025795
0.030249
-0.025759
0.017819
-0.058404
-0.005955
0.049622
0.005064
-0.028969
0.027433
0.006077
0.069525
0.055702
-0.066117
0.019724
0.014241
-0.074497
-0.052238
-0.106129
-0.059133
0.029433
-0.022700
-0.032219
-0.027019
0.097184
0.025678
-0.027997
-0.001497
-0.018620
0.052860
0.052296
0.020214
0.026756
-0.031346
0.041569
0.083773
0.016327
-0.022284
-0.028543
0.019151
0.002979
0.020276
0.066682
0.059867
0.017053
0.023859
-0.020912
0.059722
-0.031770
-0.000306
-0.033950
-0.073423
-0.034335
-0.056994
-0.053351
-0.002979
0.067273
-0.029492
0.039441
0.024541
-0.010716
-0.067876
-0.017605
0.040768
-0.041213
-0.117729
-0.052574
-0.017213
-0.030838
-0.022279
-0.012825
-0.074490
0.028448
0.025840
-0.059747
0.020510
-0.005763
-0.045363
0.032043
-0.015401
-0.049163
-0.142264
-0.059742
-0.038430
0.002939
0.051705
0.080486
0.015018
0.006243
0.050515
0.023840
-0.014790
0.063943
-0.029352
-0.030750
-0.063798
-0.072247
-0.031941
-0.137206
-0.059962
-0.012414
-0.028548
0.003372
0.068871
0.026964
-0.124256
-0.070608
-0.057313
-0.062583
0.019669
-0.064528
-0.063492
0.074635
-0.018056
-0.069323
0.108498
0.072589
0.040284
0.112203
-0.036279
0.011246
0.062479
-0.039768
0.051111
0.029611
0.109736
0.112125
0.010601
0.016168
0.025973
-0.016472
0.017753
0.037581
0.078096
0.104765
0.080540
0.025712
0.072070
0.002792
-0.047969
0.007181
0.013976
-0.089071
-0.015039
0.033293
-0.001055
0.081019
-0.012524
-0.001761
0.011091
-0.014254
0.077785
0.041433
-0.026518
-0.084772
-0.084612
-0.045187
-0.022535
0.005437
-0.026557
-0.031727
-0.007878
0.010790
0.016035
0.034219
-0.033039
-0.043097
-0.092546
-0.094789
-0.002226
-0.090252
-0.035322
-0.070036
-0.082004
0.001097
0.018414
0.051680
0.072268
-0.011019
0.021131
0.006361
0.079858
0.011021
-0.032321
0.034615
0.099690
-0.036619
0.007725
0.085742
0.064049
0.044836
-0.039267
-0.137279
0.019030
0.010920
-0.014742
0.037843
0.020072
0.011120
0.037076
0.008625
0.014585
0.030706
-0.065874
0.024543
0.044161
-0.026761
0.086862
0.095509
0.085320
0.067609
0.038294
0.019790
0.048072
0.025544
0.046368
0.096861
0.047033
-0.009337
0.114891
0.123473
0.027754
-0.037032
0.073396
0.042277
0.020192
0.104254
0.011359
0.032879
0.095102
0.049043
0.071819
0.065655
-0.025368
0.042108
0.126785
0.156341
0.165311
0.066140
0.067763
0.127352
0.031165
-0.069751
-0.098795
-0.100462
0.063141
0.000706
-0.035143
0.003283
0.036201
0.102357
0.028724
0.014131
-0.010140
0.035354
0.033598
0.086374
0.071939
-0.022672
0.073565
0.075302
0.097846
0.041038
0.037021
0.038321
0.060342
0.088697
0.024919
0.038792
0.056898
-0.052743
0.004956
0.061664
-0.073867
-0.008924
0.021678
-0.044360
-0.012429
0.030255
0.034842
-0.043195
-0.051663
-0.053336
-0.032279
-0.018810
0.021544
0.008858
0.010743
0.039606
0.001827
-0.094586
-0.071529
-0.073481
-0.040808
0.006235
0.055745
0.009108
-0.034081
-0.045639
-0.002882
-0.050802
-0.062597
0.008147
0.035983
-0.051717
0.041440
-0.028669
-0.006794
-0.028984
0.010618
0.003469
-0.038142
-0.065016
-0.056430
-0.045773
0.030570
-0.011202
-0.040537
0.006891
-0.014327
-0.021233
0.036493
0.026655
0.057712
0.004393
0.056539
0.031954
0.067095
0.039620
-0.028844
0.106210
-0.010878
-0.009008
-0.013212
-0.073554
0.024529
-0.005004
0.003031
0.012466
0.020130
-0.027090
-0.023350
0.084917
-0.100609
-0.126752
-0.058655
-0.040584
0.016039
-0.012543
0.041331
-0.012552
0.085700
0.113756
0.021185
0.068591
0.023908
0.011365
-0.032680
-0.030011
0.006503
-0.041672
0.028926
0.003484
0.030154
0.068888
0.020834
0.022239
0.021023
-0.156768
-0.046042
0.044773
-0.070599
-0.048381
-0.002793
0.045604
0.071747
0.099165
0.076303
0.054069
0.015916
-0.075212
0.042441
0.083690
0.008507
0.068587
0.016034
0.046666
0.068472
0.059978
-0.005364
-0.008694
0.008135
0.050011
0.083571
-0.017660
0.028338
0.058609
-0.025919
-0.050801
-0.009093
0.099028
0.124976
0.097774
0.082794
0.044675
0.059274
0.041349
-0.004674
-0.041542
-0.046374
0.025805
0.004528
0.050543
0.034553
-0.072197
0.033465
0.103370
-0.014375
0.081796
0.151233
0.051957
-0.015877
0.021928
0.032350
-0.047523
0.009172
0.013939
-0.011502
0.033892
0.049962
0.043613
0.111870
0.004727
0.015643
0.037865
0.081181
0.103448
-0.069859
-0.051738
-0.011997
0.021315
0.006531
0.074519
-0.042324
-0.087383
-0.095931
-0.060126
0.045797
-0.037145
0.064332
0.026462
-0.001737
0.026525
-0.039445
-0.004274
-0.001370
0.001840
0.006059
0.086191
0.072544
0.094522
0.044142
0.021113
0.100305
0.011964
-0.029151
-0.006854
-0.024689
0.049658
0.010313
0.031083
0.084702
0.130129
0.089527
0.046337
0.006413
0.077207
0.085596
-0.002650
0.020973
0.018739
0.098198
0.025629
0.067051
-0.025935
0.042906
0.002100
-0.051492
0.037749
-0.005931
-0.031082
-0.074605
-0.061978
-0.032463
-0.057752
0.009295
0.005147
-0.004627
0.021203
0.054528
0.022971
0.037402
-0.027066
0.032887
-0.037955
0.009858
0.032710
-0.001227
-0.021228
-0.039395
0.009853
-0.068749
-0.094325
-0.024141
-0.036235
-0.080486
-0.008447
0.042626
0.063455
-0.029232
0.036023
0.047164
0.042440
0.025225
-0.106624
-0.047849
-0.122866
-0.092077
-0.059840
-0.009764
-0.081447
0.041271
0.096976
-0.026500
-0.008768
-0.110240
-0.023373
-0.038448
-0.036092
-0.059571
-0.083177
0.027744
0.012055
0.041958
-0.017407
-0.019287
0.005269
0.006014
-0.073847
-0.024371
-0.013592
0.013519
-0.019850
-0.003187
-0.030209
0.002552
-0.004134
0.035398
0.088807
0.064483
0.121279
0.056045
-0.029396
0.024505
-0.023260
0.020342
0.080878
0.065321
-0.018963
-0.068293
-0.007037
0.035613
-0.013516
0.068883
0.067428
0.060926
0.080512
0.030771
0.063704
0.064184
0.027702
0.042813
0.059979
0.095827
-0.023790
-0.060933
0.031683
0.096384
0.005289
-0.101758
-0.013731
0.077166
-0.033901
-0.075301
-0.007369
-0.018243
-0.070849
-0.047076
0.003277
-0.020088
-0.011184
-0.063102
-0.009331
-0.026165
-0.049794
-0.027043
-0.089411
0.028675
-0.031951
-0.034414
-0.031162
-0.104801
-0.026157
0.014008
0.054462
0.024657
0.006777
0.059293
-0.039444
-0.030048
0.068203
-0.026407
-0.033938
-0.003913
0.039360
-0.001740
0.047543
-0.012069
0.022297
0.074109
-0.032988
0.023187
-0.072170
-0.076287
-0.036028
0.010339
0.001964
-0.050915
-0.052358
0.028572
0.010888
-0.013127
0.023888
-0.001327
0.070562
0.099261
0.030921
0.072121
0.100401
0.103557
-0.003176
-0.037495
-0.027225
-0.077996
0.049983
-0.016351
0.015511
0.133783
0.022920
0.012772
0.008216
0.064648
-0.014992
0.048199
0.068281
-0.053631
0.075850
-0.066443
-0.056671
0.093789
-0.008893
-0.003234
-0.040452
0.004559
0.081780
-0.022340
-0.073556
-0.035552
-0.000617
-0.042017
-0.034348
-0.065253
-0.076367
-0.075089
-0.086709
-0.063727
0.018980
0.056173
0.047291
0.085048
0.114144
-0.016597
-0.004524
0.025434
-0.035530
-0.026465
0.061139
0.004229
0.100095
0.015159
-0.038808
-0.004941
-0.030145
0.012464
-0.018292
-0.017645
-0.021234
-0.066360
-0.047238
-0.024984
-0.037637
-0.021597
-0.009267
0.005173
-0.006822
-0.075213
-0.065886
-0.009882
-0.040809
0.103552
0.068533
0.038818
-0.016110
0.053311
-0.103946
-0.100464
-0.113376
-0.024682
-0.095121
-0.056198
-0.066204
-0.049990
-0.054953
-0.069912
0.013791
0.076000
-0.046985
-0.046173
0.076212
0.043606
0.043577
0.066648
0.035486
0.076985
0.034880
0.045272
-0.000192
-0.027833
-0.030309
-0.045526
-0.016319
0.010212
-0.021314
0.046740
0.009097
-0.051119
0.069263
0.102424
-0.000758
0.062329
0.124917
0.138895
0.055202
-0.004436
-0.015162
-0.038718
-0.030496
-0.000200
-0.042405
-0.092730
0.060277
-0.009027
0.028668
0.005502
0.032835
-0.030623
-0.050997
-0.033641
-0.107045
0.011822
-0.013922
-0.046196
0.036346
0.033076
-0.007599
0.023240
0.037702
0.018893
-0.048605
-0.084972
0.022527
0.036854
0.027831
0.063922
0.063207
0.009501
0.070778
0.098229
0.018175
-0.075978
-0.015239
0.021083
0.069551
0.131574
0.084253
0.069050
0.032030
-0.009078
0.004003
0.035532
-0.014737
0.057578
0.023312
0.012119
0.108463
-0.011241
-0.004124
0.048241
-0.020472
0.034988
-0.028308
0.027360
0.004716
-0.059620
-0.078592
-0.004178
0.022359
0.061116
0.061914
0.075006
-0.045919
-0.085074
-0.050916
-0.091945
-0.044861
-0.013565
0.016758
-0.002828
-0.008346
-0.034946
0.018262
-0.039122
-0.042531
-0.034008
0.030134
0.030421
0.043690
0.047173
-0.011093
-0.051158
-0.039287
-0.082193
-0.068731
0.011450
0.017593
0.014553
0.059520
0.090932
0.049802
-0.040783
-0.027810
0.017526
-0.060472
0.029358
-0.051754
-0.046334
-0.024796
0.008269
0.071923
-0.041272
0.032434
-0.028758
-0.119645
0.061970
0.037063
-0.040447
0.031173
0.066720
0.122299
0.035430
-0.000139
-0.001667
0.086874
0.045080
-0.046788
-0.000373
-0.020258
0.090883
-0.034672
-0.016387
-0.028910
0.044047
-0.004910
-0.035451
0.005080
-0.021276
-0.067547
0.004612
0.011602
-0.000641
0.058256
0.052976
0.085074
0.064878
0.109556
0.034403
-0.023983
0.069349
0.044195
-0.059956
-0.015755
0.003280
0.028084
0.095232
0.063037
0.009890
0.014178
0.031715
0.065628
-0.037108
-0.017760
-0.033569
-0.063873
-0.010861
-0.019203
-0.002679
0.035234
0.091473
-0.007629
-0.050311
-0.001231
-0.048002
0.030751
0.066926
0.037364
0.102268
0.004111
0.018971
0.002348
0.031343
0.018431
0.030573
0.109381
0.040170
0.062573
0.082072
-0.011778
-0.062895
-0.003712
0.012497
-0.095577
-0.028219
0.004929
-0.091711
-0.033665
-0.043401
-0.016510
-0.013608
0.028017
0.078095
0.077280
0.016953
0.102484
0.054194
-0.001670
0.071293
-0.029683
-0.033270
-0.050546
-0.039905
0.018901
0.030072
-0.001070
-0.014103
0.004691
-0.003903
0.046501
0.056165
-0.073615
-0.021507
0.006295
-0.067764
0.011238
-0.031409
-0.044487
0.003832
-0.032493
0.094283
0.004031
-0.026573
0.077417
0.052472
-0.019020
0.029605
0.053826
0.021563
0.018266
-0.089309
-0.060459
-0.008490
-0.081344
-0.121405
-0.009245
0.004104
0.050869
0.006560
-0.123971
0.034049
-0.025278
0.036960
-0.021003
-0.008491
-0.063968
-0.086450
0.043045
-0.131830
-0.070902
-0.024101
-0.056133
0.041104
0.018202
-0.050625
0.027015
0.001488
0.067220
0.059309
0.034294
0.057930
0.013757
-0.001164
0.045034
0.009278
0.000863
0.049842
0.057776
0.035413
0.063710
0.068016
0.045649
0.089439
0.074060
0.072617
0.065969
0.034609
0.055045
0.085176
-0.024214
-0.019106
0.051192
0.048830
-0.013342
0.013235
-0.011643
-0.010168
-0.056350
0.034510
0.013699
-0.011959
-0.016736
-0.000609
0.015187
0.005941
-0.036754
0.028004
0.030026
-0.053368
-0.037754
0.020341
-0.029434
0.011384
-0.012069
-0.014670
0.031231
-0.014812
0.063303
-0.031021
-0.095979
0.030961
0.049562
0.062994
0.107140
0.015471
0.014417
0.094832
0.012041
0.016545
0.043512
0.021373
-0.017511
-0.111027
-0.043691
-0.025353
-0.033883
0.041867
0.048324
0.086255
0.001896
-0.021886
0.002499
-0.021605
-0.032483
-0.019637
-0.057977
-0.049463
0.107026
0.086472
-0.007219
0.077844
0.019324
-0.011620
0.056500
0.035303
0.062169
0.081981
-0.028446
0.054348
0.194677
-0.058461
-0.035752
0.004941
-0.056058
-0.008369
-0.006345
0.008946
0.033195
0.091024
0.021733
-0.043953
0.000821
0.098294
-0.045034
0.026798
0.022182
0.014115
-0.042804
-0.099187
0.007166
-0.014542
0.040428
0.018935
-0.022990
-0.026488
-0.037943
-0.005026
-0.053061
0.075362
0.036026
-0.024984
0.032475
-0.004496
0.017908
-0.009700
0.008544
-0.005550
0.028501
0.015083
-0.046552
-0.042605
0.034403
-0.001502
-0.032146
-0.040246
-0.032816
0.044368
-0.020449
-0.025062
-0.054417
-0.003127
-0.019288
0.005575
-0.027624
-0.004513
0.067786
0.033710
0.050055
0.037200
0.045070
0.069728
-0.117152
-0.034303
0.053912
0.001355
-0.007066
-0.057183
0.061096
-0.009802
0.001233
0.011376
0.043241
-0.000757
-0.029184
0.012384
-0.028864
-0.024057
-0.045068
0.025144
-0.061609
-0.049619
0.028582
-0.014286
-0.062935
0.028952
-0.024500
-0.043036
-0.013062
-0.110434
-0.065275
0.069616
0.000344
0.015832
0.169668
0.007960
0.037972
0.116333
0.014237
0.090240
0.111958
-0.065892
0.073649
0.107010
0.048373
0.106568
-0.031204
0.048881
0.002760
0.037101
0.067043
-0.081163
0.046739
-0.019867
0.002545
0.040761
-0.052376
0.031052
-0.005082
0.052341
-0.027334
0.031395
0.105706
-0.033743
-0.011928
0.022213
0.003975
-0.062706
-0.034149
-0.007533
0.102055
0.074596
0.085599
0.110499
-0.015822
0.034255
0.017734
0.013466
-0.018694
-0.034408
-0.042483
-0.008754
0.048843
0.030806
-0.020479
-0.036178
-0.059380
-0.068508
-0.013533
0.057815
0.117119
-0.024039
-0.000039
0.030704
-0.060644
-0.025403
0.112943
-0.004525
0.003451
0.045238
-0.050056
-0.020127
0.015824
0.032626
0.113475
-0.014442
-0.050233
0.137005
-0.013602
-0.096904
-0.066735
-0.016906
0.151708
0.064720
-0.038683
-0.046309
-0.046870
-0.002477
0.088471
0.051232
-0.026759
0.017349
0.037383
-0.020097
-0.002638
0.034246
-0.086115
-0.050607
0.013316
0.008683
0.036881
0.035278
0.006652
0.031919
0.017397
0.011819
0.045525
-0.033826
0.011156
0.039606
-0.001623
0.021128
0.065779
0.012515
-0.044302
0.009213
0.063757
-0.005231
0.045683
-0.044021
0.050202
0.084513
0.075805
-0.015246
0.078672
0.012070
-0.031372
0.025912
-0.068891
0.066432
0.152251
0.039237
0.008916
0.088361
0.023436
-0.018351
0.025865
0.041798
0.034097
0.061332
0.015697
-0.054156
-0.057451
-0.039592
-0.017306
0.012007
0.011413
-0.039820
-0.082725
0.052029
0.023944
-0.027725
0.048352
-0.061926
0.012211
0.086474
-0.011705
0.103790
0.047449
-0.002611
0.023981
-0.062164
-0.026554
0.028597
0.006133
0.006810
0.029667
-0.031472
0.021741
0.033544
-0.054054
-0.020317
0.011818
0.049234
-0.021228
0.012626
-0.008216
-0.058154
0.081641
0.015244
0.027384
0.062751
-0.052472
0.007087
0.011665
0.069113
-0.013214
0.062084
-0.086769
-0.061625
0.050744
-0.001658
0.001689
0.081932
0.094500
0.101597
0.098833
0.104031
-0.004169
0.050222
0.036264
0.102002
0.091097
0.092726
0.119239
0.010567
0.019283
-0.003529
-0.028994
0.033609
-0.086542
0.022746
-0.014718
-0.081781
-0.041504
0.059105
0.049519
0.065691
0.023626
-0.033643
-0.023364
0.040699
0.014697
0.018207
0.011687
-0.034639
-0.012503
-0.082184
-0.068846
-0.079574
-0.067083
-0.045603
-0.047190
-0.002930
0.019125
-0.031871
-0.062220
-0.021317
-0.100932
-0.072502
0.037338
-0.004315
-0.012042
-0.057606
0.069922
-0.052869
-0.073716
-0.028533
-0.042569
0.010021
-0.031491
-0.020242
-0.029479
-0.075223
-0.001276
0.085730
-0.056679
-0.086265
-0.050379
0.036510
0.042370
0.069833
0.020635
0.004408
0.039321
0.079723
0.060631
0.044239
-0.030163
0.016061
-0.066455
0.060569
0.080598
0.095797
0.006537
-0.041884
0.121468
0.074395
-0.020605
-0.061897
-0.011438
-0.038893
-0.111242
0.058218
0.003236
-0.006411
-0.017300
-0.032217
-0.059314
0.017804
-0.010089
-0.012151
-0.115555
-0.127691
-0.009938
-0.093471
-0.034860
-0.050363
-0.033168
0.012851
-0.035136
0.036440
0.025726
-0.021511
0.060539
0.028883
-0.071042
0.044562
0.067006
0.001856
0.068401
-0.002659
0.024749
0.023048
0.056600
-0.007622
0.003264
0.034827
0.048770
-0.058839
0.050737
0.044990
0.025670
-0.061505
-0.039172
0.023646
-0.044218
-0.020345
0.058686
0.026067
-0.039642
0.005235
-0.005214
0.082436
0.005840
0.094728
-0.030490
-0.000296
-0.011665
0.056464
-0.043436
-0.031153
0.012604
-0.030490
-0.028097
0.002536
-0.040137
-0.052815
-0.001478
0.059969
0.014218
0.011144
-0.074873
0.002658
-0.065313
0.043874
0.042497
-0.058313
0.025376
0.017164
0.055289
0.042955
-0.018099
-0.038488
-0.056398
0.002615
-0.016890
-0.004705
0.035919
0.051538
0.011595
-0.014686
0.030847
0.058655
0.061349
-0.010434
-0.065238
-0.006915
0.112907
-0.023654
0.009351
0.007501
-0.006570
0.046466
0.049303
0.043115
0.050348
-0.026723
-0.034268
-0.063067
-0.018054
0.016681
0.023062
-0.077945
-0.015322
0.043703
0.012291
0.085329
-0.016175
-0.007818
-0.048582
-0.041398
-0.040949
-0.045621
-0.037047
-0.035250
0.035004
-0.053742
0.004653
0.016841
-0.088121
-0.033033
0.020160
0.036283
0.112523
0.085951
-0.003813
0.031472
0.126754
0.004779
-0.084106
0.016673
0.001791
-0.004959
0.074074
-0.036899
0.060500
0.021501
0.002440
-0.031433
0.020900
0.028082
0.073514
0.116752
-0.036099
-0.053160
-0.077512
0.027283
-0.067057
-0.050718
0.002198
0.035955
0.023374
0.015666
-0.045012
-0.073684
-0.023058
-0.041766
-0.025424
-0.082718
-0.064376
-0.009509
-0.014859
-0.096274
-0.044361
-0.013624
-0.017671
0.034432
0.083545
0.039314
0.085767
-0.008354
-0.017007
-0.012221
-0.039083
0.044166
0.016738
-0.027400
-0.115752
-0.088172
-0.051974
-0.036911
-0.028027
-0.018521
-0.017929
0.040377
-0.108777
0.013587
0.021533
-0.048845
0.025018
-0.046769
-0.120438
-0.056284
-0.154791
0.072188
0.056445
0.009703
0.078241
0.040369
0.035431
0.063800
0.053726
0.073007
0.003777
0.057395
-0.008630
-0.032290
-0.015871
-0.030761
0.013007
0.051699
0.049257
-0.018047
-0.004710
0.005407
-0.105389
-0.020495
-0.006656
-0.074881
-0.003219
-0.007654
-0.081147
0.029886
0.102974
-0.050155
-0.016335
-0.021277
0.055247
-0.014313
-0.020134
0.040879
0.003445
-0.022658
0.009688
0.020278
-0.010573
-0.059907
0.054833
-0.046271
-0.062879
-0.010436
-0.093385
-0.090019
-0.008680
-0.105053
0.012474
-0.025961
-0.032753
-0.015036
0.041415
0.081495
-0.005202
-0.010370
0.012306
0.107135
0.026775
0.012194
0.023765
-0.019621
-0.031582
0.022797
0.042626
-0.049024
0.001580
-0.022124
-0.061563
-0.002675
-0.042156
-0.005796
-0.007928
0.007227
0.058126
-0.008811
0.014137
0.039844
0.051138
0.028849
-0.017723
0.029215
-0.028485
0.010068
-0.046526
-0.079967
-0.087901
-0.093989
-0.060726
-0.000117
-0.000846
0.048127
-0.016460
0.024668
0.041514
-0.033583
-0.025791
-0.013870
0.021293
0.064884
0.001463
-0.039887
0.059499
-0.031523
-0.069486
-0.003459
0.018042
-0.024350
-0.076259
0.013042
-0.016469
-0.051991
-0.028302
-0.037793
0.032951
-0.008643
0.047752
-0.002080
0.007051
-0.015056
0.020815
0.073510
-0.007906
-0.025501
-0.033926
-0.028123
-0.096707
0.038578
0.068893
0.045151
0.066409
0.056694
0.063562
0.007910
-0.000146
0.018426
-0.032936
0.056278
0.036036
-0.017899
0.037116
0.017449
-0.026365
-0.065675
-0.080176
-0.008570
0.031170
-0.078604
-0.076716
0.045397
-0.020839
0.056985
0.049238
0.024394
0.002276
-0.015245
-0.013786
-0.037396
-0.116040
-0.106506
0.009424
0.014553
-0.070900
0.073559
0.054590
0.007581
0.058670
0.056442
-0.030008
-0.077371
-0.050266
-0.066720
0.019952
0.063484
-0.011943
-0.031047
0.025426
-0.090033
-0.076234
-0.011622
0.020385
0.026140
-0.002003
-0.032062
-0.133290
-0.014327
-0.000836
-0.067311
-0.049372
0.007474
-0.000412
-0.035005
-0.070794
0.027361
-0.021338
0.090266
0.070367
0.083804
0.061571
-0.011540
0.076217
-0.011977
-0.033421
-0.043744
0.007644
0.126719
0.026823
-0.023411
0.000701
-0.081950
0.024933
0.106553
0.039468
0.001827
-0.010066
-0.026769
0.010604
0.107835
0.020579
-0.009660
0.083176
-0.050635
-0.018613
0.028048
0.015512
0.055918
0.076581
0.015916
0.032748
0.022042
0.005818
0.051872
0.093588
-0.037382
-0.025227
-0.041562
0.038763
0.044816
-0.048815
-0.088218
-0.012328
0.039880
0.066749
0.030505
0.008341
-0.064911
0.025634
0.091603
-0.011827
0.098925
0.097186
-0.063397
0.123385
0.006527
0.099326
0.104688
0.022851
0.057469
-0.034138
-0.037115
-0.028828
-0.003050
-0.023905
-0.020581
0.010277
0.032290
0.076932
0.053099
0.070582
0.030987
0.013065
0.040133
0.032241
-0.109042
-0.025886
0.015018
0.034283
-0.047971
0.019157
0.028191
-0.025646
-0.015896
0.026108
-0.043862
0.008937
0.083092
-0.034183
-0.008856
0.051221
0.034974
-0.025895
0.068681
0.043158
0.032508
-0.034649
-0.015148
0.048732
-0.082196
-0.006788
0.010431
0.009949
0.052901
0.037781
0.002783
-0.036532
0.032485
-0.052384
0.043512
0.031367
0.061710
0.065315
-0.071759
0.058434
0.081623
-0.076314
0.000886
0.005150
0.000650
0.007537
0.028961
0.059728
0.018452
0.014832
-0.005636
0.007178
-0.002386
-0.015278
0.017493
0.015097
0.067109
-0.028282
0.019860
0.009357
0.008225
0.033561
0.008823
0.001351
0.006915
-0.030262
-0.034668
-0.141031
-0.105751
-0.021440
-0.073006
-0.000476
-0.054181
-0.057280
-0.000256
0.012487
0.048479
0.052099
0.096205
0.003541
0.072618
0.081230
0.035777
-0.010936
0.112144
0.002449
-0.007191
-0.003631
-0.039881
0.057427
-0.052964
0.012510
0.017364
-0.040551
0.091488
-0.020314
0.077768
0.037512
-0.071010
0.005314
0.053130
-0.074308
0.002521
0.037376
-0.045631
0.029234
0.094561
-0.020853
-0.048321
0.030549
0.116962
0.074657
0.042649
0.057210
0.018457
-0.039685
-0.018606
0.048318
0.055064
0.025906
-0.018236
-0.059846
-0.068940
-0.089320
-0.101249
-0.107293
-0.111545
-0.102920
0.021655
0.013944
-0.018140
0.004888
0.019070
0.023680
-0.089306
-0.042400
-0.062691
-0.049214
-0.009725
0.067418
-0.012113
-0.038811
0.006142
-0.042056
-0.032895
0.002332
-0.027062
0.035245
-0.028641
0.035248
-0.083382
0.049074
0.096152
-0.045052
0.067775
0.048992
0.016785
0.043722
0.030880
0.017072
-0.058324
-0.002853
0.022692
0.049024
0.066624
-0.008922
0.027871
0.074516
0.082849
0.041678
0.083001
0.113006
0.106653
0.089705
-0.045177
0.075133
0.043164
0.002624
0.050301
0.041045
-0.012368
0.047473
0.094240
0.086393
0.036545
-0.013341
-0.023790
0.039285
0.038772
0.066979
0.019481
-0.034413
-0.078208
0.010948
-0.064006
0.004449
0.000202
0.092926
0.037330
0.066633
0.025074
0.063540
0.049414
0.054070
0.043162
-0.035735
-0.003305
0.011673
-0.029026
0.048363
-0.006387
0.046934
0.066919
0.026071
0.106873
-0.009890
-0.023675
0.068016
-0.034772
-0.049901
0.011564
-0.018774
0.004142
0.004231
0.046217
-0.006778
-0.015874
0.047303
0.043513
-0.033349
-0.063009
0.066452
-0.069313
-0.112690
0.045761
-0.071223
-0.031584
-0.057597
0.005596
-0.028212
-0.070477
-0.024906
0.032536
0.012169
-0.009550
-0.035221
-0.006924
-0.000004
-0.085308
-0.055032
-0.115714
-0.011069
0.077079
-0.005414
0.070464
0.066468
0.024459
0.021127
0.040702
-0.072368
-0.020149
0.073313
-0.033089
0.036681
0.029157
-0.026333
-0.021255
-0.033949
-0.028318
0.029622
0.057000
0.033398
0.047058
-0.028161
-0.009834
-0.027188
-0.063034
0.016670
0.008194
0.073809
0.050413
-0.073651
0.012117
0.064405
-0.013605
-0.034008
-0.011606
-0.017223
0.102361
-0.019821
-0.008515
0.019440
0.036133
0.060434
0.014376
0.068901
0.069572
0.069693
0.017581
-0.054787
-0.002346
0.093125
0.084938
0.093381
0.030449
0.016486
0.023020
-0.011671
-0.067291
0.003931
0.090564
-0.037283
-0.062080
-0.008146
-0.051252
-0.024803
-0.055782
0.017488
-0.012772
-0.010322
0.045120
0.002441
0.007109
0.007449
-0.011487
-0.057241
-0.031256
-0.042753
-0.022170
-0.004852
0.023809
-0.090754
-0.017045
0.028667
-0.009484
0.057013
0.048513
-0.029045
-0.017858
0.037091
0.050474
-0.031265
-0.019862
0.025063
0.056872
-0.058908
-0.082818
0.044435
-0.017252
-0.070101
-0.048659
0.023180
0.014161
0.076402
0.060092
-0.050455
-0.056122
-0.040124
-0.111469
-0.005939
-0.051063
0.042386
-0.025429
-0.094571
-0.071668
0.029397
-0.071737
-0.051969
-0.091750
-0.109240
-0.018603
-0.016635
0.025839
0.046982
0.048150
0.012757
0.040332
0.019115
0.057048
0.007897
0.040209
0.023644
0.042954
-0.012695
-0.026809
-0.014434
-0.042852
-0.008507
0.119644
0.042327
0.048866
0.003279
-0.049753
0.037129
-0.061676
-0.023803
-0.055674
-0.010915
0.045995
0.086701
-0.012385
-0.025020
-0.034670
-0.004648
0.035330
-0.003605
-0.038370
-0.087068
-0.122989
0.003248
-0.058076
-0.022890
0.006429
-0.018574
-0.022627
-0.021433
-0.046750
-0.068982
-0.111620
-0.017763
-0.019419
0.012285
0.082584
-0.034341
-0.003716
-0.040246
0.024683
-0.019447
-0.117361
-0.097089
-0.029471
0.042116
0.015235
0.029556
0.004207
-0.054862
-0.086882
-0.059547
-0.041053
-0.016494
0.004300
-0.061837
0.024355
0.097715
-0.002540
0.008415
-0.023075
-0.042353
0.005208
0.062588
-0.004251
0.095368
0.084286
0.057336
0.181489
0.070096
0.045744
0.037750
-0.105810
-0.000916
0.037283
0.000910
0.085710
-0.005230
-0.011594
0.012781
-0.019184
-0.037137
-0.020181
-0.033260
-0.035008
-0.069791
-0.044542
-0.015058
-0.094448
-0.043429
-0.051015
-0.009130
0.014435
-0.018702
0.048861
-0.031068
-0.093637
-0.052808
0.008316
-0.037354
-0.000848
-0.021492
-0.100069
-0.113538
-0.014658
-0.033809
-0.043189
0.036331
-0.024062
0.008231
0.030931
-0.031223
-0.015350
-0.008418
0.034270
0.054966
-0.039876
0.007970
-0.037666
-0.013367
0.011341
0.005182
0.051431
0.128209
-0.036641
0.011633
0.072504
0.114493
0.046817
0.016507
0.014355
0.016257
-0.015502
-0.037592
-0.057661
-0.059930
-0.053774
0.000532
0.030322
0.010308
-0.064069
-0.035656
-0.113234
-0.045653
-0.061988
-0.102711
-0.110646
0.029960
-0.013576
0.062957
0.065833
-0.000929
0.059636
-0.022847
0.028616
-0.006918
-0.003097
-0.037196
-0.000169
0.022200
-0.013287
-0.022897
-0.041797
0.050346
0.007893
-0.038986
0.014774
-0.039838
-0.046200
-0.119576
-0.066646
-0.009120
-0.068818
-0.055302
0.014794
-0.044536
-0.054082
-0.047657
0.025614
0.027313
-0.013479
0.087323
0.025733
0.025475
-0.014616
-0.046249
0.047934
-0.055486
-0.020328
0.057142
-0.033793
-0.006423
0.045919
0.058211
0.060884
0.025887
0.013588
-0.021117
-0.029350
-0.005787
-0.047066
0.062918
-0.008065
0.031352
-0.021702
0.013585
0.028457
-0.001304
0.103778
0.077628
-0.033222
0.023463
0.009420
0.112992
0.012375
0.034342
0.092172
-0.121534
0.045708
0.108648
0.007860
0.139819
0.020635
0.084465
-0.063355
-0.009200
-0.039595
0.029147
0.041732
-0.057384
-0.051857
-0.029776
0.028303
0.035345
0.011028
0.025523
0.092931
-0.032693
-0.085620
0.038470
0.035802
0.050060
0.056804
-0.012562
0.035791
-0.092918
0.019553
-0.048409
-0.064087
0.059487
0.038368
0.094823
0.123733
0.071758
0.004097
-0.010109
0.008692
0.078683
0.081102
-0.039005
0.009232
0.062397
0.098127
0.079976
0.017302
0.087197
0.031263
0.042934
0.039762
0.017995
-0.118698
-0.080198
-0.047975
-0.024761
0.062071
0.049230
0.053556
0.037768
0.102114
0.018474
-0.134496
-0.022805
0.119555
0.026007
0.004777
0.088181
-0.006020
0.041396
0.066407
0.067035
0.037361
-0.009938
-0.027392
-0.016272
0.032933
-0.011668
-0.083702
-0.020199
0.008928
0.012635
0.025040
0.047284
0.035471
0.075839
-0.011586
0.011785
-0.006719
0.026120
0.010691
0.000938
0.002862
-0.071573
0.053814
-0.017969
0.030929
0.068525
0.065164
0.117692
0.002731
-0.000068
-0.000084
-0.036046
0.049750
0.011384
-0.046017
0.003845
0.133911
0.110527
-0.040468
-0.007852
-0.007295
-0.061168
0.014339
-0.001780
0.049318
0.026762
-0.031591
0.049116
0.049021
-0.019800
0.038863
-0.035831
-0.011566
0.091689
0.070553
0.067316
0.089868
0.025910
0.063588
0.110962
0.091684
-0.031689
-0.008039
0.015793
0.033988
0.011942
-0.004436
0.073344
0.070223
-0.035406
0.044692
0.020449
-0.036121
0.012857
0.057957
-0.006368
0.026132
0.113133
0.083749
-0.006702
0.013068
-0.014317
-0.086952
-0.018855
0.033756
0.003436
0.122515
0.079677
-0.015300
-0.021252
-0.055826
-0.014359
-0.040880
-0.010307
0.032000
0.000886
-0.035351
0.006621
-0.043830
0.010525
0.039157
0.048303
-0.043404
0.045586
0.073295
0.025844
0.057450
-0.048306
-0.068506
-0.012032
-0.074985
0.000486
0.052076
0.035400
-0.005088
0.055731
0.082376
-0.082770
-0.020732
-0.039312
-0.014651
0.024927
0.056684
0.009380
0.063906
0.080183
0.126698
0.102979
0.101101
0.049865
-0.036476
-0.030494
0.022819
0.124643
0.025216
-0.090773
-0.005515
-0.027319
-0.038224
0.040935
-0.019624
0.005410
0.077343
-0.009289
0.078329
0.034377
0.009568
0.020417
-0.001902
0.026994
-0.056239
0.043506
0.019696
-0.037776
-0.045217
-0.003957
-0.045482
-0.038117
0.035373
-0.042880
0.012190
0.082415
0.027350
0.055927
0.053527
0.023163
0.144465
0.037703
-0.005814
-0.052096
-0.015132
-0.150763
-0.091515
-0.078338
0.015653
0.027420
-0.021902
0.057639
0.006706
0.007025
-0.007643
0.004354
-0.031907
-0.059934
0.054251
0.092352
0.012576
-0.020431
-0.067499
0.062937
-0.013159
-0.016314
0.051384
-0.032175
-0.032073
-0.107503
0.003653
-0.031380
-0.054107
-0.001514
0.050683
0.089520
0.038756
0.006852
0.002537
0.072959
-0.086473
-0.036410
-0.033028
-0.071663
-0.052004
0.006480
-0.070724
-0.041691
-0.016911
-0.033581
0.085580
0.061173
-0.018226
-0.012827
0.040816
0.038534
-0.015225
0.024750
0.076878
0.023122
0.100134
0.088912
0.023237
0.073202
0.034427
0.007618
0.040881
0.018532
0.006718
0.034660
-0.046913
0.006384
0.042549
-0.070672
-0.053319
0.000383
-0.081670
0.031308
-0.028585
-0.012349
0.062421
-0.084276
-0.059958
0.033057
0.064511
0.043974
0.038368
0.050282
-0.035340
0.003651
0.030343
0.051187
0.052182
0.067860
0.020908
0.051988
0.004600
-0.068286
0.019296
-0.026304
0.038230
0.041778
-0.081772
-0.032588
-0.017468
-0.011660
0.031001
0.036277
-0.001007
0.047754
-0.055423
-0.042392
0.064954
0.047011
-0.001819
0.039499
-0.025043
-0.045639
-0.033410
-0.027742
-0.030374
-0.048120
-0.032356
0.119265
0.057948
-0.017647
0.026389
0.036111
0.059316
0.034274
0.065272
0.000293
0.048838
0.148227
0.074154
0.044543
-0.005784
-0.057086
0.059546
-0.032891
-0.000666
0.018215
-0.011968
0.064093
-0.001029
-0.083740
-0.054765
-0.025850
-0.036020
0.012508
-0.008946
-0.036207
-0.063505
-0.107029
-0.081528
-0.058129
-0.075215
-0.106973
-0.142431
-0.042617
-0.085115
-0.019803
-0.013105
-0.068924
0.042985
-0.051640
-0.027150
0.030112
-0.052097
-0.050063
0.041839
-0.012872
-0.028977
-0.067337
-0.041298
-0.036343
0.039778
-0.026518
0.044891
0.025148
-0.009702
0.021290
-0.004721
0.037312
0.078033
0.074191
0.067952
0.084889
0.089444
0.109774
0.073116
0.037024
-0.024334
0.004249
0.047114
0.061289
0.106099
-0.002359
-0.035191
-0.047344
0.018177
0.038029
0.012035
0.109410
0.044684
-0.056914
0.051954
-0.064164
-0.016349
-0.025758
-0.020947
0.023473
0.006111
-0.126219
-0.022428
0.066157
0.044289
0.037149
0.044900
-0.064334
-0.073697
0.025187
-0.059335
0.034286
0.095611
-0.040333
0.021882
-0.039530
0.050444
-0.028389
-0.060440
-0.036064
-0.075018
-0.080500
-0.109930
0.057059
-0.026471
-0.051889
-0.018567
-0.012792
0.074052
0.112729
-0.061802
-0.007061
-0.042471
-0.058778
0.023757
-0.034414
0.045842
-0.007766
-0.030632
0.060386
0.123313
0.077110
0.000234
0.089545
0.071811
-0.028030
0.042500
0.103775
-0.047266
0.035330
-0.001968
0.031190
0.024373
0.017243
0.077054
0.058430
0.054088
0.093341
-0.010547
-0.018916
0.016134
-0.022483
-0.046760
0.024926
-0.000286
-0.060652
-0.029938
-0.102326
0.019554
-0.063615
-0.094265
-0.034300
-0.065151
-0.029253
-0.046555
0.039201
-0.045523
-0.036823
0.100676
0.081209
0.012126
-0.096966
-0.006051
0.001602
-0.043647
-0.013740
-0.066117
0.016723
-0.057272
0.022402
0.034512
-0.003653
-0.018487
-0.004602
0.136283
-0.024691
-0.000539
0.016540
0.025066
0.055776
0.032903
0.082300
0.058552
0.104674
0.129526
0.149664
0.072251
0.084933
-0.029472
0.084686
0.019231
0.058943
0.000296
0.011887
0.051532
-0.020123
-0.063252
-0.040793
-0.016154
0.067600
-0.042207
-0.036425
0.031984
0.032036
0.040514
0.027145
-0.012626
-0.052673
0.035764
0.009127
-0.043479
-0.008493
0.039988
0.010721
-0.084661
-0.004893
0.029736
-0.006221
-0.039720
-0.017402
0.035913
-0.020618
-0.060238
-0.016965
0.031423
0.035850
0.030698
0.012964
0.046853
0.007496
-0.015386
-0.021486
-0.036906
0.100275
0.015090
-0.053553
0.069802
-0.036050
0.034394
0.040818
0.009232
-0.000051
-0.090522
-0.057906
0.018922
-0.062867
-0.051798
0.033742
-0.069648
-0.104127
0.070533
-0.069476
0.012396
0.089914
-0.021209
-0.014322
0.039903
-0.068829
-0.050442
-0.025327
0.020246
0.050109
0.007113
-0.116980
-0.037357
-0.024047
-0.022490
0.022995
-0.007313
0.010589
0.114936
0.007557
-0.009089
0.056876
0.029168
0.081834
0.032381
0.070774
0.062292
-0.047118
-0.028507
-0.019454
-0.023954
-0.043346
0.082857
0.045314
-0.037865
0.098599
0.073165
0.070252
0.057438
0.000855
-0.058302
0.114592
0.051325
-0.048647
0.057576
0.065460
0.056943
0.031585
-0.051003
0.009715
0.034763
0.005061
-0.011751
-0.036533
0.008000
-0.017759
-0.001460
0.056629
0.053084
-0.030361
-0.079393
-0.014374
-0.020114
0.009303
0.046242
0.002411
-0.010268
0.023148
-0.075718
0.007081
-0.015506
-0.091846
0.008463
-0.010565
-0.056319
-0.003009
0.012362
0.018741
-0.072737
0.071585
-0.019636
-0.020986
0.008238
0.002828
-0.022030
0.000410
0.038978
0.066245
-0.019468
0.018748
-0.047541
-0.033348
0.058692
0.075895
0.105186
0.067195
-0.030612
-0.042633
-0.018392
0.007914
0.147591
-0.017218
0.010478
0.037794
-0.010991
0.010090
0.008567
0.064840
0.086123
0.030618
-0.017163
0.008843
0.060126
0.059541
0.031461
-0.000637
0.033436
0.049419
0.078530
-0.045839
-0.123889
-0.037941
-0.035762
0.022533
-0.016523
-0.046946
0.089602
0.048271
-0.047954
0.066305
0.006473
-0.032282
0.024942
0.086244
0.056853
0.021496
-0.016476
0.002620
0.019111
0.051424
-0.040855
-0.052102
-0.052253
-0.002296
-0.008204
0.122961
0.144751
0.069914
0.134265
-0.026782
0.044934
0.054247
-0.039052
-0.057999
-0.025333
-0.015057
-0.024279
-0.135521
-0.005604
0.047023
-0.125988
0.002063
-0.009213
-0.036537
0.047313
0.022876
-0.023527
-0.020443
0.052755
-0.012291
0.002473
0.069834
0.058642
0.045268
0.130606
-0.009271
0.011717
0.031573
-0.011594
0.025502
-0.114050
-0.009815
0.066985
0.087439
-0.007802
-0.018735
0.090606
-0.065766
0.000157
0.055409
0.033476
0.036332
-0.016681
0.002543
-0.073408
-0.014697
0.063615
-0.084874
0.038455
0.044373
0.033245
-0.020870
-0.059033
0.003025
-0.025497
0.041141
-0.012673
-0.131433
-0.116890
-0.059998
-0.072612
0.002481
0.104686
0.060790
0.100004
0.026245
0.017168
-0.029890
0.031140
0.069214
-0.004343
-0.008540
-0.049851
0.026176
-0.107701
-0.076274
0.035802
-0.001943
-0.039207
0.052636
-0.017871
-0.027762
0.054744
-0.004343
0.043644
-0.030786
-0.022329
0.016428
-0.111462
0.035840
-0.017522
-0.003888
-0.015103
0.056257
0.092234
-0.064243
-0.069275
-0.105043
-0.019127
-0.033124
-0.097432
0.000907
0.035622
-0.069454
0.009944
0.079580
0.006560
-0.000830
-0.042491
0.095153
0.032258
-0.018643
0.057477
0.075789
0.021309
0.023816
0.028336
-0.022217
0.014103
0.071249
-0.037952
-0.000806
0.060784
0.030456
0.033716
0.053331
0.033423
0.047482
0.039783
-0.051934
0.019341
0.030234
-0.018071
0.043102
0.032038
-0.002107
-0.061332
0.029530
0.030988
-0.079486
-0.003000
-0.001167
0.082510
0.071976
0.050566
-0.079812
-0.031036
-0.011229
-0.013220
0.076590
0.033752
0.050840
0.133322
0.067152
-0.090630
0.041246
-0.026273
0.018401
0.027732
-0.038447
0.090954
0.000872
-0.145136
-0.073974
-0.087858
-0.068261
-0.038924
-0.032980
-0.025257
-0.095026
-0.102977
-0.001053
0.072940
-0.031684
0.043514
0.044200
-0.029646
-0.070717
-0.032160
0.027118
0.041207
-0.031583
0.060210
0.028717
-0.004891
-0.034297
-0.055318
-0.004453
0.009010
-0.065135
0.016463
0.068255
-0.016926
-0.035070
-0.040454
-0.040945
0.105675
-0.060948
-0.042619
0.066295
-0.019122
-0.114591
-0.019065
0.021232
0.018309
-0.118859
-0.057954
-0.037361
0.042757
0.077400
0.087465
0.029303
-0.124396
-0.140540
-0.045765
-0.118987
-0.128462
-0.024199
0.008519
0.010890
-0.052743
-0.038416
-0.109711
0.016300
0.027318
0.020408
-0.028934
-0.049378
-0.006798
0.014307
-0.068538
-0.002876
0.001868
-0.002574
0.004553
0.040066
0.084651
0.054122
0.021638
0.020267
-0.055669
0.004319
-0.049668
0.031266
-0.005535
0.047410
0.044447
0.100339
0.062010
-0.065015
0.078340
-0.011961
0.039602
0.136950
0.025208
0.041919
0.070121
0.059164
0.018255
0.053308
0.087186
0.083814
0.083629
0.035718
0.000469
0.081028
0.060861
0.000649
0.036711
0.008141
0.021957
0.056785
0.061035
-0.050920
0.009330
0.010967
-0.069667
-0.033828
-0.063506
-0.119573
-0.068694
0.012957
-0.016496
0.001595
0.074569
0.052702
-0.038406
0.050384
0.012994
0.007079
0.060691
-0.027135
-0.035552
-0.024300
-0.031341
-0.038445
-0.054756
0.100831
0.042853
0.031383
0.000389
0.039332
0.013569
0.047859
-0.042069
-0.005063
-0.030800
-0.012248
-0.078156
-0.106997
0.066279
-0.064082
0.030491
0.041200
-0.067419
0.022357
-0.007653
-0.047002
0.006636
0.010807
-0.017854
0.029374
0.023749
0.034882
-0.095321
-0.001657
0.073580
0.031617
-0.015777
-0.011664
-0.023961
-0.021602
-0.014183
-0.029119
-0.016355
-0.005843
-0.057856
-0.037872
0.079250
0.082102
0.023935
0.019363
0.003059
-0.033915
-0.023715
-0.023985
-0.064996
-0.040678
-0.003838
0.035893
0.036169
-0.070565
0.015318
0.031616
-0.022341
-0.012841
-0.018529
-0.067140
-0.016128
0.046589
-0.015687
0.086905
0.033857
0.058618
0.029239
-0.034312
0.026713
0.031275
-0.032288
0.037784
-0.032497
-0.006989
0.030546
0.059866
0.033651
-0.024318
0.064700
0.028062
-0.006584
-0.019802
0.015763
0.114145
0.016665
0.086357
-0.031342
-0.008116
0.041590
-0.057675
0.092217
0.001246
-0.058588
0.074738
-0.082053
0.017371
-0.029718
-0.066265
0.105981
0.004433
-0.064534
-0.100404
0.001398
0.042232
0.003360
0.004833
-0.033290
0.004504
0.015711
-0.028523
-0.022416
-0.062025
-0.064807
-0.020676
-0.051302
-0.073021
0.064453
-0.038119
-0.046572
-0.003472
-0.036595
-0.056375
0.064414
0.028333
-0.005348
-0.034056
0.119436
0.059008
0.036404
0.021243
-0.030604
-0.023963
-0.046735
-0.033966
-0.058617
-0.030077
-0.035625
-0.026112
-0.042445
-0.044364
0.063931
-0.019325
0.135912
0.115751
0.050341
0.037028
0.003900
0.006821
-0.020424
-0.004128
0.039679
0.012585
0.008066
0.054492
-0.051427
0.022351
0.061608
0.013288
0.081629
0.062830
-0.005138
0.020911
-0.012775
0.006209
0.007959
0.066256
0.042231
0.100936
0.041739
-0.029172
0.044440
-0.003305
0.036269
0.006533
-0.009157
-0.036321
0.026366
-0.056547
-0.070667
-0.015551
-0.128631
-0.030347
0.031786
-0.043807
0.045450
-0.042012
0.018677
0.057371
-0.061982
-0.044576
0.009551
0.049244
0.043429
0.014592
-0.033054
0.029590
-0.041940
0.015152
-0.009996
0.007611
-0.073801
0.022989
-0.012672
0.012117
0.062377
-0.037145
0.071298
-0.052506
-0.060251
-0.003033
-0.063609
-0.024123
-0.046010
0.017497
-0.057343
0.015822
-0.032540
-0.054193
0.028016
0.009390
-0.032377
-0.043356
0.025832
-0.109163
-0.023549
-0.031749
-0.066765
0.006956
-0.031580
0.019175
-0.072208
-0.037703
0.033106
-0.025509
0.054724
0.036203
-0.027490
0.042798
0.033356
0.084738
-0.061585
-0.032829
-0.028164
-0.090067
0.013390
0.043396
0.008509
0.055846
0.031709
-0.017358
-0.033167
-0.032779
-0.035277
-0.012743
-0.032333
-0.030566
-0.017302
-0.032264
0.022590
0.032482
-0.047307
0.004344
-0.008164
-0.005937
-0.010745
0.024124
0.001295
0.031292
0.016742
0.014417
-0.040565
-0.011254
0.088192
0.019061
-0.045437
-0.024984
0.056069
0.022073
-0.011613
0.001284
-0.042036
0.030501
-0.060383
-0.096149
0.001875
-0.037816
0.045455
0.048509
-0.027750
0.029852
0.027996
-0.019934
-0.052574
0.016333
-0.007534
-0.016918
-0.101698
0.022840
-0.112511
-0.106083
-0.019676
-0.043216
-0.063028
0.069681
0.021061
-0.006726
-0.007537
-0.027462
-0.052507
-0.021499
0.001549
-0.007141
0.018377
-0.018973
-0.007475
-0.001902
-0.034651
0.030125
0.019223
-0.064849
-0.089779
-0.008793
-0.025128
0.049351
0.061984
-0.046838
0.105741
0.035213
-0.079213
-0.033206
0.019948
0.036869
-0.030577
0.055416
0.006388
0.115659
0.054430
-0.002553
0.109460
-0.014602
-0.018531
0.021821
-0.011574
0.023798
0.096753
-0.003633
-0.025161
0.103624
-0.055570
0.013783
-0.034717
-0.074337
-0.038726
0.042421
0.031856
0.068128
0.035317
0.032116
0.019515
0.049709
0.013860
0.004088
-0.000076
0.029750
-0.021050
0.061035
0.002616
-0.035099
-0.014439
-0.002188
0.023163
0.075504
-0.029115
0.064536
0.113412
-0.109499
0.046557
0.093019
-0.058966
-0.019988
0.065216
-0.015532
0.016501
0.030071
0.006520
-0.115030
-0.118509
0.021248
-0.003154
0.009029
-0.020683
-0.035444
-0.032655
-0.030578
-0.021363
0.051803
0.111300
0.060891
0.033940
0.098304
0.149729
0.056014
0.036068
-0.022331
-0.037500
0.014442
-0.013898
-0.072116
0.045002
0.124805
0.028844
0.011204
0.086544
0.016195
-0.049354
0.014822
-0.076477
-0.044030
-0.039737
-0.033946
-0.001047
-0.045318
-0.086421
-0.026668
-0.026313
-0.059150
0.031075
0.074041
0.112319
0.060880
0.036291
0.061161
0.007494
-0.012663
0.003076
0.049397
-0.082811
-0.042748
-0.037363
0.022003
0.006531
-0.090198
0.077533
0.081331
-0.027093
-0.062581
-0.099855
0.007406
-0.088782
-0.054128
-0.049944
0.043438
-0.008589
-0.020914
0.056429
-0.099570
-0.086672
-0.013679
0.022044
-0.002546
-0.037868
0.020008
-0.013332
-0.007857
-0.046860
-0.031289
-0.024388
0.016223
0.030216
0.059562
-0.019493
-0.009561
0.003595
0.018060
0.028042
0.091706
0.048278
-0.021289
0.033786
0.027192
-0.001222
0.038704
