2.804575
0.814504
0.610091
0.465907
0.364150
0.295438
0.284470
0.371062
0.316388
0.332955
0.172467
0.127527
0.171346
0.175560
0.209466
0.172691
0.209560
0.068430
0.128117
0.139546
0.045349
0.130980
0.100184
0.164622
0.185413
0.187531
0.189413
0.112986
0.116902
0.169374
0.146091
0.146888
0.057864
0.118323
0.049685
0.075488
0.179573
0.121731
0.148781
0.091904
0.065934
0.110610
0.134933
0.051133
0.049444
0.010221
0.027103
0.081537
0.047711
0.102390
0.077125
0.188638
0.123314
0.074651
0.064700
0.124183
0.095799
-0.011397
0.025716
0.097174
0.081099
0.153633
0.135015
0.003832
-0.021023
-0.011842
-0.041056
0.030929
0.069477
0.073698
0.104025
0.154147
0.131983
0.164036
0.040580
0.052265
0.070303
0.032674
0.138206
0.145314
0.077422
0.155665
0.044273
0.102304
0.138296
0.079555
0.127849
0.117532
0.146564
0.063850
0.104600
0.056776
-0.003758
0.140682
0.054309
0.179806
0.097463
-0.033393
0.102886
0.182963
0.132598
0.101148
0.103494
0.058573
0.066826
-0.010087
0.079435
0.076646
-0.106872
0.016109
0.041164
0.103247
0.073065
0.020719
0.075608
-0.077427
0.016529
0.148660
0.033018
0.054051
0.068559
0.065299
0.093335
0.103671
0.107222
0.066266
0.064592
-0.005736
0.000256
0.020401
-0.077440
-0.036926
-0.093928
-0.122734
0.031254
-0.033716
-0.050218
0.030132
0.097521
-0.024742
0.000853
-0.036927
0.017869
0.194423
-0.006348
0.010763
0.066932
-0.081468
-0.024733
0.102433
0.029807
-0.002415
-0.031764
-0.002330
0.003485
-0.064153
0.052491
0.002496
0.047627
0.074239
0.066836
0.071486
0.053391
-0.009637
0.077620
0.183234
0.083668
0.093931
0.079336
0.073278
0.060038
-0.016317
0.080335
-0.004400
0.044247
0.089456
-0.079329
-0.080248
-0.017086
0.043806
-0.032146
-0.057222
0.052844
0.139434
0.052328
0.064141
0.100273
0.059888
0.131332
0.076323
0.007948
0.048205
-0.001655
0.060286
0.008702
0.010160
0.003799
0.117468
0.128320
0.091240
0.121485
0.064801
0.104018
0.053358
-0.021311
0.000741
0.056655
0.019268
0.023637
-0.003101
-0.016117
0.049191
0.079439
0.117014
0.076950
0.014979
0.130957
0.053292
0.012593
0.092542
-0.060439
0.034776
0.055143
0.001607
0.008047
0.016953
0.062116
0.056512
-0.014983
-0.009320
0.027762
-0.034284
0.040075
0.084552
0.050931
0.026924
0.056640
0.088227
0.112914
0.038225
0.084024
0.072118
-0.034444
-0.015200
0.018329
0.021752
0.072509
-0.012830
-0.039460
0.027992
0.009542
-0.001409
0.088891
0.044488
0.003098
0.005391
0.032595
-0.066265
0.029692
-0.009021
0.006766
0.025557
-0.036267
-0.020055
-0.001101
-0.010009
0.055155
-0.022485
-0.032130
0.025864
-0.020028
0.016091
0.021077
0.069838
0.058238
0.074535
0.083669
0.019702
0.072646
0.075811
0.109762
0.011873
0.013916
0.086030
0.071061
0.010135
0.060563
0.064200
0.035795
0.040014
0.025119
0.002186
0.007974
0.068748
-0.027437
-0.043538
0.117461
0.087750
-0.042485
0.034011
-0.023053
0.036162
0.134467
0.099939
0.110174
0.130526
0.104154
-0.036274
0.072918
0.089038
-0.012699
0.037579
0.063960
0.055582
0.054508
0.096218
0.057153
-0.029267
0.071132
0.129725
-0.033613
0.052125
0.098954
-0.032592
0.033515
0.083438
0.007564
0.074288
-0.010134
0.100562
0.066016
0.064587
0.069524
0.061726
0.090617
0.146406
0.123299
0.010763
0.015283
0.053148
0.036742
0.042754
0.092752
-0.054189
-0.042839
-0.028159
0.013823
0.063018
-0.049259
-0.012262
0.069890
0.002268
-0.016078
0.025111
0.065541
-0.010543
0.056754
0.068490
0.076657
0.040208
0.060944
0.094767
0.037186
0.036123
0.118229
-0.036716
-0.025938
-0.002521
0.049546
0.086713
0.002035
0.066613
0.025248
0.115050
0.095526
0.122926
0.061080
0.011679
0.072952
0.079438
0.024168
0.033380
0.032429
-0.014432
-0.046592
-0.004613
0.023465
0.004629
0.046146
0.113639
0.076700
0.060448
0.092027
0.047975
-0.028852
-0.023998
0.074424
0.080445
0.012729
0.002609
0.087967
0.006351
-0.021004
0.024823
0.018910
0.023445
0.079350
0.010732
-0.014450
0.074699
-0.039730
-0.006607
0.002174
-0.000003
-0.025349
0.044265
0.110983
0.046687
0.073083
0.105980
0.147929
0.042002
0.081154
0.023737
0.079226
0.012216
0.013428
0.026536
0.043227
0.020895
0.014015
-0.010193
0.036439
-0.022688
-0.010764
0.096145
0.036874
0.034083
0.030743
0.038485
0.056208
-0.029029
0.033158
0.031126
0.016203
-0.021337
0.053894
0.004161
-0.052425
0.117958
0.026343
0.007030
0.141245
0.073946
-0.068695
0.049613
-0.008647
-0.073524
0.003619
0.030245
0.023108
0.078155
0.063354
0.060918
-0.055205
0.047285
0.025759
0.075927
0.115986
0.097989
0.068255
-0.014959
0.084577
0.083964
0.005292
0.005166
0.017827
-0.005103
-0.055265
-0.034940
0.006123
0.009200
-0.085746
0.033000
-0.013297
0.057094
0.135282
0.043958
-0.017411
0.004994
0.100122
0.129342
0.094055
0.083718
0.041159
-0.003516
-0.002583
0.015131
-0.058046
-0.109510
0.018431
0.089147
0.107386
0.086261
0.070785
0.029351
0.072810
0.007491
0.029506
0.108988
0.106182
-0.030178
0.073376
-0.080882
-0.035108
0.006225
-0.007334
0.086684
-0.064362
0.073203
0.058708
0.063086
0.083077
0.051530
0.041205
-0.032708
-0.014154
0.041268
-0.008540
0.038711
0.073463
0.042312
0.008789
0.019231
0.020593
0.018264
0.027487
0.014400
0.000508
0.029886
0.095142
0.033444
-0.046525
0.046037
0.026168
-0.002025
0.025081
0.040988
0.030852
0.019288
0.058371
-0.021014
0.075761
0.049236
0.021869
0.114467
0.033588
-0.085721
0.009258
-0.013870
-0.002438
0.057387
0.059388
0.037431
0.067334
0.081184
0.044832
0.044205
-0.006614
0.035335
0.015030
-0.005258
-0.037434
0.012717
0.027157
0.025565
0.057794
-0.012953
-0.011591
-0.008334
0.042496
-0.011693
-0.019903
-0.032201
0.095911
0.137731
0.060969
0.072159
0.136288
-0.000866
0.084908
0.122356
0.051702
0.057794
-0.105486
-0.004082
0.008427
-0.123348
0.036988
0.003594
0.042998
0.055424
0.031487
0.035086
0.003880
0.030731
0.080216
0.072924
0.092087
-0.012952
0.090127
-0.007582
-0.031284
0.044117
0.037946
-0.052409
-0.064963
-0.092743
-0.097084
-0.046065
0.002441
-0.043140
-0.081072
0.010955
0.021517
-0.020169
0.012890
-0.006556
-0.008079
-0.011212
0.010793
-0.006654
-0.094478
-0.049317
0.034055
0.078014
0.033622
0.002386
0.042383
-0.079381
0.035331
0.030713
-0.071929
0.049872
0.035977
0.076666
0.063988
0.012218
0.013310
0.013789
-0.006920
-0.004797
0.084402
-0.016492
-0.013800
-0.053300
-0.071187
-0.018504
-0.017653
0.075332
0.052194
0.009433
0.067657
0.074843
0.027797
0.127050
0.157787
0.096376
0.057044
0.047653
0.046123
0.012803
-0.084675
-0.042911
-0.039163
0.021124
0.038106
0.028496
-0.006344
-0.057080
0.000702
0.003832
0.106792
0.089279
0.074310
0.051208
0.045086
-0.021330
0.006144
0.040965
-0.081256
0.032978
0.030241
-0.035964
0.027243
0.037861
-0.005363
0.049072
-0.054732
-0.042608
-0.002410
-0.113460
-0.061151
0.015030
-0.032176
0.001396
0.026108
-0.033997
0.137612
0.064089
-0.062518
0.021535
0.022906
-0.068690
0.018479
-0.070146
0.017473
-0.067782
0.028647
-0.119900
-0.089339
0.053248
-0.007800
-0.031216
0.057873
0.049983
0.073344
0.029947
-0.053837
-0.008033
-0.006310
0.053625
0.019071
-0.059992
-0.024841
-0.141503
-0.027443
0.039890
0.036066
0.009662
-0.003070
-0.004763
-0.020134
0.004521
-0.001698
0.009617
-0.028902
0.116058
0.038296
-0.001525
0.018554
0.021305
0.168414
0.104563
0.094159
-0.000560
-0.029494
0.008992
-0.090711
0.002809
0.086477
0.026592
0.005753
0.091475
0.065711
-0.030671
-0.026985
-0.013383
0.113855
0.126760
-0.039204
-0.005810
0.039032
0.010239
-0.001180
0.016202
-0.013319
-0.019465
0.138375
0.053295
0.045983
0.072329
0.043402
0.091518
0.055144
-0.006666
0.098474
0.017233
0.014786
0.035579
0.028982
0.017695
0.001971
0.084711
0.002569
0.013881
0.103558
-0.010829
0.087672
0.052834
0.036833
0.097104
0.080925
0.084817
0.011482
0.030959
0.130629
0.098515
0.004903
-0.016083
0.040927
0.066947
0.084691
0.121176
0.024979
0.016483
0.123608
0.147993
0.048348
-0.073557
-0.052448
-0.034032
-0.000489
0.038941
0.003946
-0.026107
0.069272
0.046349
0.016785
0.120711
0.138144
0.054899
0.103129
0.033997
-0.088884
0.029870
-0.009079
-0.004295
0.100491
-0.041783
0.068787
-0.002420
-0.006246
0.106609
0.065803
0.084916
0.056464
0.070282
0.094795
0.044739
0.038246
0.000585
0.054093
0.112923
-0.015050
0.088096
0.075831
-0.017671
0.086805
0.084085
-0.063861
0.047925
0.071231
0.064817
0.002110
0.002361
0.041075
0.075003
0.017225
0.067692
0.106284
0.089466
0.026588
-0.031315
0.007821
-0.005049
0.056293
-0.001395
-0.074631
-0.037583
0.013935
-0.013854
0.023780
0.044856
0.045796
0.101923
0.040154
0.000084
0.009371
-0.014879
0.015659
-0.067111
-0.039286
0.024947
-0.028025
0.019541
-0.001356
-0.019227
0.013435
0.078211
0.045840
-0.017620
0.111805
0.076686
0.032787
0.113415
0.044969
0.078039
0.009490
-0.015502
-0.026579
-0.059360
-0.024754
0.036407
0.094705
-0.046448
0.017414
-0.008172
-0.001682
0.051906
-0.012738
0.028248
0.084923
0.073879
0.041294
0.020512
0.005393
0.029750
0.051951
0.077277
0.094336
0.043779
0.074198
0.082303
0.055628
0.057154
0.081988
0.100054
-0.006133
0.023467
-0.087743
-0.000391
0.074293
0.013261
0.056141
0.058901
0.099978
0.094639
0.130327
0.091992
-0.052785
0.024595
0.015064
-0.044480
0.036136
-0.082632
-0.040829
-0.009461
-0.058773
0.013199
0.046921
0.048600
0.006342
-0.095571
-0.041091
-0.062719
-0.028763
0.009121
-0.019576
0.030547
0.059807
-0.024298
-0.000093
-0.019342
-0.080976
0.023608
-0.021947
-0.011669
-0.014777
-0.069036
-0.038837
-0.078566
0.005686
-0.024383
-0.052625
-0.001237
0.005251
0.029236
-0.053826
-0.010390
0.012977
-0.029094
0.005930
-0.019815
0.043649
0.000180
-0.037724
-0.004147
0.021947
-0.062762
0.012383
-0.079769
-0.028211
-0.010665
0.006258
0.036226
0.027467
0.042883
0.049613
0.085646
0.043350
-0.029522
0.096449
0.035277
0.067772
0.177893
0.035959
0.061607
0.139173
0.046501
0.035168
0.035888
0.097870
0.054380
-0.036989
-0.027795
0.053679
0.018917
-0.030796
-0.034686
-0.011041
0.029084
0.004770
-0.008848
0.025528
-0.012957
-0.016954
-0.128460
0.002387
0.025701
-0.008670
0.092731
0.024992
0.070577
-0.027083
-0.037483
0.097821
0.028046
-0.012741
-0.014348
-0.033834
0.029512
0.017089
0.080833
-0.003696
0.059429
0.014540
-0.002183
0.116281
0.069924
0.028191
0.014007
0.074341
0.012179
-0.039312
-0.054445
-0.043097
-0.030350
-0.025277
-0.013252
0.049688
-0.024960
-0.058680
0.020341
0.081280
-0.043782
-0.021015
-0.001359
0.016997
0.026402
-0.062258
-0.124091
-0.051007
-0.010379
0.026132
0.094540
0.044853
-0.021143
0.080199
0.022486
-0.032271
-0.030127
0.070179
0.032418
0.062512
0.097485
0.130981
-0.017423
-0.016101
-0.031482
-0.032976
0.047958
0.049152
0.053746
-0.050510
0.025680
0.082409
-0.060558
-0.010039
-0.002090
0.041140
0.144759
0.048994
0.053754
0.032704
-0.019641
0.003364
0.074237
-0.049759
-0.009121
-0.045430
-0.069792
-0.020542
0.037763
-0.002600
-0.004572
0.037817
0.052398
0.008790
-0.033209
-0.050815
-0.027204
-0.010650
-0.020844
-0.041558
0.012889
0.033917
-0.012415
-0.083871
0.032655
0.057250
0.036924
-0.002670
0.024988
0.040281
-0.006836
-0.025184
-0.068449
-0.014017
0.004745
0.048222
0.135619
0.008126
0.006240
0.057402
0.023934
0.041920
-0.051519
-0.011906
-0.009500
0.000505
-0.000559
0.000565
0.047175
-0.031966
0.007479
-0.095323
-0.059771
0.035307
-0.009283
0.019200
-0.011753
0.010066
0.052695
-0.046594
-0.034668
0.053712
0.096588
0.083837
0.001234
0.033447
0.110009
0.008797
-0.056095
0.026533
-0.012275
0.012234
-0.009536
0.043360
-0.010585
-0.000695
0.003803
-0.061439
0.017329
0.028424
-0.064561
0.032880
0.041018
0.005417
0.027496
0.011968
0.040975
-0.045052
0.004617
0.021925
0.035782
0.002458
-0.016430
0.057944
-0.023423
0.033572
0.059476
-0.021923
0.056981
0.082438
0.027261
-0.001029
0.041123
0.051968
0.069232
-0.008229
-0.104489
-0.059929
0.037106
0.072899
-0.084775
0.033139
0.060350
-0.099774
0.008547
0.029139
0.043864
0.097271
0.001190
-0.026689
0.030679
0.017578
-0.021374
-0.049553
-0.047650
0.046541
-0.031957
-0.057187
-0.034258
-0.031443
0.033851
0.066962
0.030040
-0.013877
0.039935
-0.010213
0.000768
0.058483
0.020540
0.052660
0.049576
0.033640
0.014613
0.067561
0.065393
0.065968
0.002372
-0.023391
0.131611
0.152483
0.128048
-0.022254
-0.038200
0.053117
-0.033524
-0.004804
0.027587
-0.080518
-0.010605
0.025087
0.016278
-0.001650
-0.005736
-0.030019
-0.000457
-0.052253
-0.005879
0.017671
0.054900
0.049993
0.020510
0.024682
-0.036033
0.025159
0.022457
0.034932
-0.003522
-0.032465
0.024844
-0.122748
-0.050763
-0.010649
-0.069269
0.024422
-0.015078
-0.067292
-0.003691
-0.051680
0.076784
0.020671
-0.011391
0.073932
0.010286
0.056350
0.044240
0.034515
0.040402
-0.056815
-0.010837
0.057150
0.050323
-0.063021
0.018547
0.018230
0.024279
0.047802
0.021172
0.000304
-0.091276
0.025281
0.039866
-0.058445
0.102943
0.049670
0.038541
0.052789
0.001220
0.082554
0.035583
0.037387
0.050910
0.070543
0.005207
0.066149
-0.003474
0.024116
0.012765
-0.010202
-0.060198
-0.075119
-0.026098
-0.011431
0.012961
-0.018314
0.057209
0.089649
-0.000219
-0.076459
-0.003347
0.069759
-0.008508
0.091938
0.019867
-0.011742
0.040694
-0.062657
-0.065750
0.022984
0.013935
-0.029698
-0.005879
-0.031690
-0.020059
-0.010528
-0.126051
0.026993
0.080257
0.057028
-0.027341
0.004600
0.018103
0.102708
0.001011
0.001587
-0.007943
-0.080534
0.038606
-0.048630
0.021052
0.063008
0.023041
0.100019
-0.022082
0.012558
-0.110929
-0.095808
-0.060316
0.026951
0.041361
-0.068809
0.029287
0.105977
0.066947
-0.036900
-0.115892
-0.074529
-0.001456
0.035737
0.016723
0.003899
0.008262
0.027385
0.056094
0.073085
-0.015383
0.041446
0.051226
0.087454
0.036587
-0.027966
0.084993
-0.079093
-0.046376
-0.002102
-0.050621
0.049112
-0.028738
0.031904
0.063949
-0.012207
0.092099
-0.048405
0.061288
0.079370
0.016744
0.013875
-0.005490
0.077273
-0.001473
0.023019
0.065834
0.058322
0.005974
0.039381
0.010695
-0.051715
0.038333
0.002457
0.033408
0.045065
0.023746
0.061816
0.077439
0.022889
-0.033299
0.049119
0.071062
0.014010
0.017549
0.002894
-0.005803
0.003475
-0.016487
0.047419
0.001538
-0.066506
0.050681
0.066376
-0.017451
-0.038537
-0.057838
-0.004536
-0.026932
0.001642
0.026818
0.146777
0.043426
0.070543
0.064234
0.058817
0.034077
-0.016753
-0.033905
-0.025514
-0.002260
0.034655
0.070803
0.110624
0.041998
0.069974
-0.004976
0.021344
0.098539
0.068688
0.099318
0.026077
-0.022318
0.046853
-0.011021
0.035691
0.074772
-0.073032
-0.030922
0.026538
-0.037100
0.049185
-0.023057
0.035210
0.082946
0.034157
-0.022513
0.022446
0.029251
-0.011245
0.079786
0.029146
0.024926
0.061218
-0.011909
0.068829
0.013736
0.048677
0.102696
0.067843
0.034462
0.044083
0.037885
-0.005386
-0.022804
-0.094514
-0.057258
0.006354
0.033086
-0.032047
0.011222
-0.038833
-0.041149
-0.034904
-0.014607
0.048010
-0.007195
0.005799
0.013112
-0.034605
-0.011981
0.144999
0.122459
-0.067138
0.057195
0.009832
-0.056026
0.061073
-0.061471
0.092584
0.018414
-0.072193
0.127285
0.040720
0.083786
0.127945
0.081679
-0.006591
-0.004650
0.087864
0.018155
-0.063117
0.067486
0.117209
0.096338
0.031844
0.069119
0.068062
0.032832
-0.022143
0.024637
-0.045341
-0.008386
0.054158
-0.028687
-0.046073
0.056814
0.018302
-0.032338
0.047395
0.027585
-0.011270
0.050038
0.033673
-0.004828
0.018032
0.016957
-0.011913
0.073849
0.015727
0.014629
0.011155
-0.031223
-0.081250
-0.069219
0.046723
0.054109
0.082897
-0.067748
-0.091056
0.019890
-0.081573
-0.035663
-0.029068
-0.019994
-0.070253
0.061283
0.068011
-0.040648
0.021400
-0.022450
0.047709
0.035993
-0.059613
-0.036907
-0.050854
0.040765
0.022153
0.080781
-0.015271
-0.041480
-0.003117
-0.058618
-0.099221
-0.059114
0.043375
0.017532
-0.042425
0.045726
0.017565
-0.067014
0.015565
0.033662
0.010268
-0.001160
-0.081967
0.068062
0.040668
-0.098642
-0.017384
0.026920
0.116706
0.030513
-0.017253
0.063223
-0.097844
-0.044971
0.045760
-0.041658
-0.040070
0.036305
0.048112
-0.036461
-0.056533
-0.099559
-0.035331
-0.011760
-0.042122
-0.045148
-0.020277
0.033757
0.017737
0.024811
0.033989
0.047623
-0.061489
-0.101637
-0.077736
-0.078451
-0.083910
-0.010476
0.053394
-0.040877
-0.060402
-0.001699
0.016022
0.016972
-0.094574
-0.037756
0.075262
0.021011
0.019511
-0.014510
-0.048268
0.042172
0.001375
0.039204
0.096073
0.082483
0.025160
0.056407
0.041327
0.152349
0.101370
-0.095074
0.024109
-0.070673
-0.059471
0.064400
-0.012915
-0.003573
0.053526
0.103024
0.047282
0.055600
0.063150
0.016378
0.101926
0.012346
-0.070275
-0.080148
-0.044544
-0.062356
-0.082591
-0.108216
-0.065664
0.039688
0.045019
-0.032878
0.072418
0.029739
0.040153
0.074372
-0.000186
-0.102332
-0.078718
0.045525
-0.084407
-0.014695
-0.037120
0.055831
0.028473
-0.028408
0.033651
0.008163
0.000874
-0.014146
0.029624
-0.013389
0.038483
0.051338
-0.097854
-0.049495
0.029065
0.064609
0.118427
0.087718
0.075544
-0.014523
0.077900
-0.020458
-0.006990
0.038007
-0.029410
0.011183
0.080466
-0.019618
0.042370
0.066547
-0.068925
-0.061493
-0.034953
0.002530
-0.050656
-0.015201
-0.014298
-0.054494
-0.003206
-0.042876
-0.027755
-0.001626
-0.055343
-0.047582
0.037265
0.001068
0.001086
0.010322
-0.044836
-0.082037
-0.045820
0.001805
-0.015962
-0.055787
-0.042168
-0.043182
-0.036857
-0.002008
0.013818
0.128146
0.131506
0.006314
0.121916
0.073717
0.051442
0.045121
0.025870
0.032806
0.015776
-0.029510
-0.010443
-0.002894
0.014646
0.021754
-0.100609
-0.044189
0.042259
0.061128
0.023522
0.017289
-0.008291
-0.001286
-0.006778
0.001281
0.001068
0.054531
0.037247
0.060623
-0.059035
0.029536
0.051108
-0.048579
-0.111076
-0.029643
0.040671
0.032208
0.011459
-0.048937
0.020801
0.039725
0.106709
0.013389
-0.006745
0.007448
0.013330
0.031349
0.065790
0.052953
0.020050
-0.034621
0.042364
-0.049239
-0.022125
-0.010504
-0.024582
0.053637
-0.086529
-0.017918
-0.007943
-0.014567
-0.036258
-0.032713
0.066407
0.044123
0.035800
0.028057
0.043856
0.052452
0.000329
-0.001960
0.080875
-0.071824
-0.068657
0.051967
-0.029781
-0.055772
-0.020147
0.020309
0.068478
0.049791
-0.019695
-0.041900
-0.029292
-0.029289
0.019421
-0.069665
0.013009
0.112647
0.036189
0.000258
-0.040676
0.019593
0.035404
0.112304
0.091403
0.038078
0.050701
0.002601
0.104119
0.049940
-0.069196
-0.027463
0.041208
0.078616
0.033357
0.003065
-0.080419
0.017742
0.009516
0.005121
0.063086
-0.000849
0.054430
0.066301
-0.024658
-0.013670
-0.001953
0.018150
0.019126
-0.019954
-0.039304
-0.025357
-0.082609
-0.037026
0.006185
0.042449
-0.014501
0.017078
0.084346
0.062732
-0.022558
-0.018414
-0.032270
0.102586
0.009372
0.069047
0.078057
0.052946
0.039132
-0.053772
0.004900
0.061447
0.058294
-0.033972
0.030440
-0.069874
-0.023099
-0.051840
-0.059484
0.011025
-0.048212
-0.065317
0.032657
0.036937
-0.006315
0.011250
0.063427
-0.016534
-0.012090
-0.047470
-0.118206
-0.099719
-0.033030
-0.073329
-0.072182
-0.037579
-0.068812
0.054122
-0.036045
0.023175
0.064211
0.001353
-0.018764
-0.039958
0.053663
0.029063
0.110443
-0.043676
0.007420
0.096742
0.020039
-0.040590
-0.041092
0.009305
0.025336
0.033619
0.112355
-0.008369
-0.087530
-0.040959
-0.079213
-0.055197
-0.064188
-0.018167
0.101155
-0.051940
-0.002060
0.042343
-0.063578
0.044565
-0.033379
-0.041350
0.065075
0.049665
-0.000086
-0.005620
0.020995
-0.030006
0.098189
0.073713
-0.032435
-0.045065
-0.051682
-0.047379
-0.064294
0.011398
-0.010229
-0.028596
0.031724
-0.034862
-0.090933
0.004453
-0.015237
-0.017221
0.017419
0.044571
-0.018506
0.066048
0.111538
0.022800
-0.020223
-0.011332
-0.104539
-0.118945
0.000817
-0.057235
0.004645
0.001832
0.006060
0.015486
0.026649
0.024964
0.053210
0.017007
0.023407
-0.019250
-0.062205
0.028143
0.071411
-0.038561
-0.094044
-0.035331
0.004931
-0.035689
-0.014982
-0.011563
-0.012039
-0.064627
-0.057262
0.004692
0.024598
-0.063946
-0.013999
0.011000
0.043885
0.071986
0.061419
0.070750
0.068575
-0.003413
-0.028682
-0.014569
0.064892
0.059715
0.048970
0.020139
0.021431
0.042076
-0.001858
-0.039489
-0.021925
0.118467
-0.008158
-0.100306
0.000848
-0.076434
0.048050
-0.032005
-0.102929
-0.050338
-0.004298
-0.021866
-0.009334
-0.015906
-0.097585
-0.073534
-0.072647
0.075290
-0.039141
0.020740
0.050274
0.059330
-0.051062
0.027851
0.083646
0.017416
0.009677
0.026013
0.031838
0.060580
-0.064347
0.046090
0.014375
-0.055327
-0.008151
0.053386
0.146705
-0.011546
0.057218
0.147119
0.049662
0.128238
0.114654
0.064348
-0.001320
0.010940
0.019880
-0.034487
-0.000863
0.032481
0.025949
0.048340
0.041914
0.048603
-0.029636
0.002416
-0.001815
0.037673
0.083698
0.027135
-0.016744
-0.014229
-0.025710
-0.008884
0.039829
0.042518
-0.062019
0.043672
0.030273
-0.042737
-0.010560
-0.007540
0.012017
0.062444
0.083302
0.070287
-0.025428
-0.052721
-0.049904
0.025841
-0.059282
-0.001540
-0.048686
0.050513
0.060197
-0.036018
-0.030953
0.003409
-0.043726
-0.088181
0.002794
0.006478
0.018324
0.100590
0.093278
0.025306
0.079349
0.147283
-0.015029
0.004489
0.113966
0.076184
0.091903
-0.097840
-0.074842
-0.066057
-0.051861
-0.009648
-0.039192
-0.029423
-0.029325
-0.021037
-0.011158
0.023964
0.061777
-0.025101
0.032324
0.007242
0.029738
-0.028511
-0.067698
-0.087129
0.053321
0.080224
0.067224
0.059542
-0.026685
0.014722
0.083097
0.050599
-0.008990
-0.039807
-0.025733
-0.018643
0.008063
0.021071
0.013563
0.100668
-0.056931
-0.070712
-0.006030
0.035344
-0.031701
-0.133641
-0.072597
-0.078588
-0.090645
-0.017387
-0.079532
0.088502
0.088676
-0.031667
0.004589
-0.036942
0.009832
0.017520
-0.065676
-0.154738
-0.025494
-0.057455
-0.152765
-0.029488
-0.006179
-0.009355
0.064894
0.029275
0.026742
-0.026965
-0.031634
0.017640
0.048349
0.023525
-0.015570
-0.039046
-0.093602
0.010865
0.003281
0.002367
0.041497
-0.015327
0.009637
-0.031959
0.029442
-0.059553
-0.001845
-0.014698
0.016649
0.046265
0.059185
0.066342
0.013513
0.064131
-0.011576
-0.023944
0.000299
-0.008743
-0.036601
0.019558
0.043871
0.086978
0.043966
-0.073615
-0.063322
0.107403
0.024432
0.010532
0.051887
-0.113273
-0.029684
0.022276
-0.042014
-0.111311
0.067177
0.024910
-0.059619
-0.027717
-0.077733
-0.008417
0.063652
-0.007841
0.031958
0.044888
0.028917
-0.029868
0.040554
0.089201
-0.039340
0.023535
0.002415
0.033238
0.066869
0.138158
0.087033
0.055715
0.046469
-0.087080
0.010674
0.030570
0.066632
0.041216
0.004956
0.065125
0.015451
0.051198
0.125765
-0.048141
-0.013221
0.011662
-0.019824
-0.016549
0.006038
0.018899
0.053269
0.016633
-0.062224
-0.053814
0.006830
0.055123
0.074109
0.078578
-0.006945
-0.031558
0.131699
0.123317
0.056108
0.016348
-0.027257
0.032001
-0.006857
0.027451
0.030356
-0.057003
0.029175
0.011498
-0.011002
0.002027
-0.071715
0.004284
0.060378
0.039344
0.069734
-0.044583
0.023068
0.094814
-0.069029
-0.003073
0.029899
-0.027135
-0.019679
-0.009578
0.040242
0.029684
0.063314
-0.011680
-0.038344
-0.042244
-0.021025
-0.065845
0.005419
0.021446
0.018004
0.033412
0.075646
0.029371
0.089775
0.121876
0.062573
0.047698
0.106992
-0.021990
-0.011316
-0.048107
0.034362
0.095093
0.080755
0.014081
-0.004299
0.048100
0.026737
0.034943
0.017979
0.053946
0.110743
-0.012274
0.033119
0.023132
0.049354
0.024922
-0.127592
-0.005909
-0.011734
-0.027726
0.009374
-0.017873
0.033945
0.117566
-0.017124
0.069494
0.034969
0.000938
0.027028
0.050552
-0.034633
0.017749
0.014889
-0.115477
0.039176
0.056744
0.067159
0.070283
-0.019607
0.045083
0.013066
-0.121413
-0.007196
-0.000736
0.006112
-0.034598
-0.106713
-0.103358
-0.091731
-0.014772
-0.041261
0.045160
-0.014881
-0.044201
0.051723
-0.009599
0.007128
0.026143
-0.053787
0.035378
0.033741
-0.002508
-0.026355
-0.022663
-0.003097
0.006750
0.065529
0.031371
0.061205
0.033694
0.104349
0.019086
-0.117138
0.031025
-0.041994
-0.030988
0.087146
0.051756
-0.100853
-0.024899
0.002859
-0.016034
-0.053839
-0.008938
-0.109334
-0.052977
-0.003123
-0.038795
-0.080078
-0.012283
-0.085119
-0.051969
0.039052
0.089753
-0.025306
-0.077217
0.005602
-0.061044
0.016438
0.087934
0.042938
-0.060797
0.019441
0.002684
-0.075327
0.024639
0.080393
0.028104
-0.091311
-0.032998
-0.021920
-0.119911
-0.000265
-0.074011
-0.020152
-0.054247
-0.025967
0.030717
0.069213
0.051846
0.114578
0.043673
0.038762
0.107955
0.015850
0.059409
0.021772
-0.058020
-0.019264
-0.019348
0.008006
-0.016536
0.040711
-0.018507
0.076273
-0.012485
-0.012572
0.111753
0.073850
0.000428
0.054196
0.093561
0.036549
-0.013993
0.107414
0.120964
0.073314
0.059763
0.085131
0.075376
0.034202
0.053611
0.018893
0.044619
0.066607
0.020345
0.026593
0.026766
-0.126220
0.067312
0.111760
0.036519
0.093483
-0.019228
0.040397
0.054861
0.016554
0.073578
0.109176
0.030261
-0.006540
-0.077898
-0.048843
0.027553
-0.035624
-0.031322
-0.065423
-0.025127
-0.052682
0.029254
0.080328
0.010170
-0.030308
-0.067261
0.081820
0.059703
-0.026029
0.019644
0.073974
0.095832
0.070518
0.079938
0.046000
0.017530
-0.074323
-0.019479
0.096142
-0.026650
-0.079931
0.038176
-0.010471
-0.017221
0.031816
-0.010611
0.009960
0.035669
0.016555
-0.025277
0.090974
-0.012294
-0.063961
0.086407
-0.017962
-0.037526
-0.036698
-0.008685
-0.015464
-0.006761
-0.005960
0.014299
-0.003687
-0.007721
0.012366
0.075677
-0.000756
-0.058759
-0.010530
0.129004
0.130727
-0.013489
0.104354
0.062876
0.039110
0.058333
0.086228
0.157535
0.138189
0.028017
0.071352
-0.037361
0.011464
0.052936
-0.026586
-0.053204
0.048092
0.059213
0.044030
0.038359
0.103431
0.093220
-0.003887
-0.028120
0.039254
-0.006811
0.029425
-0.007610
-0.011777
0.126417
0.101772
0.026851
0.010596
0.008175
-0.008701
0.023367
0.135926
0.133833
0.132301
0.027133
0.051452
0.117524
0.018448
-0.006016
0.042056
0.014714
0.052035
0.063541
0.017940
0.024763
0.026234
-0.007566
0.150963
0.088004
-0.044170
-0.040262
0.010495
-0.015773
0.063346
0.104134
-0.059621
-0.125397
0.014971
0.065064
0.100917
0.089667
0.086154
0.011912
0.066075
0.116680
0.026917
-0.009823
-0.032375
-0.021841
-0.051044
0.025278
-0.021532
-0.025794
0.074938
0.087631
0.019100
-0.032825
-0.081098
-0.000887
-0.018444
-0.045448
0.052195
0.015030
0.022511
0.056512
0.000431
0.021518
0.036074
-0.025459
0.032545
0.116362
0.008179
-0.084320
0.048113
0.019858
-0.045561
0.070853
0.002840
0.010090
-0.050407
-0.100925
-0.090596
-0.020144
0.019938
-0.027462
-0.022227
-0.047167
-0.019685
0.062558
0.027977
-0.013147
-0.018165
0.029406
0.011859
-0.014262
-0.030143
-0.035755
0.037530
-0.011672
0.025053
0.054938
0.011627
-0.018317
0.010253
0.009007
-0.017210
-0.027452
-0.087608
-0.022766
-0.034874
-0.087718
0.050028
0.051110
0.017326
0.105070
0.007697
-0.081793
-0.056535
-0.007888
0.024541
-0.055084
-0.105417
0.000829
-0.014407
0.006294
0.065157
-0.060653
-0.039150
0.000616
0.001683
0.014649
0.013412
0.036656
0.002231
0.055937
0.043205
-0.041319
-0.058909
-0.040836
-0.035348
-0.064891
-0.071735
-0.134340
0.005480
0.009742
-0.034705
0.004969
0.069418
0.007283
-0.056053
0.074751
0.077549
-0.002527
0.054138
0.089656
-0.048400
0.071974
0.031845
0.011999
0.015186
0.017512
0.073997
-0.018723
0.015158
-0.047752
-0.015145
-0.073144
0.041902
0.032192
-0.059836
-0.015405
-0.092716
0.009378
-0.010472
-0.142435
-0.031644
0.078016
-0.009864
0.000530
0.037803
0.006046
0.063655
0.033938
-0.023735
-0.001478
0.003216
-0.083249
-0.027839
0.012974
0.029895
0.040272
0.004938
-0.007266
-0.099471
0.009470
0.072248
-0.094150
0.005446
-0.018373
-0.080656
0.019736
0.079336
-0.032913
-0.037341
0.033509
0.003912
-0.060016
-0.015347
-0.013174
-0.057831
-0.052465
0.027268
-0.065942
-0.030653
-0.000890
-0.058436
-0.010051
0.050282
0.047165
-0.073739
0.067802
0.138314
0.025765
0.032417
0.051933
0.002674
-0.022320
0.067405
0.035327
0.022548
-0.000198
0.006574
0.033682
-0.015524
0.033382
0.018566
0.072439
0.054127
-0.055086
-0.007430
0.039115
-0.020813
0.038352
0.040505
0.084488
0.103797
0.067107
0.103997
0.115890
-0.020331
-0.008799
0.029728
0.058939
0.092708
0.042068
0.006715
-0.067618
-0.085674
0.007637
0.002001
0.019442
-0.020638
-0.027558
0.043481
0.014864
-0.011705
-0.007148
0.061339
-0.027773
0.082490
0.048016
0.042467
-0.036347
-0.104715
0.035253
-0.047541
-0.062490
-0.038938
-0.079266
-0.034864
0.066517
0.035663
0.019427
0.067996
-0.016816
-0.114061
-0.069863
-0.017891
-0.052087
-0.037183
-0.077271
-0.009506
0.049895
-0.002014
-0.116621
-0.010351
-0.008265
-0.018590
0.007316
-0.006933
0.008024
-0.025439
-0.004001
0.057048
0.145102
-0.007942
0.038335
0.082279
-0.023687
-0.002629
0.020960
-0.029966
-0.033085
-0.008032
-0.030688
-0.045907
0.070845
0.008415
-0.001132
0.002234
-0.086511
0.059235
0.007326
-0.072179
0.029860
0.061893
-0.048194
0.031071
0.035506
-0.000189
0.005994
0.011064
0.014358
-0.024276
-0.003134
0.058186
-0.038117
0.005181
0.010429
-0.056489
0.065841
-0.001537
0.014572
-0.030957
-0.068824
-0.068467
0.008994
0.084531
0.037368
0.061004
0.077804
0.001867
-0.002468
0.004515
0.062753
0.017225
-0.002884
0.000900
-0.083784
0.080339
0.051182
0.047913
0.030046
0.017523
0.000430
-0.085522
-0.039064
0.018684
-0.013474
0.018571
0.066955
-0.036808
-0.047510
-0.045322
0.051998
0.099816
0.086588
0.128674
0.024829
0.085540
-0.001942
0.061310
0.053390
0.002522
-0.004648
-0.081303
-0.019610
-0.074275
-0.029267
-0.047015
-0.017839
-0.032467
0.027797
0.129842
0.003869
-0.051782
-0.011906
0.058938
-0.063329
-0.015097
0.115643
-0.040978
-0.008519
-0.000645
-0.032492
-0.007800
-0.018449
-0.022200
0.012993
0.018950
0.076625
0.081485
0.045392
0.032760
-0.092545
-0.015024
0.046814
-0.062435
-0.053156
0.038231
0.006564
0.014598
0.068674
-0.042453
0.000437
0.007513
-0.009425
0.026192
-0.125717
-0.020960
0.083492
0.068305
0.021391
0.040516
0.020259
-0.021697
-0.017663
0.017873
0.066650
0.089767
0.056611
0.033216
-0.045054
-0.031061
-0.100970
0.042169
0.077535
-0.093955
0.086955
0.075701
0.055758
0.075299
0.016559
-0.007124
-0.109372
-0.061508
-0.034836
-0.091639
-0.052949
-0.025381
-0.001055
-0.004985
-0.016675
-0.004896
0.034104
0.055181
0.021410
-0.019368
-0.096636
-0.078848
-0.035072
0.005508
0.009966
0.050485
0.005783
-0.037147
0.025255
0.058511
-0.050481
-0.046111
-0.013307
-0.018079
-0.000160
-0.040589
-0.071316
0.003007
-0.005689
-0.006011
0.003482
-0.048419
0.029119
0.063067
-0.007387
0.034092
0.055700
0.000773
0.040682
0.010861
0.005694
0.036973
0.085347
-0.012433
0.020406
0.017236
-0.006270
-0.024402
0.003381
0.053498
0.018472
-0.018338
0.006509
-0.097926
-0.065769
-0.007002
0.002677
-0.024115
0.046665
-0.016803
-0.018133
0.028911
-0.094204
0.045339
0.022003
-0.005954
0.067666
-0.005528
-0.062514
0.011978
0.005333
-0.042572
-0.087108
-0.013981
-0.024152
-0.044243
-0.026230
0.020907
0.072255
0.010843
0.067170
-0.058705
0.047539
-0.002285
0.023809
0.000298
-0.047598
-0.006891
0.024953
-0.051563
0.010826
0.027508
-0.028232
0.087016
-0.107287
-0.006232
0.022000
-0.036259
0.037125
0.057782
0.030881
0.097539
0.037824
-0.018442
0.033036
-0.020241
-0.102414
-0.082454
0.030972
-0.037937
-0.062674
-0.054285
0.019750
0.043862
0.007315
0.046231
0.011195
-0.023828
0.047719
0.109543
-0.075622
0.071776
0.012370
0.025311
0.015830
-0.042372
0.011370
0.037136
-0.040505
-0.034342
0.074837
-0.029704
-0.062777
0.000988
-0.099860
-0.012280
-0.068203
0.011686
0.040994
-0.024782
-0.033819
-0.040896
-0.049360
0.026346
0.006259
0.017659
0.080632
0.083083
0.040494
-0.004810
0.030489
0.064489
-0.038250
-0.031004
-0.055576
-0.072945
0.045673
-0.042153
0.004585
-0.031762
-0.063346
0.090946
0.003054
0.006374
-0.025382
-0.030649
-0.040055
-0.116721
-0.027803
-0.043321
0.070195
0.031131
0.000261
-0.032704
0.023106
0.027547
-0.061201
-0.011263
0.041404
-0.005081
-0.001949
0.050493
0.062728
0.096967
0.032329
0.002106
0.075521
-0.052998
0.002514
-0.030306
-0.017508
0.033811
0.066804
-0.079459
-0.060458
0.037989
0.019600
0.045575
-0.044449
0.035320
0.083868
-0.091092
-0.089734
-0.005679
-0.041982
-0.148738
-0.050809
-0.073990
-0.046827
-0.091960
-0.113136
-0.007081
0.042131
0.033287
0.037428
-0.006932
0.033693
0.010645
0.023847
0.115681
-0.017353
0.068304
0.034843
-0.013479
0.084393
-0.021045
-0.029980
-0.020110
0.028369
0.041353
0.031908
0.117063
0.048089
-0.038999
0.028369
0.081096
0.033197
0.026966
0.038524
0.008479
0.059565
-0.033449
-0.075881
-0.068236
0.030299
-0.045159
0.053113
0.068446
-0.081055
0.050323
0.061341
0.083003
0.104408
0.000331
-0.006980
0.002634
0.027618
0.018916
-0.027091
0.003633
0.053388
0.017032
-0.010381
-0.014297
0.011950
0.031561
0.070852
0.042358
-0.022547
-0.097822
-0.027642
0.063241
0.052295
0.051758
0.002979
-0.024359
-0.021243
-0.034987
0.000066
-0.001380
0.011993
0.025915
0.020179
0.046687
0.021086
0.016180
-0.055532
-0.007537
0.060987
-0.084241
0.010241
0.060532
0.021920
0.039586
-0.006696
0.055009
0.193754
0.028120
0.084544
0.090252
-0.045932
0.106232
0.025664
-0.040073
-0.041149
0.001620
0.030644
-0.005713
0.045779
0.081197
0.023578
0.030478
-0.008742
0.044945
0.090240
0.008947
-0.017850
0.051602
-0.031915
-0.023818
-0.065666
0.000489
0.052777
-0.018486
0.072461
-0.044306
0.031896
0.027232
-0.025944
0.106895
-0.049590
0.054555
-0.019158
-0.020669
-0.062093
0.023020
-0.039244
0.031238
0.122260
0.031267
0.077432
0.035938
0.043405
-0.025328
-0.070484
0.036817
0.000481
-0.120322
-0.043301
-0.005052
0.007186
0.059057
-0.010637
-0.047149
0.025100
-0.005819
0.042448
0.006524
0.031038
0.090646
0.012955
0.005136
-0.012655
-0.073401
-0.033477
0.101909
0.045565
-0.035693
-0.010299
-0.017914
0.043598
-0.067134
0.092868
0.023200
-0.017585
0.123719
-0.039606
-0.016657
0.028738
-0.088673
-0.057997
0.032715
0.063019
-0.040824
-0.041549
-0.091738
-0.007764
0.075591
0.018660
0.014587
0.045259
0.096494
0.084968
-0.027315
-0.033398
0.015117
-0.029244
-0.029439
0.029570
-0.029434
0.021275
0.042568
-0.038277
0.006207
0.021731
0.015779
0.035466
0.015458
0.003714
-0.004339
-0.033765
0.003143
-0.025355
0.021950
-0.033748
-0.047949
-0.055880
0.016301
0.047050
0.056750
-0.036302
-0.006416
0.059853
-0.063427
-0.053793
-0.070326
-0.008614
0.026617
0.064680
-0.069105
-0.062028
-0.021468
-0.061655
-0.022875
-0.014087
0.017212
-0.062869
0.022725
0.032719
-0.018818
0.022405
0.068566
0.042515
-0.028401
0.050432
0.005001
0.039494
0.013397
-0.061239
0.023026
-0.066602
-0.056466
-0.082710
-0.072381
-0.034411
-0.068092
0.072877
-0.005562
-0.066990
-0.022492
-0.094175
0.012789
0.052394
-0.028495
-0.048850
-0.117177
-0.071251
-0.027591
-0.032082
-0.083425
-0.053617
0.021734
-0.045688
0.082872
0.081384
0.011169
0.049970
0.029894
-0.018303
-0.010702
0.007041
-0.016322
0.062542
0.021940
0.002770
0.006500
0.062044
0.072880
0.000161
0.045492
0.053820
0.043199
0.113054
0.002335
-0.000019
-0.013934
-0.031372
0.065099
-0.039120
-0.065757
-0.062140
-0.074450
-0.022162
-0.068923
-0.016367
0.016502
-0.021792
0.013069
0.089336
0.060433
0.010423
-0.025853
-0.027797
0.026742
-0.117524
-0.036918
0.004797
0.016052
0.010282
-0.031532
-0.081545
-0.050480
-0.032569
0.048477
-0.010348
0.027955
0.064584
0.011084
0.029853
0.062610
0.125995
0.044590
0.075152
-0.048730
-0.023342
0.045881
-0.052707
-0.068657
-0.046934
0.020970
-0.059035
0.016789
0.089036
0.001453
0.001257
0.027323
0.066981
-0.022567
-0.115313
-0.127647
-0.104361
-0.033202
-0.097803
-0.088235
-0.013551
0.007445
-0.010852
-0.074677
-0.083129
0.035485
0.067429
0.014124
-0.031471
-0.024628
-0.085734
-0.051364
0.025891
0.020218
0.018463
0.020529
-0.010125
0.012533
0.101525
0.119813
0.002665
0.000756
0.091515
-0.078019
-0.104127
-0.010902
-0.043185
0.027862
-0.047031
-0.146919
-0.028717
-0.071465
-0.047074
0.067420
-0.091660
-0.015257
0.024628
0.069120
0.045285
-0.013670
0.062883
0.029993
0.030075
0.030910
0.068548
0.048499
0.017396
0.035003
0.018580
0.046530
-0.065464
-0.016096
0.087953
0.039362
0.046040
-0.048415
0.068328
-0.051566
-0.107698
0.045935
0.054362
0.044240
0.064908
0.008675
0.090889
0.062170
-0.060156
0.064700
0.060873
-0.084582
0.058322
-0.038787
-0.040130
-0.000214
-0.042224
-0.009527
0.065688
0.003870
-0.001388
-0.062488
-0.080015
0.002159
-0.092828
-0.054207
-0.065306
-0.048089
0.051396
-0.026498
-0.029147
0.027518
0.042077
0.055437
0.018865
0.046383
-0.002923
0.003851
-0.055843
-0.086674
-0.039148
-0.060370
-0.011617
-0.010445
0.042047
-0.044742
-0.045961
0.028762
-0.005675
-0.070442
0.002937
0.029104
0.111386
0.098773
0.043352
0.023408
-0.029307
0.005814
0.022494
-0.043601
-0.000025
-0.041123
0.028810
0.012571
0.011808
-0.027166
-0.092156
-0.033842
-0.038675
-0.113693
-0.073384
-0.062417
-0.084449
-0.007764
-0.003383
0.023994
-0.035720
-0.109684
-0.057552
0.019079
-0.023887
0.098569
-0.015767
-0.065191
-0.013013
0.014691
0.062658
0.046640
0.054887
-0.013203
0.080036
0.041281
-0.042725
-0.033359
0.022054
-0.030644
0.034312
0.093988
0.021313
-0.036097
-0.066494
0.011531
0.008680
-0.119972
0.055729
0.039613
-0.101340
-0.024982
0.017412
0.029097
0.084945
-0.001410
-0.027630
-0.022961
-0.082684
-0.021569
0.051473
0.055614
0.066282
-0.016812
0.019802
0.030327
0.006203
-0.045537
0.022441
0.018768
-0.035279
0.069683
0.031763
-0.024400
0.037013
-0.017679
0.113107
0.104286
0.052513
0.089938
0.075546
0.009776
-0.004338
0.005431
-0.023645
0.012416
0.040650
0.042790
0.031333
0.046980
0.101416
-0.043281
0.003694
0.088013
0.044500
0.016226
0.041293
0.042975
-0.004485
0.046115
-0.096688
0.017841
0.062732
0.059503
0.144522
0.063584
-0.014765
0.061518
-0.011989
0.008356
0.121540
0.028412
0.058340
0.019961
0.008305
0.092744
0.174306
0.101519
-0.014611
0.052016
0.075895
0.015302
-0.003843
0.014921
0.020209
-0.046619
-0.007493
0.014765
-0.012851
-0.021166
0.048493
-0.037003
-0.027176
-0.043323
-0.061618
-0.028353
-0.024365
-0.044229
-0.082814
0.003253
-0.038339
-0.023098
-0.052161
-0.047586
0.004848
-0.038975
-0.093234
-0.061613
-0.062132
-0.028488
0.034931
0.089099
-0.001327
-0.062898
-0.021875
-0.030135
0.001970
-0.038396
0.009743
0.057415
-0.010533
-0.054657
0.030726
0.031376
0.031258
0.005894
0.060992
0.037066
0.006069
0.033487
0.030167
0.043199
0.024266
-0.011999
-0.021174
-0.070291
-0.042408
0.078296
0.059821
-0.072985
0.034557
0.041236
-0.037643
0.034254
0.068191
0.024102
-0.041924
-0.014447
-0.028751
-0.007243
-0.069847
-0.018281
-0.064626
0.014464
0.043595
-0.016209
0.024007
-0.000606
0.044087
0.023563
0.030337
0.073959
-0.027884
-0.152629
-0.063501
0.019893
-0.018857
-0.012734
0.008223
0.012736
0.000459
-0.038335
0.048571
0.043357
-0.014854
-0.066915
-0.005192
-0.013153
-0.068921
-0.044189
0.048885
0.065116
0.001724
-0.031956
0.049730
0.011024
0.003625
0.049910
0.006030
0.087966
0.148713
-0.008839
0.012257
-0.026549
-0.038993
-0.075290
-0.032877
-0.006036
-0.023262
-0.000199
-0.129305
-0.014863
-0.051559
-0.019859
-0.004473
-0.058087
-0.110907
-0.010137
-0.066390
-0.039555
-0.066157
0.004910
0.015086
-0.039478
0.010173
-0.042084
-0.057008
0.034025
0.075087
-0.031572
0.020075
-0.083297
-0.092379
0.071874
-0.034801
-0.036849
0.008579
-0.120680
-0.103882
0.002564
0.012586
0.015781
-0.035186
-0.033595
-0.033450
0.007040
0.024318
-0.062045
-0.059938
-0.037485
-0.024384
-0.019884
0.008909
-0.018983
0.014667
0.062278
0.078086
-0.032208
-0.040913
0.003661
0.024716
-0.035501
-0.058995
-0.072815
-0.010258
-0.020455
-0.042740
-0.035924
-0.042109
-0.086983
-0.022238
-0.033864
-0.064270
-0.069817
-0.027385
-0.012381
0.094405
0.097578
0.061214
0.073565
0.015529
-0.020731
0.048691
0.029856
-0.021578
-0.067993
0.016905
-0.069539
-0.108448
0.032907
-0.046347
-0.011207
-0.018279
-0.002060
-0.001624
-0.014078
-0.051882
-0.068112
-0.058157
0.025136
-0.039114
-0.022106
-0.047004
0.028508
0.013378
0.007168
0.025910
0.072279
0.025890
0.000277
-0.064259
-0.083061
-0.052100
-0.001950
-0.040576
0.028553
-0.045850
-0.016384
0.027887
-0.047602
-0.057505
-0.012458
0.056188
0.032990
-0.157124
0.037689
0.034822
-0.109775
-0.064514
-0.018422
0.069056
0.047770
0.036962
-0.108939
-0.077146
0.001374
0.071460
0.077943
-0.006564
0.023783
-0.046091
0.058889
0.035285
0.009496
-0.004083
0.019764
-0.009966
-0.025474
-0.027373
0.012052
0.080026
-0.012910
0.006640
-0.004807
0.027475
0.151732
-0.029194
-0.016047
-0.008545
0.006135
-0.033384
0.040205
0.026705
-0.040318
-0.020923
-0.000102
0.024148
-0.048138
-0.069393
-0.013353
-0.001923
-0.032944
0.048479
0.081813
0.083305
-0.020329
0.032210
-0.006516
0.079549
0.075141
-0.071498
-0.050217
0.059168
-0.004827
-0.018159
0.023931
-0.057860
-0.020042
-0.018894
0.055484
0.069558
-0.019059
0.064448
-0.033303
0.018987
0.035165
-0.032487
0.062263
0.053077
0.002901
-0.030397
-0.000103
-0.005371
0.004113
-0.016452
0.026616
-0.031727
-0.047156
0.019070
0.025389
0.045755
0.028907
0.056280
0.010976
0.044192
0.057728
-0.007983
-0.065458
0.031711
0.012626
-0.082485
-0.035009
-0.020485
-0.007821
0.039621
0.049980
0.048596
0.031223
0.104866
0.007093
-0.049489
-0.002706
-0.001895
-0.047798
-0.011733
-0.092598
-0.053690
-0.001930
-0.079996
-0.093824
-0.022007
-0.087484
0.001035
0.050494
-0.032890
-0.039616
-0.084945
0.028396
0.024784
-0.039651
0.040682
0.020153
0.037117
0.065689
0.104065
0.021721
-0.003236
0.015043
-0.017516
0.008959
0.144484
0.058671
0.082100
0.102404
0.070443
0.131177
-0.015887
-0.065268
-0.090891
0.081344
0.044599
-0.029542
-0.057872
-0.022433
-0.041153
-0.091705
-0.044217
-0.082575
0.079958
0.068862
-0.081467
0.038680
-0.075987
-0.046523
0.012442
-0.019586
-0.042173
0.007888
-0.009618
0.061149
0.044853
-0.055652
0.065418
0.046224
0.029732
0.068593
-0.016191
0.011325
0.052111
0.054505
-0.009792
-0.061209
-0.078566
-0.077237
-0.014059
-0.015195
-0.054047
-0.082252
0.022686
0.017935
0.004951
0.014466
-0.034879
0.078314
-0.042438
0.025937
0.094467
-0.026986
-0.000853
-0.054816
0.011918
0.045484
0.050343
0.021866
0.054941
0.011603
-0.032962
-0.007133
0.011366
0.030105
0.073810
0.100932
0.032381
0.098659
-0.027279
-0.012922
-0.081099
-0.062238
0.038596
0.044577
-0.032279
-0.102442
-0.005810
0.051536
0.018363
-0.023703
0.111209
0.057808
0.025087
0.068263
0.058959
0.015028
-0.033201
0.108423
0.010537
0.052039
0.092809
-0.002601
0.048893
-0.131070
-0.115116
0.016496
-0.033506
0.028735
-0.042591
-0.063959
0.045444
0.004096
-0.013916
0.044903
-0.025908
0.038688
0.093089
0.043169
0.041910
0.037292
0.002558
0.002641
0.010884
0.050047
0.034378
0.015930
-0.026543
-0.073365
-0.048310
-0.046474
-0.046124
-0.020688
-0.037356
-0.042972
-0.018804
-0.025696
-0.029861
0.001799
-0.008829
-0.045709
-0.039007
0.024786
0.021888
-0.020122
0.010171
-0.018477
-0.064070
-0.012796
-0.021803
-0.018521
-0.012800
0.050461
-0.006749
-0.011771
0.007877
-0.038722
-0.004743
0.016863
-0.058033
0.005980
0.068146
0.014677
-0.047320
-0.090190
0.021828
0.018854
-0.087534
0.037594
0.122602
-0.012486
0.024338
-0.000915
-0.022739
-0.048753
-0.037456
0.045079
0.059077
0.013470
-0.036726
-0.010876
-0.067151
-0.001301
-0.000465
-0.003903
0.006604
0.038901
-0.008541
-0.113132
-0.075283
0.023820
-0.029781
-0.065504
-0.072887
-0.085141
-0.055804
-0.026718
-0.034965
0.067481
-0.017952
-0.053145
-0.095367
-0.062686
-0.001765
0.028094
0.027253
0.031799
0.107873
0.029210
0.014965
-0.019300
-0.032392
0.081587
0.069517
0.019703
0.137598
0.127135
0.059757
0.052012
0.037281
0.055977
0.031403
0.015300
-0.030165
-0.034137
0.002901
0.003514
-0.080477
0.046314
0.078754
-0.011517
0.002930
0.024975
0.037359
0.023114
-0.088107
-0.047480
-0.028316
-0.033957
0.053581
0.026317
0.058902
0.104115
0.096978
0.051283
0.000018
-0.007746
-0.067681
0.065628
0.020821
-0.023500
0.042097
0.031242
-0.089387
-0.007794
0.030102
-0.059795
-0.067135
0.001531
0.036754
0.018206
-0.033217
-0.056249
0.010102
-0.024393
-0.059818
-0.066795
-0.007829
-0.031953
0.003578
0.058969
0.071878
0.001550
-0.021022
0.021499
0.016044
-0.000414
-0.047016
0.088501
0.036515
0.022233
-0.055924
-0.056530
0.016052
0.040470
0.004814
-0.007810
-0.013095
-0.079625
-0.015912
-0.043913
-0.188125
-0.012504
-0.081847
0.002280
-0.030993
-0.062493
0.009707
0.070833
-0.018588
0.028911
0.034673
0.040012
-0.025735
-0.066681
0.036862
-0.009609
-0.053015
-0.010325
0.005860
-0.025796
0.068455
-0.018908
0.015133
0.023720
0.006706
0.035098
0.035897
0.092302
0.025520
-0.019520
-0.026513
-0.026467
-0.023820
0.021130
0.025578
-0.016147
-0.044634
0.009484
-0.075636
0.070719
0.069289
-0.026984
0.018084
-0.061724
-0.038402
0.013927
-0.004539
0.034701
-0.019940
0.036328
0.001050
0.041941
0.031807
0.051084
0.031375
0.068041
0.030007
-0.034254
0.022895
0.042307
-0.012214
-0.031960
-0.054919
0.045106
0.044337
-0.005067
0.075853
0.098668
0.125914
-0.056967
0.053359
0.015675
-0.027983
-0.074494
-0.012794
-0.011641
-0.011677
-0.028959
-0.055385
-0.015268
-0.058026
-0.078154
0.003622
0.018606
0.006808
0.008487
0.028534
0.066137
0.018519
0.035590
0.042510
0.040520
0.039315
-0.070209
0.031965
0.061907
0.006164
-0.061626
-0.004866
-0.009048
0.063890
0.060263
0.048588
0.038297
-0.013332
-0.080842
0.028207
0.055832
0.019553
-0.031127
-0.055925
-0.015366
0.051389
0.053081
0.009887
-0.022993
0.009021
-0.043383
-0.016775
0.067306
0.089425
0.081059
0.062041
0.077758
0.046853
-0.074093
0.028967
0.094150
0.067454
-0.004703
-0.101582
-0.006450
0.048094
-0.029472
0.009277
-0.003222
-0.022445
0.144686
0.032915
-0.013904
0.023922
-0.022743
-0.028288
0.037178
-0.080024
-0.035808
-0.025405
-0.167125
0.036363
0.032530
-0.065174
0.021574
-0.038962
-0.048010
-0.038011
-0.079621
-0.092559
-0.005566
0.040887
0.003706
0.060215
-0.026216
-0.074173
0.044223
-0.067985
-0.073231
-0.058088
-0.073193
-0.011113
-0.079540
-0.048320
-0.054136
0.039639
0.112345
0.038135
0.005938
-0.006829
0.073370
-0.075213
-0.018938
0.060973
0.029120
-0.024904
0.078399
0.094279
0.105357
0.134280
-0.056802
-0.131542
-0.034402
0.048064
0.112777
-0.016163
-0.062174
0.085961
0.082889
-0.008222
0.072685
0.002300
0.025682
0.020974
-0.029052
0.020217
-0.048360
-0.014223
-0.066294
-0.023155
-0.051070
0.020546
0.028050
-0.001446
0.047015
0.019305
-0.046127
-0.077475
-0.062834
-0.072495
0.014638
-0.053189
-0.028197
0.037975
0.107997
0.045233
-0.016127
0.018465
0.015052
0.046831
0.049700
0.026459
0.073745
0.039809
0.015097
-0.060035
-0.017200
-0.014963
-0.034092
0.087281
0.053226
-0.012464
0.046241
0.065221
-0.060091
-0.067149
-0.112988
-0.065413
0.011108
-0.030786
-0.065251
-0.034078
-0.023303
-0.135669
0.002987
0.008506
0.030553
0.033786
-0.004971
0.005430
-0.023508
-0.037941
-0.106418
-0.069046
-0.054974
-0.021773
-0.034269
-0.119811
-0.096907
0.022489
0.017629
-0.029902
0.081922
-0.007845
0.037480
0.038637
-0.043086
-0.053713
0.035548
0.002202
-0.051231
0.016106
-0.075637
-0.012516
0.080044
0.032341
0.044115
0.042479
0.071282
-0.044716
-0.104018
-0.101882
-0.120608
-0.000337
-0.039740
0.003088
0.076753
-0.028815
0.017289
-0.078548
-0.002210
-0.002299
-0.001931
0.043936
-0.043332
0.059029
0.045452
0.013945
0.060919
-0.089624
-0.035687
0.065959
0.078292
0.043272
-0.050518
-0.121356
-0.038326
-0.046140
-0.002545
0.009003
0.012528
0.040828
-0.063625
-0.044653
0.013574
-0.015987
0.093593
0.034688
-0.000719
0.018469
-0.042371
-0.003872
0.065888
-0.005980
-0.159751
-0.034607
0.030686
-0.024786
0.053667
0.081793
0.060573
0.005620
-0.108804
-0.021259
-0.029456
-0.115812
0.054082
0.049776
0.116825
0.057873
0.014206
0.020138
0.008865
0.057074
0.064282
-0.001748
0.017866
-0.016800
-0.016269
0.047607
0.006309
0.002536
0.042213
0.047795
-0.033556
-0.054494
-0.019701
-0.105154
0.007609
-0.015964
0.017507
0.036641
-0.082159
0.057157
0.036156
0.024344
0.058778
0.055621
0.056237
0.021541
-0.034843
-0.081873
-0.053610
-0.057434
0.055282
0.029868
-0.073278
-0.034823
-0.033656
0.004043
0.062479
0.017471
0.065285
0.033398
0.033033
0.059560
0.020517
-0.049080
-0.031439
-0.099281
-0.020393
0.024316
-0.048057
0.058963
-0.054891
0.018731
0.035134
-0.044374
-0.074274
0.063140
0.066213
-0.001995
-0.044941
0.016115
0.025487
0.060401
0.066603
0.048882
0.014808
-0.052692
0.037790
-0.074554
0.006483
0.012850
-0.016528
0.009732
0.000729
0.061532
-0.051885
-0.022880
0.019125
0.024862
0.061234
-0.016422
-0.056259
0.096333
-0.070275
-0.015598
0.046417
-0.036914
0.081687
0.087598
0.017905
-0.010305
-0.017151
0.008751
0.055860
-0.158202
-0.069490
0.028492
-0.064744
0.027301
0.050586
0.003493
0.000083
0.047483
0.020820
-0.072151
-0.105792
-0.009332
-0.042164
-0.099811
-0.036677
-0.066083
-0.025245
-0.030364
0.053564
0.017138
-0.045328
0.082526
0.013459
-0.042197
-0.051322
0.030757
0.044141
0.020025
0.045462
-0.003831
-0.076354
-0.037700
0.015334
-0.020681
-0.048463
0.077136
-0.055887
-0.045433
0.071533
-0.030448
-0.004365
-0.007493
0.022055
0.051586
-0.009817
-0.020880
0.031630
-0.060057
0.011596
0.101855
0.057889
-0.062391
-0.047557
-0.014945
-0.048309
-0.005705
0.065493
-0.055285
-0.013558
0.003835
0.039677
-0.009087
0.009250
-0.046995
-0.005404
0.117814
0.016054
0.008096
0.004994
-0.071882
-0.045146
-0.011968
-0.074705
-0.046533
-0.064660
-0.037709
-0.057896
-0.109485
0.020027
0.036618
0.089123
0.099565
0.051801
-0.042461
-0.048427
-0.001025
-0.018841
-0.009555
-0.103087
-0.086464
0.054187
-0.071919
0.010119
-0.033245
-0.024989
0.074901
-0.056606
-0.022377
0.080664
-0.011792
-0.093166
0.050879
0.057455
0.023071
0.092986
0.070015
0.024866
-0.025400
-0.028971
-0.066378
0.002283
0.037133
0.020883
0.020718
-0.006630
-0.050449
0.003107
-0.019863
-0.014513
-0.014168
-0.079967
-0.170317
-0.055411
0.030799
-0.032533
0.019487
0.010041
-0.016047
0.043663
0.014231
-0.094732
-0.060504
-0.053298
0.080090
-0.015814
-0.022249
0.028256
-0.014295
0.000394
0.029350
0.040186
0.013845
-0.087767
-0.043488
-0.011778
-0.009018
-0.078046
-0.082412
-0.020404
-0.090216
-0.005128
-0.032382
-0.045509
0.009771
0.021340
-0.011772
-0.010331
0.015386
-0.087883
-0.094123
-0.128493
-0.153579
-0.058449
-0.049997
0.027764
-0.002251
0.025511
0.042559
0.047236
0.051490
-0.027305
0.076731
0.023749
-0.062319
-0.038513
-0.006265
-0.005223
0.018459
-0.051790
-0.036561
-0.003498
-0.036638
-0.005090
0.022475
0.087199
0.087099
0.057120
0.085114
0.064414
0.008005
0.052667
-0.028061
0.033355
0.063462
-0.073274
0.001112
-0.029040
-0.081875
-0.017903
-0.085636
0.003065
0.021820
-0.076382
0.066026
0.071879
-0.008616
0.038112
-0.047834
-0.006910
0.090928
-0.039413
0.001429
0.033260
0.079689
-0.041486
-0.149746
-0.013206
0.033525
-0.019222
-0.044069
-0.015766
-0.037939
-0.046641
-0.064297
-0.011108
0.034543
0.055035
-0.024395
0.004600
0.020661
-0.145265
-0.064684
-0.003316
-0.068439
-0.050889
-0.062857
0.019601
0.051296
-0.019396
0.048561
-0.025182
0.025539
-0.005032
0.014590
-0.016411
-0.063592
-0.042292
-0.069926
-0.104309
-0.080496
-0.015846
-0.065374
-0.054516
-0.046776
-0.046115
0.002552
0.124072
-0.029657
-0.155675
-0.086131
-0.071692
-0.033744
0.010981
-0.024522
-0.025506
-0.027102
-0.111847
-0.035896
-0.007743
-0.008846
-0.070381
-0.048115
0.035040
0.052826
-0.017650
0.015532
0.060547
-0.068723
-0.024268
0.075021
0.044570
0.031485
0.031946
0.003807
0.014254
-0.088812
0.011695
-0.020548
-0.093769
-0.065261
-0.002063
-0.032484
0.050758
0.041616
-0.019338
0.030619
-0.054571
0.011374
0.104658
0.081878
0.025221
0.021497
-0.068114
0.043310
0.039942
0.076134
0.008898
-0.052844
0.014142
-0.016493
-0.064094
-0.077818
-0.001290
0.015717
-0.045578
-0.030682
0.029978
0.008720
0.007816
-0.010180
-0.016760
0.062784
0.034019
0.001479
0.044359
0.012979
-0.104029
-0.036601
-0.008349
-0.035130
0.054630
0.041604
-0.011931
0.090624
0.063870
-0.074438
0.008008
0.035496
0.087167
0.005302
-0.007355
-0.041818
-0.024775
-0.048735
0.035293
0.004469
0.013403
0.009007
0.047194
0.068476
0.118376
0.013796
-0.070588
-0.041646
-0.076021
-0.042097
-0.054829
-0.002891
0.086530
0.033795
-0.011360
-0.038379
-0.044143
-0.007052
0.012438
-0.034225
0.079276
-0.047944
-0.027021
0.093330
0.051629
0.070296
0.154170
0.076850
0.013939
-0.027872
-0.011255
0.058936
0.036982
-0.019789
0.036711
0.081308
-0.061685
-0.032772
0.015768
-0.003374
0.073991
-0.038071
0.006730
-0.015913
0.031094
-0.022145
-0.099966
0.008974
0.118059
0.039408
0.074359
0.090580
0.035042
0.098399
0.015045
-0.022028
0.008433
0.007549
-0.030047
-0.006452
-0.014631
0.016189
-0.025198
-0.038867
0.008870
0.016703
0.113518
0.070871
-0.017048
0.043956
0.009377
-0.014206
-0.032036
-0.001714
0.018228
0.031123
-0.019182
-0.028159
0.028126
-0.044655
-0.028361
-0.022817
-0.064348
0.007087
0.034810
-0.002148
0.013404
-0.019032
-0.019416
0.056950
0.029420
-0.037147
-0.034441
0.014004
-0.065134
-0.017445
-0.026642
-0.014934
-0.023648
-0.031902
-0.011176
0.027622
-0.058838
-0.114874
0.013792
0.030702
0.009785
-0.029095
0.065565
0.098785
-0.009840
0.076965
0.005233
0.066069
0.007987
-0.019869
-0.020839
0.049519
-0.006405
-0.081313
-0.021421
-0.001687
0.061315
-0.047777
0.012345
-0.024637
-0.063745
0.078795
-0.061984
-0.018696
0.041757
0.033099
-0.009535
0.043424
0.083196
0.015875
-0.042601
-0.126054
-0.037806
-0.097560
-0.112999
-0.013276
0.007090
0.030630
0.027993
-0.034519
-0.060238
0.028055
0.020914
0.051410
0.066203
-0.033251
0.044762
0.064986
-0.016775
0.008789
0.029454
-0.005460
0.001613
-0.040629
-0.053739
0.091990
0.086631
0.025887
0.035785
0.049347
0.080721
0.069480
0.015592
0.102169
0.115087
-0.041945
-0.006961
0.031273
-0.004496
0.068483
0.025913
-0.077111
0.002572
-0.012103
0.036373
0.029188
-0.036451
0.001217
-0.083090
-0.097643
-0.089972
0.028847
0.129188
-0.041328
0.004435
0.054072
0.006817
-0.059605
-0.019019
-0.048595
-0.041735
0.034949
0.052247
-0.017233
0.017752
0.022523
0.017260
0.078323
0.045782
-0.038888
0.016609
-0.028066
-0.021716
0.047802
-0.045537
0.058251
0.006418
-0.002028
0.058334
0.049675
-0.041299
-0.057063
-0.007989
-0.037409
-0.013442
0.095786
0.054535
0.132678
0.102332
-0.002273
0.058152
0.118223
0.084777
0.034729
0.024788
0.020467
-0.071132
-0.061709
0.064627
0.027902
-0.060979
-0.018750
-0.056605
-0.148450
0.012030
-0.017695
-0.067425
-0.011798
-0.073026
-0.043832
-0.064419
-0.080457
0.006880
0.142081
0.077065
0.048231
0.072232
0.097216
0.129345
0.065595
0.035584
0.045967
0.059301
0.018946
-0.026307
-0.028864
-0.066232
0.013684
-0.028374
-0.064721
-0.085968
0.005395
-0.011358
0.054877
0.101175
-0.009683
-0.005782
0.006878
-0.034212
-0.050377
-0.080974
-0.059858
-0.010466
-0.102898
0.022266
0.027650
0.010206
-0.021931
-0.050826
-0.008440
0.046778
-0.098349
-0.002516
0.006169
-0.015418
0.025464
-0.098976
-0.015892
-0.041598
-0.140558
-0.065783
0.051914
0.136546
0.015317
-0.117303
0.013720
0.052069
0.007574
-0.018091
-0.034847
-0.022024
-0.009293
0.042853
-0.017324
0.005136
0.062401
-0.025566
-0.050566
0.023457
-0.026237
-0.018433
0.069824
0.013159
-0.066952
-0.009282
0.025984
0.023925
0.003578
0.088241
0.044468
0.039301
0.074056
0.013589
0.034199
0.049653
0.058376
0.013687
0.121262
0.045073
-0.043319
0.081812
-0.002504
-0.038108
0.053303
0.104415
0.007090
0.049851
0.009156
0.032870
0.003083
0.028926
-0.016012
-0.006496
0.049279
0.048288
0.142486
0.120452
0.020268
0.041976
-0.039752
-0.057318
0.020998
0.010261
-0.006992
-0.015780
0.048634
-0.042024
-0.140159
0.021832
-0.009839
-0.087238
0.005211
-0.087060
-0.119400
-0.058128
0.026477
-0.014776
0.001865
-0.011176
-0.054090
0.006438
0.072255
0.139816
0.022014
0.107347
-0.002200
-0.056333
0.036837
-0.027759
-0.086554
0.023169
0.012365
-0.047013
0.043465
0.019986
-0.028550
-0.022233
0.012512
0.093201
-0.014769
-0.117327
0.023401
0.008003
-0.006988
0.006338
0.035817
0.065888
-0.062574
-0.029045
-0.009336
-0.044846
-0.002290
-0.011238
0.002201
-0.027257
0.058021
0.028464
-0.051425
-0.037782
-0.088636
-0.105426
-0.045474
-0.002191
0.027483
-0.061565
-0.013826
0.112434
-0.019279
0.027198
0.072952
-0.015725
0.002078
0.109135
-0.013002
0.063515
-0.011624
-0.007249
-0.057795
-0.034983
-0.001825
0.022597
0.003303
-0.036032
0.054600
-0.000171
0.003502
0.011818
0.028814
0.075571
0.053855
-0.062207
-0.030696
0.006910
-0.067746
0.009363
0.060026
0.024233
0.053706
-0.010568
-0.025151
-0.034199
-0.038948
-0.020397
-0.055242
-0.009388
0.080252
0.084462
-0.006868
0.020091
0.044073
0.068598
0.091674
0.068906
-0.011421
-0.010811
0.043302
-0.000055
0.020549
0.035110
-0.065250
-0.021781
-0.066390
-0.075585
-0.006252
-0.007690
-0.020173
-0.020259
0.004741
0.038421
-0.021292
0.069473
0.104745
0.041599
-0.032012
0.018928
0.074688
0.030761
0.023997
0.095479
0.034315
0.023285
0.113412
0.027067
0.114672
0.053419
0.065722
0.104206
0.135372
0.088414
0.000706
-0.012949
0.001533
-0.029049
-0.083022
-0.012614
0.029690
-0.072771
0.018396
0.021511
0.001405
0.092961
0.064263
0.040456
-0.020274
-0.052118
-0.084571
0.006881
-0.072766
-0.073736
0.063528
-0.003777
0.064451
-0.030163
-0.032564
0.070543
0.054510
-0.018437
0.060605
0.062539
0.056965
0.049525
0.044043
0.015784
-0.061235
0.010153
-0.051214
-0.040471
-0.006568
0.012323
0.027141
-0.049919
-0.072891
-0.009738
-0.076369
-0.054044
-0.027660
-0.060201
-0.125795
-0.114814
-0.067698
-0.121186
-0.136611
-0.070057
-0.010662
0.006043
-0.002304
-0.040648
0.009807
-0.034398
-0.029548
0.028765
0.005505
0.013408
-0.064620
-0.105249
-0.006614
0.039646
0.062453
0.008497
-0.025549
0.015218
-0.046384
0.045652
0.023239
-0.022853
0.092265
0.014328
0.027260
-0.020722
0.041008
0.044840
0.096324
0.002359
-0.075635
0.065682
0.033217
-0.019542
0.055778
-0.057973
0.032402
0.076519
0.001567
0.014541
0.018282
0.001609
-0.022450
-0.029722
0.013105
0.023645
0.003995
0.017708
-0.002505
0.020690
-0.044924
-0.037688
-0.001114
0.053796
0.066717
-0.021793
0.065046
0.077437
-0.016987
-0.023768
0.036469
-0.070399
-0.034267
-0.085407
-0.058260
0.071677
-0.001391
0.072258
0.065675
-0.008444
0.028980
0.087266
0.068011
0.111659
0.049776
-0.052262
-0.031704
0.052336
0.068738
-0.004621
-0.002222
0.056461
-0.053134
-0.038201
0.030445
0.003350
-0.025323
-0.014202
0.006437
-0.048426
-0.047530
-0.068274
0.029833
0.044539
0.050128
0.030962
0.011105
-0.078072
-0.103370
0.013124
0.060816
0.053788
0.082999
0.104472
0.015801
0.034975
0.025647
0.004829
-0.061768
-0.038339
-0.009044
0.020964
0.044164
0.085707
0.019028
0.108297
0.106119
-0.109777
0.016139
0.014961
-0.034089
0.020350
-0.036411
-0.136890
0.011206
-0.076699
0.004743
0.089613
-0.006779
0.046065
-0.073555
0.005390
0.020238
-0.005177
0.034192
0.041765
-0.028426
-0.041408
-0.027580
-0.023886
0.067970
0.022029
-0.026495
-0.016460
0.040385
0.000485
0.031035
0.077250
-0.079623
-0.011900
-0.074471
-0.084755
0.045479
-0.061809
-0.064292
-0.013956
0.004403
0.005261
0.018432
0.089858
-0.010768
0.092395
0.071966
-0.063774
0.101417
-0.045437
-0.079823
-0.092534
-0.017315
0.163707
0.008111
0.019101
-0.009918
-0.037876
-0.005365
0.030472
0.025126
0.042739
-0.007665
-0.001746
0.079068
0.041537
0.022404
-0.038223
-0.065470
-0.004094
0.006118
0.039304
0.076122
0.065209
-0.046459
-0.042962
0.044133
0.065713
0.020695
0.050022
0.091343
-0.037304
0.010468
0.063623
0.023042
0.015835
-0.009715
0.014963
0.032842
-0.002394
0.014671
-0.073274
0.029406
0.095704
0.043163
0.012579
0.061582
-0.012525
-0.098238
0.153187
0.111230
0.002967
0.065429
0.058026
0.005883
-0.010449
-0.056709
-0.032584
0.054699
-0.032989
-0.005654
0.021433
-0.028425
-0.126833
0.014748
-0.034264
-0.040856
-0.136802
-0.078200
-0.014910
-0.032557
-0.037051
0.007417
-0.048673
0.012569
0.023898
0.006313
-0.019102
-0.035750
-0.009810
-0.062636
-0.089615
-0.065986
0.044127
-0.036089
0.008442
-0.016031
-0.001085
0.023434
-0.035466
0.041342
-0.095198
-0.023352
-0.043387
-0.071429
0.073965
-0.006082
0.031072
-0.019538
-0.002506
0.013596
0.035488
0.008785
0.087390
0.054720
0.017444
0.030637
0.094281
0.059027
0.083423
0.111671
0.116854
0.035039
0.028394
0.064438
-0.015772
0.110939
0.012991
0.005515
0.022135
-0.030100
-0.018488
-0.080275
0.042024
0.029391
-0.036940
-0.042096
-0.037775
-0.085524
-0.040062
-0.036124
0.079383
0.009327
-0.072233
-0.011743
-0.038547
-0.030485
0.048534
-0.038741
-0.026166
0.047890
0.051268
0.013353
-0.006034
-0.027922
-0.059336
-0.124805
-0.060034
-0.038137
0.055336
-0.014562
-0.045128
-0.024646
0.013396
-0.066216
-0.136870
0.023848
-0.018694
0.021615
0.013756
-0.055853
-0.035098
-0.007599
-0.047961
0.034405
-0.044810
-0.003819
-0.066772
-0.095700
-0.043679
-0.076929
-0.103661
-0.045800
-0.065266
-0.056952
-0.042623
-0.091713
-0.051388
0.022967
0.015644
-0.051928
0.023826
0.057183
0.017536
0.056837
0.023692
-0.032374
-0.014429
-0.041753
0.018835
-0.007041
-0.020104
0.088010
0.043342
0.049126
0.049875
0.003328
0.027750
-0.000721
0.104585
0.069131
0.048676
0.002116
0.054188
0.044532
-0.013479
0.048352
-0.001714
-0.004566
0.112635
-0.029542
-0.055243
0.116780
-0.002926
0.036553
0.125503
0.057690
0.043781
-0.079317
-0.051257
-0.037237
-0.041914
0.017083
-0.006963
-0.090643
0.000141
-0.057717
-0.030704
0.036062
-0.022442
-0.050799
-0.052485
0.001170
-0.087182
0.009586
0.035020
-0.045254
-0.051171
0.020384
-0.052592
-0.057121
-0.032870
0.007560
0.003340
-0.046630
0.013770
-0.040725
-0.046271
0.022349
-0.026619
-0.044597
-0.080691
-0.038721
0.047223
-0.049191
-0.007507
0.013877
0.054803
-0.040203
0.027290
0.089951
0.012565
0.043462
-0.019929
0.017342
-0.054503
-0.111639
-0.133947
-0.068762
-0.034771
-0.047403
0.028950
0.031608
0.053682
-0.020740
-0.062989
0.047171
0.019819
-0.049973
0.034400
-0.012722
0.041634
0.028806
-0.059219
-0.004472
0.024478
-0.044538
-0.032085
0.047730
0.024858
-0.017858
0.031191
-0.014844
0.021685
0.017369
-0.034297
0.093274
0.099403
-0.054202
-0.038642
-0.007078
-0.038783
0.025565
-0.025376
-0.055127
-0.010532
-0.021005
-0.000819
-0.065231
0.006945
-0.027383
-0.037317
0.059146
-0.029855
-0.039702
-0.051366
-0.002719
-0.024797
-0.061271
-0.009147
-0.004804
-0.004346
-0.075863
-0.001064
0.038322
-0.005831
-0.079028
-0.014322
0.109940
0.021375
0.096420
0.114777
0.030119
-0.030305
-0.002310
0.126750
0.063793
0.009945
-0.012906
0.010554
0.013063
0.052877
-0.078204
0.014736
0.070507
-0.065604
0.040990
0.039974
0.043307
0.044815
-0.035929
-0.013342
0.007752
-0.023474
-0.020134
-0.024676
-0.052464
0.008968
-0.044047
-0.020170
0.008406
0.011307
0.065041
0.062846
0.034798
0.041348
0.078908
-0.075305
0.000538
0.005594
-0.022224
0.021699
0.041685
-0.040342
0.019669
0.018496
-0.035003
-0.010637
0.063338
0.077051
0.004944
0.078260
0.104250
0.051510
-0.055650
0.011643
-0.020748
-0.038606
-0.034444
-0.036828
0.005215
0.007555
-0.012286
-0.021400
-0.022593
-0.085835
0.036277
0.111259
-0.026287
0.100852
-0.018376
-0.018974
0.057378
0.004293
0.139493
0.004451
0.043221
0.093635
0.087106
0.039657
0.066573
-0.019301
0.041860
0.045178
0.015636
-0.003651
0.015969
0.021598
-0.018787
0.074981
-0.024846
-0.081628
-0.008082
-0.016951
0.061156
-0.000801
0.052382
0.101786
0.035837
0.041356
-0.004729
-0.029524
-0.008093
-0.030366
0.024849
0.048899
0.061022
0.006793
0.035230
0.059395
0.039474
0.004138
-0.040932
0.032051
-0.008592
-0.016793
-0.035715
0.070316
0.086235
0.021434
0.072000
-0.013153
-0.015231
-0.017340
-0.001718
-0.015052
0.014825
0.075223
0.023541
-0.068888
0.025131
0.069619
0.034897
0.018368
0.094831
-0.040496
0.002196
0.057609
-0.004874
-0.037333
0.010501
-0.001892
-0.035176
-0.006783
-0.013738
0.006846
0.025456
0.025944
-0.039980
-0.044389
0.045705
-0.055925
-0.036499
0.067219
-0.018893
0.005984
0.034588
0.035591
0.082112
0.092604
0.200234
0.099455
-0.040235
0.019591
-0.000527
-0.012283
0.044520
0.056923
0.086346
0.069813
0.016849
0.068558
0.010301
-0.033430
0.078438
0.009965
-0.020568
-0.026866
0.014078
-0.066629
-0.080855
0.012562
0.022510
0.106519
-0.019046
-0.007186
0.014169
0.019906
0.047317
-0.071652
0.008111
0.079280
0.056303
0.003491
-0.046708
0.010239
-0.010087
0.075312
0.075393
-0.036454
0.069581
0.029252
-0.026044
0.095273
-0.035191
-0.085099
-0.038496
-0.094080
0.007465
-0.021806
-0.064707
0.071578
0.063982
0.044975
0.004969
0.018066
-0.013217
0.029490
0.035050
0.029103
0.004772
-0.087237
-0.000011
-0.024796
0.037156
0.009015
0.015219
0.014850
-0.021737
0.038111
-0.027949
0.058630
0.052040
0.012359
-0.011947
0.008650
-0.023160
-0.003237
0.055109
0.035921
-0.070510
-0.113109
-0.090083
-0.071996
-0.024610
0.013296
0.021396
-0.036038
-0.070833
-0.002268
-0.051767
-0.114367
0.013344
0.040646
0.084268
-0.042184
-0.074285
-0.083628
-0.038128
-0.066740
-0.037819
0.026410
-0.031624
0.005991
-0.001216
-0.050147
-0.012693
-0.086301
-0.044104
0.026976
0.008388
-0.027940
-0.005810
-0.046593
-0.014267
-0.134509
0.004064
-0.022030
-0.027163
0.006837
-0.005822
-0.003728
0.032914
0.068715
0.016518
0.110973
0.092811
0.057532
0.092643
0.111466
0.085438
0.089368
0.042207
0.104476
0.052263
0.038173
-0.040212
-0.042472
0.000127
0.018075
0.046938
0.031619
0.128462
0.083132
0.045555
0.043330
0.015275
0.021395
-0.005974
0.086753
0.080553
-0.027216
-0.002929
-0.023423
-0.009288
0.049149
0.126799
-0.081568
0.016492
0.054095
0.031264
0.030218
-0.101054
0.115206
0.108677
-0.049920
0.008319
0.004582
0.023525
-0.031686
0.001119
0.080685
-0.005632
-0.066505
0.070057
0.014980
-0.024065
0.066195
0.016756
-0.054128
0.018385
0.044362
-0.071210
0.033741
0.018318
0.032351
-0.036988
-0.033109
0.017217
-0.015874
-0.058435
0.046332
0.041064
0.056358
-0.013564
0.032812
-0.010433
-0.001307
0.008825
-0.083356
-0.045220
-0.027747
0.061139
0.115726
0.059294
0.048502
0.028534
-0.022902
0.058254
0.023620
-0.022412
-0.043211
0.033174
-0.102947
-0.032077
-0.019658
-0.051450
-0.025435
0.024318
0.032548
0.036174
-0.012287
-0.000615
-0.022524
-0.030381
-0.017078
0.045144
-0.002950
0.008572
-0.003463
-0.061145
-0.026674
-0.107499
-0.060787
-0.006191
0.004333
-0.001147
-0.026002
-0.052919
-0.070332
-0.017605
-0.063016
-0.056823
-0.025648
-0.021618
-0.015407
0.035013
0.014273
0.060090
-0.015452
-0.110346
-0.060933
-0.011506
0.028386
-0.054662
-0.065078
0.065221
-0.005447
0.011792
0.018573
0.005978
-0.012487
-0.089492
0.031474
0.014490
-0.017063
0.028659
0.035697
0.026135
-0.047034
0.073841
0.022334
0.037882
-0.106809
0.037246
0.113284
-0.000627
0.087996
-0.020667
-0.054329
0.077176
0.017500
0.032226
0.096790
0.095308
-0.012433
0.119613
0.090783
0.075254
0.008918
0.045919
-0.018840
0.016914
-0.014707
-0.045037
0.086252
0.070928
-0.011786
0.056921
0.049682
0.005811
0.025486
0.041493
0.018414
0.089017
-0.034959
-0.042767
0.081670
-0.061109
0.008200
0.010997
0.014962
0.013937
0.033660
0.018575
0.001496
0.105910
-0.052859
-0.015412
0.031810
-0.004737
-0.036287
-0.096751
-0.080500
-0.088037
-0.067292
-0.074923
-0.058545
-0.004965
-0.099284
-0.055668
-0.024538
0.026059
0.056322
-0.046126
0.035692
0.012958
-0.041279
0.022240
-0.074213
-0.072134
-0.052480
0.027762
-0.029264
0.001193
-0.030451
-0.057112
-0.013156
-0.133188
-0.043610
-0.049280
-0.101256
-0.082925
-0.058147
-0.071512
-0.058568
0.027830
-0.062372
0.011635
0.061735
0.023145
0.031802
-0.041131
-0.091630
-0.066531
-0.044731
0.006074
0.096440
0.031459
-0.014964
0.060272
0.013331
0.069111
-0.009810
0.059399
0.010385
-0.044555
0.036189
-0.051671
-0.031640
-0.036777
0.056844
0.042519
-0.005003
0.035243
0.095523
0.109484
0.053979
0.021956
0.076276
-0.009901
-0.170924
-0.105619
-0.013051
-0.045315
-0.012524
-0.039760
0.007093
0.051783
-0.032909
0.062728
-0.068740
-0.048882
-0.003934
-0.019884
-0.017812
-0.023169
0.039205
-0.003071
-0.045618
0.025527
0.011303
-0.033000
0.015066
-0.055961
-0.061323
0.103071
0.065160
-0.044862
0.014493
-0.017945
0.033805
-0.012461
-0.036061
-0.005649
-0.024949
-0.073420
-0.077173
0.056740
0.043171
-0.061605
-0.028721
-0.008505
0.014497
0.046425
-0.034190
0.060460
-0.043397
-0.122034
-0.029578
-0.066055
-0.147288
0.008852
0.103685
-0.060375
-0.098800
-0.070258
0.098983
-0.019984
0.039123
0.064329
-0.040322
0.053230
0.032389
-0.045073
0.031579
0.000238
0.009249
0.090617
0.020708
0.035207
0.099497
0.055352
-0.058158
-0.059055
0.000158
-0.014776
-0.001899
0.080964
-0.036979
-0.064409
-0.073547
-0.039410
0.048360
-0.000134
0.014704
-0.020404
0.012329
0.036446
0.082562
-0.013885
-0.061647
-0.024472
-0.012119
-0.011050
-0.035555
0.020935
0.010742
0.070703
-0.007852
-0.014334
0.021098
-0.034030
-0.061259
0.016625
-0.035052
-0.066221
0.069496
-0.000093
-0.078325
0.068436
0.023567
-0.064033
-0.048456
-0.101946
0.026783
-0.065455
-0.041065
-0.084315
-0.056376
-0.020984
-0.123050
-0.009392
-0.017340
-0.050036
-0.002899
-0.034009
-0.023304
0.015220
-0.003577
0.017026
-0.035369
0.033731
0.068171
-0.043152
-0.056910
-0.034121
-0.051601
0.017562
-0.060561
-0.022560
-0.014198
-0.109771
-0.031424
-0.064962
0.016988
0.040261
-0.073041
-0.034407
-0.129445
-0.021482
-0.023684
-0.092821
0.058495
0.061550
-0.003631
-0.049460
-0.053660
-0.048927
-0.073089
-0.061426
-0.056655
-0.082719
-0.049864
-0.017291
-0.000298
-0.016116
-0.041313
-0.034168
0.020739
-0.058488
-0.021407
-0.009359
-0.034227
0.029724
0.012610
-0.021645
-0.073442
0.090346
0.002139
-0.042232
-0.007510
-0.053011
-0.004728
0.054695
0.043304
0.020728
0.013982
0.018184
0.029161
-0.016300
0.009715
0.059975
-0.048499
-0.090967
0.029202
-0.049253
-0.103439
0.059743
0.096795
-0.030326
-0.077856
0.052357
-0.053892
0.025025
0.094466
-0.073244
0.053148
0.005197
0.049546
-0.041510
-0.045470
0.139998
-0.004914
-0.027794
-0.025999
-0.092298
0.028313
0.046037
-0.020619
-0.051688
0.042596
0.092642
0.064032
0.025582
0.054939
0.024694
-0.012909
0.073427
0.026892
-0.030770
-0.005364
0.014689
0.008816
-0.043731
-0.047530
-0.008099
-0.023463
-0.010063
-0.000332
0.001137
0.036301
0.034431
-0.000359
0.037373
-0.038338
-0.027572
0.130062
0.139597
0.006634
0.057601
0.001616
0.057060
0.068474
0.097158
0.006914
-0.015403
-0.065897
-0.045231
0.043533
0.070532
0.065256
0.004591
0.026688
0.023220
-0.021746
-0.031765
-0.090906
0.049436
0.027014
0.023771
0.062689
-0.060155
-0.115463
0.074431
0.104048
0.007429
-0.018584
-0.007821
0.036558
-0.002094
-0.043047
-0.019343
-0.003072
0.019385
0.039266
0.031470
0.016093
0.034055
0.042759
0.068682
0.025909
0.021706
0.049922
0.026466
-0.063525
-0.042607
-0.065619
-0.030986
-0.030431
0.025506
0.046665
-0.044229
-0.070002
0.020240
-0.019373
-0.095875
-0.047554
0.024727
-0.093588
-0.092478
0.016927
0.023747
0.010379
-0.015261
-0.088105
-0.061441
0.009896
-0.011929
-0.069972
-0.052503
-0.071623
-0.072503
-0.033215
0.019007
0.033283
-0.024560
-0.065730
-0.043274
0.015238
-0.058066
0.052390
0.038193
-0.097677
-0.025960
-0.005994
-0.028925
-0.090189
-0.076134
-0.044166
0.046810
0.008995
-0.074789
-0.015605
-0.015508
-0.042789
0.031014
-0.015768
-0.065754
-0.157455
-0.041092
0.003027
-0.024103
-0.040212
-0.024677
-0.024290
0.033929
-0.007158
-0.006437
-0.004144
0.027153
-0.013813
-0.024488
-0.021062
0.097769
0.048733
0.012926
-0.000358
-0.010049
0.036954
0.018913
-0.025268
-0.106589
-0.000124
-0.047758
-0.019867
-0.029814
-0.116705
-0.072594
-0.023039
-0.077582
0.035270
0.045452
0.011425
0.015693
0.063734
0.016301
-0.003364
-0.021989
-0.014697
-0.050617
-0.017213
0.003521
0.061402
0.079392
-0.072581
-0.070495
-0.012045
-0.061862
-0.040228
0.007790
-0.074494
0.001199
-0.055093
-0.009760
0.017037
-0.008623
-0.035012
-0.148063
-0.053044
-0.013559
-0.118622
-0.115668
-0.043422
-0.134132
-0.013376
-0.024950
-0.054493
0.043720
-0.024911
-0.073960
-0.140133
-0.099559
-0.060534
-0.071886
-0.116533
-0.029835
0.016244
-0.087628
-0.103207
0.004085
-0.013715
-0.020015
-0.032661
-0.023347
-0.007202
-0.088859
-0.051180
-0.078970
0.026220
-0.047119
-0.006052
-0.032104
-0.056176
0.027331
0.005135
-0.028574
0.124796
0.108239
0.031226
0.062320
0.042755
-0.006143
-0.025047
-0.002500
-0.069331
-0.071328
-0.029118
0.067552
0.092051
0.113845
0.082088
0.034666
-0.015281
0.072981
-0.000582
0.008992
0.020411
0.087209
-0.004296
0.023361
0.031151
-0.006598
0.045242
0.029473
0.008487
-0.032243
-0.011731
0.066240
0.036059
0.079517
0.049596
-0.041460
-0.044278
-0.039176
-0.052937
-0.054144
-0.019071
0.039682
0.061952
-0.105393
-0.007901
-0.047597
-0.107684
0.074100
0.016274
-0.043508
0.073235
-0.061262
0.063219
0.072778
0.021159
0.013869
0.005091
0.054367
-0.009200
0.010509
0.036391
-0.062531
0.014027
-0.015593
-0.003153
0.026288
0.028605
0.118659
-0.043007
0.040081
-0.021445
-0.040690
0.019354
-0.028841
-0.022462
0.072043
0.064696
0.014708
0.035649
0.018617
0.000394
-0.018188
-0.029610
-0.015420
-0.064879
-0.004836
-0.053883
0.005591
0.010260
-0.022048
0.068533
-0.050144
-0.108569
-0.080709
-0.104838
-0.000590
0.050432
-0.095335
-0.060446
-0.034545
0.051068
0.037961
-0.002888
0.033210
-0.036337
0.044443
0.028809
-0.132086
0.029531
-0.001234
-0.019209
0.014230
-0.040810
-0.018397
-0.049511
0.009548
-0.020395
0.059806
0.173712
0.028453
-0.026327
-0.040098
-0.033151
-0.016464
-0.008470
0.047039
0.035445
-0.042635
0.040581
0.079721
0.038545
-0.027667
0.022003
0.034817
-0.082357
-0.102485
0.013328
0.059277
-0.038513
0.007310
0.066944
-0.028183
0.018783
0.057752
0.033990
-0.022480
-0.109618
-0.015227
0.029594
-0.037079
0.074331
0.041150
0.007783
-0.048653
-0.071334
-0.016042
-0.024476
-0.008939
-0.021622
0.021833
-0.047687
0.018924
0.054998
-0.014698
-0.073120
-0.034200
0.052580
0.000565
0.010584
-0.091389
0.018129
-0.017541
-0.021957
0.042481
-0.085634
-0.106727
0.068784
-0.047222
0.010641
0.069185
-0.014095
0.012810
0.056330
0.050780
-0.026056
-0.038900
0.028610
-0.018140
0.013996
-0.026822
0.002708
0.047657
0.043051
-0.115772
-0.068876
-0.042001
-0.040946
0.015054
-0.034509
0.017238
0.019360
-0.014713
-0.059340
0.106108
-0.063933
-0.179902
-0.127737
-0.103351
-0.128561
0.043840
0.091665
-0.082286
0.004915
-0.062616
0.001481
0.059560
-0.041400
-0.059920
-0.025654
-0.039647
0.027010
0.101401
0.019649
0.055881
0.161962
-0.006037
-0.026118
0.001785
0.001647
0.041114
0.061775
-0.028540
0.000801
0.026932
-0.021495
0.018721
-0.022348
0.011807
-0.010855
-0.057770
0.059750
-0.009569
-0.063515
0.029943
-0.098736
0.005249
0.076173
0.060892
0.056426
-0.039588
-0.136651
-0.039044
-0.058504
-0.018491
-0.004152
0.034901
-0.023080
0.014898
0.059494
-0.003093
-0.033481
0.010229
0.024392
-0.009849
-0.060419
-0.013170
0.020489
0.032724
0.035472
0.071651
0.048583
-0.022316
-0.033306
-0.017788
-0.063268
-0.020172
-0.078892
0.014899
-0.057597
-0.024785
-0.015664
0.025296
0.005065
0.046161
0.082675
0.084725
0.035603
0.055615
0.011157
-0.009191
0.041410
-0.006005
-0.092639
-0.057461
-0.018634
0.006121
-0.008468
0.001329
0.096005
0.068966
-0.039608
0.024816
0.004521
-0.029555
0.033717
0.100932
0.110563
0.014331
0.046550
0.002115
-0.021497
0.061233
-0.020089
-0.008079
0.061982
0.003379
0.042703
0.063364
-0.013491
0.057744
0.090809
0.149291
0.009955
-0.108282
0.032170
-0.018194
-0.094136
-0.010559
-0.030780
0.026269
0.157138
0.011541
0.048943
-0.070921
-0.064021
0.038603
0.014611
0.048506
-0.006002
0.015197
0.012234
-0.065727
-0.021188
0.053640
-0.088046
0.034315
0.037585
-0.059197
0.044282
0.033622
-0.081309
-0.125519
0.018912
0.003752
-0.015293
0.003330
-0.002286
-0.038821
-0.012786
0.068691
0.051545
-0.001001
-0.036356
-0.135840
-0.015923
0.000694
-0.085118
-0.014836
-0.015038
0.026697
0.050936
0.054823
0.057268
-0.037291
0.021158
0.033523
0.082030
0.015755
-0.051427
0.030265
0.021109
-0.055193
-0.027916
0.033785
0.049481
0.106034
0.028002
0.047487
0.053806
0.031426
0.024459
-0.079377
-0.001298
0.002798
-0.022192
0.004191
-0.055218
0.005137
-0.005607
-0.041846
0.039757
-0.026637
0.004198
0.013763
0.033258
0.026684
0.017403
-0.033012
-0.046070
-0.001412
0.003564
0.082741
-0.011936
-0.081085
0.030657
-0.053217
-0.104963
-0.008815
0.001021
-0.006040
0.011150
0.040201
0.040114
0.049022
0.041126
0.153638
0.060031
-0.007969
0.093037
0.031822
-0.005595
-0.048351
0.052775
0.015736
-0.085296
0.017410
0.077456
0.034982
0.009841
-0.024089
0.036317
-0.018726
0.045015
-0.014510
-0.037315
0.064784
0.096870
0.106277
0.037506
0.043744
0.077897
0.037172
0.132059
0.021535
-0.002444
0.068627
0.029428
0.064484
0.003422
-0.043556
-0.020262
0.032230
-0.082043
-0.119943
0.041497
0.079071
0.061910
0.082715
0.000206
0.127403
0.079319
0.050642
0.051680
-0.021201
-0.047936
-0.010659
0.051958
0.061194
-0.034742
-0.029861
0.031273
0.075808
0.082147
0.048815
0.034527
0.055376
0.001901
-0.032754
-0.089505
0.013094
0.010456
-0.037099
0.015572
0.010619
-0.016244
0.017940
-0.062954
-0.046240
-0.007361
0.013685
0.086849
0.041158
0.084392
-0.047653
-0.094636
-0.036358
-0.090328
-0.072364
-0.008729
0.030620
-0.014292
0.000298
-0.077903
-0.040842
-0.038095
-0.059524
0.036809
-0.058930
-0.010980
0.031783
0.037039
-0.026890
0.069141
0.127806
0.022667
0.067662
0.031704
0.052506
-0.013216
0.024118
0.013320
-0.061216
0.000126
-0.065408
0.018492
0.030743
-0.047068
0.005822
-0.029534
0.004352
0.065817
0.034088
-0.019764
-0.021329
-0.107067
-0.023542
0.020427
0.057804
0.043342
0.058385
0.003293
0.059472
0.074460
-0.023260
-0.021670
-0.030472
-0.002382
0.083491
-0.040187
0.011354
0.008245
0.008462
0.020704
0.059042
0.031364
0.051801
0.021665
0.060263
0.116504
0.057458
0.076509
0.104740
0.141892
0.056065
0.048541
0.112871
0.060199
0.002356
0.068641
0.072042
-0.024698
0.029779
0.110829
0.104954
0.029683
0.030281
-0.022050
0.006794
-0.022054
-0.070321
-0.015216
0.084551
0.022822
0.051805
0.000275
-0.007942
0.013273
-0.027555
0.024312
0.021711
0.032765
0.021980
0.033902
0.054907
0.073975
0.032821
0.023891
0.086194
0.080404
0.086517
0.039091
0.007874
0.033623
0.055342
0.102417
0.047439
0.062467
-0.002312
-0.053284
0.083604
0.043462
-0.001695
0.106347
0.008636
-0.033015
0.051784
0.094301
-0.035868
-0.059063
-0.039949
-0.042597
-0.026229
0.090887
0.011503
0.008843
-0.055104
-0.078732
-0.014674
-0.020434
-0.051372
-0.078168
-0.006227
-0.090302
0.005933
-0.010751
-0.092707
-0.012983
-0.053639
0.004306
-0.005168
-0.046740
-0.009164
-0.067039
-0.066160
-0.016552
0.053111
-0.077022
0.034047
0.082774
-0.017432
0.099039
0.040294
0.005083
0.095955
0.029634
0.053461
0.063755
0.045689
0.008557
0.066052
0.037881
-0.036498
-0.019991
-0.048329
0.004948
-0.018038
-0.062933
0.017921
0.081271
0.053493
-0.002809
0.068858
0.075343
0.115526
-0.053662
-0.006243
0.112356
-0.011532
-0.086923
-0.001113
0.016526
-0.023473
-0.010345
-0.011653
-0.066629
-0.048591
-0.006939
-0.159389
-0.087784
0.008406
0.011396
0.061957
0.051770
-0.040774
-0.007451
-0.006865
0.062223
-0.001718
0.054141
0.026716
0.062784
0.105231
-0.042459
0.021366
0.032478
-0.000627
-0.012388
-0.050093
0.003594
0.008874
-0.155311
-0.093819
-0.072729
-0.027471
-0.018348
0.032247
-0.023696
0.089757
0.152962
0.013881
0.069072
0.016703
0.114680
0.101151
0.062502
0.009000
0.005641
0.088958
0.054247
-0.034982
-0.046112
0.038254
-0.023050
-0.048480
0.012177
-0.071001
-0.028798
0.036803
-0.055011
-0.057745
-0.046806
-0.003669
0.018624
0.003180
0.029626
-0.017019
-0.009282
0.011237
0.042484
0.055153
-0.080019
0.064238
0.046053
-0.022328
-0.022920
-0.088770
-0.085947
-0.049209
0.013645
-0.023707
-0.051946
-0.011253
0.044519
-0.050518
-0.017612
-0.014256
-0.124950
0.019329
0.055281
0.096085
0.048776
0.086682
-0.020505
-0.005755
-0.018451
-0.017194
0.093363
0.016242
-0.044380
0.014827
0.010088
-0.017380
0.028591
-0.017471
0.023262
-0.006621
-0.016604
-0.014207
-0.056335
-0.066794
-0.015482
0.019629
0.055044
0.029978
-0.016948
-0.007991
-0.018908
-0.020196
0.033948
0.003601
0.085330
0.032097
-0.008556
-0.014776
-0.004763
0.000423
-0.025750
0.021204
0.026016
-0.005127
0.040291
-0.027172
-0.011440
0.000334
0.029703
0.018944
0.063426
0.024707
-0.016344
0.012849
0.054291
0.011796
0.046584
0.050629
-0.013536
0.093017
0.052914
-0.073337
0.008172
-0.002276
-0.002427
0.019089
0.043760
0.051749
0.044654
0.059678
0.008969
-0.038555
-0.046855
-0.000016
0.011700
-0.012416
-0.025204
-0.019087
-0.050215
-0.032083
-0.034495
-0.096125
-0.025178
-0.063539
-0.013394
-0.003552
0.025124
0.006794
-0.103343
-0.072478
-0.099895
-0.057395
-0.068212
-0.003403
-0.028583
0.072957
0.025187
-0.095241
-0.015200
0.009138
0.054411
-0.005410
-0.029102
0.021191
-0.084701
0.090301
0.081642
0.019321
0.017707
0.104434
0.076868
0.072322
0.014559
-0.033186
0.035403
-0.042425
0.000249
-0.019235
-0.074176
0.021195
0.011686
-0.033482
0.006739
-0.024272
-0.059911
0.039000
-0.021502
0.002036
-0.028866
0.022436
0.116563
-0.031090
-0.042750
0.005816
0.002822
0.014522
-0.072782
0.021549
0.045467
0.036669
-0.004433
0.062948
0.032676
0.054278
0.088847
-0.035199
0.043313
0.083154
0.080350
0.048073
0.059962
0.032490
-0.020938
0.060638
0.064523
-0.037374
0.068945
0.039423
0.041334
0.034486
-0.033266
-0.012623
-0.023143
-0.022399
-0.038253
0.000618
0.089860
-0.046786
0.020675
-0.067249
-0.046668
-0.066222
0.017656
0.042630
-0.072078
-0.029653
0.095778
0.097381
0.077845
0.064024
0.017133
0.000256
0.105641
-0.030048
0.047717
0.065432
0.002439
0.061150
0.022118
-0.024949
-0.012720
0.016410
0.001825
0.005496
0.069615
-0.005017
-0.027755
-0.040014
-0.076287
-0.006287
-0.045465
-0.076422
-0.113596
0.074705
0.012330
-0.041935
0.000793
0.089071
0.015189
-0.042599
0.124791
0.030604
-0.016572
-0.014627
-0.101068
-0.017525
-0.018527
-0.034263
-0.039996
-0.023810
0.048385
0.069277
-0.026958
-0.007743
-0.072165
-0.011761
-0.070540
0.020133
-0.020394
-0.052861
-0.015286
-0.017643
-0.029182
0.039036
0.019249
0.090379
0.007344
-0.071484
-0.044119
-0.083651
-0.029253
0.028229
0.066360
-0.123337
0.009683
-0.014618
0.066870
0.074580
-0.004815
0.068277
-0.000403
0.140393
0.015847
-0.070756
-0.018122
0.025749
0.094098
-0.013851
-0.040054
-0.053747
0.085384
-0.062581
-0.009271
0.043391
-0.057713
0.075439
-0.005254
-0.046146
-0.013643
-0.002997
0.025482
0.022294
-0.014270
-0.032823
-0.058826
-0.018572
-0.051004
0.002232
-0.015519
0.004675
0.009400
0.084130
-0.000688
-0.064582
0.044522
0.009635
0.041094
0.002172
-0.007493
-0.016598
-0.023271
0.005946
0.111123
0.034504
0.016620
-0.061707
-0.126986
-0.093222
-0.018312
-0.061560
0.005462
0.019099
0.020508
0.004369
0.015419
-0.034035
0.013099
0.068697
0.070001
-0.008997
-0.070907
-0.033386
0.009719
-0.002998
0.034720
-0.042736
-0.067965
0.017115
-0.011858
-0.015518
0.053485
0.007111
0.007138
0.023492
0.020256
0.045074
0.053313
-0.051533
-0.017574
-0.017401
-0.094614
0.025624
0.028618
-0.020501
0.003042
0.001415
0.058021
0.075639
0.002296
0.015570
-0.026146
-0.035553
0.059007
0.020449
-0.114871
0.020893
0.013583
-0.044188
0.096119
0.033644
0.044510
0.085828
-0.048035
-0.097174
0.008554
-0.024194
-0.013844
-0.092382
-0.015936
-0.045942
-0.047481
-0.107853
-0.073619
-0.002421
-0.000273
0.048791
0.033267
-0.006085
0.021107
0.014136
-0.015422
0.035715
0.062895
0.031834
-0.044692
-0.126509
0.012198
0.076988
-0.047033
0.040521
0.125424
0.050027
0.000280
0.082701
0.022158
0.064383
0.082164
-0.049352
-0.040894
-0.012114
-0.019892
0.023293
0.055228
-0.008493
0.004584
-0.068319
-0.072917
0.020657
0.022197
0.026038
-0.118258
-0.032835
0.006881
0.048495
0.000801
-0.011208
-0.025895
0.099091
0.017031
0.049243
0.004751
-0.028679
-0.022585
-0.039454
-0.032238
-0.020514
-0.039523
0.018605
0.010095
0.026974
0.062267
-0.003863
0.027387
0.073876
0.033040
0.041633
-0.076598
-0.126182
-0.031777
0.040977
-0.049736
0.012047
0.010980
-0.067113
0.018792
-0.057163
-0.005549
0.032120
-0.046391
0.035960
-0.081016
-0.085726
0.042034
0.022028
0.003449
0.039871
-0.074791
0.007743
0.057809
-0.068586
0.053788
0.032907
-0.053090
-0.000416
-0.076996
-0.009272
0.042701
-0.006826
-0.033296
-0.012152
-0.017871
0.018174
0.031685
-0.002751
0.057446
-0.044835
-0.074689
-0.065547
-0.028469
-0.046442
-0.026752
0.021974
-0.053679
0.001928
0.021356
-0.082400
-0.056454
0.020127
0.029177
0.003926
-0.001254
-0.033053
-0.067514
0.138506
0.158882
0.023945
-0.042839
0.006134
-0.053970
-0.110357
0.032102
0.087227
0.058152
-0.023567
0.017554
0.047367
0.010004
0.068578
-0.048022
-0.006197
0.000454
-0.003408
-0.044655
-0.089012
-0.063076
-0.051834
-0.129607
-0.009719
0.018583
-0.057761
0.017152
0.030933
0.017087
0.034031
-0.021783
0.017331
0.036362
0.013140
-0.002065
-0.015419
0.037600
-0.026626
-0.029003
-0.027423
-0.026403
-0.050678
-0.012992
-0.059086
-0.001107
0.065188
-0.059914
-0.032911
-0.030043
-0.083181
-0.038101
0.015790
-0.089168
0.027523
-0.041910
-0.039949
0.008733
-0.066332
0.030351
0.027631
-0.030914
0.021789
-0.018076
-0.019187
0.071326
0.064015
0.020304
0.054312
0.003442
-0.039296
-0.059138
-0.041406
-0.070335
0.016584
0.008077
-0.001582
-0.000729
0.094287
0.061418
-0.073871
0.032761
-0.014589
-0.007453
-0.002456
-0.011525
-0.000169
0.063603
0.174001
0.049959
0.025396
-0.031908
-0.011665
0.016099
-0.058895
0.020898
0.050256
-0.088597
-0.051712
0.057997
0.014322
-0.016506
0.032380
-0.015310
0.003639
0.014680
0.023170
-0.018963
-0.063334
0.072663
-0.090299
-0.008681
0.120495
-0.031481
-0.070390
-0.036895
0.007646
-0.024686
-0.041998
-0.010562
-0.062184
-0.037515
-0.021804
-0.034435
-0.026931
-0.004691
-0.017348
-0.018854
-0.028039
0.001008
0.009015
-0.062367
0.047432
0.030676
-0.046774
-0.023140
-0.005704
-0.060223
-0.073766
0.038996
0.034158
-0.024871
-0.054250
-0.005435
0.074987
0.041320
-0.027473
0.023756
0.024985
-0.102644
-0.025260
0.047484
-0.007651
0.052086
0.090002
-0.015889
0.004106
-0.068352
-0.012450
0.048899
0.043001
-0.006226
-0.052908
0.028415
-0.023306
0.038423
0.041523
-0.036027
-0.018074
0.036684
0.044613
-0.044640
-0.049524
-0.003152
-0.006616
0.001090
-0.006299
-0.039443
-0.096039
-0.019560
0.039144
-0.033780
0.060993
0.014677
0.007774
0.037391
-0.020421
-0.037356
-0.084022
-0.022221
-0.011381
-0.015822
0.095333
0.004741
-0.008822
0.008782
0.006482
0.029499
-0.011975
0.074891
0.063592
0.057748
-0.072257
-0.015784
0.015626
-0.147335
-0.038610
0.056236
-0.017571
-0.024150
-0.088927
-0.051258
0.043824
0.042264
0.081049
0.008461
-0.035693
0.111808
0.052470
0.007781
-0.012649
-0.009352
-0.033008
-0.010041
0.011376
0.010645
0.055397
0.057087
-0.044133
-0.012612
0.052566
0.034186
0.005625
0.035225
-0.003322
0.056391
0.036237
0.072464
0.064462
-0.003217
0.015389
-0.015406
0.032974
0.026380
-0.007046
0.101353
0.051093
-0.038700
0.086573
-0.025348
0.101443
0.066482
-0.098016
-0.013824
-0.091300
0.007909
0.038943
-0.004992
-0.035183
0.044937
-0.011523
-0.055248
0.083922
0.067024
0.024055
0.014039
-0.147826
-0.009071
0.041030
0.002192
0.089600
0.018123
0.048328
0.034208
-0.067730
0.007916
-0.062261
0.035236
-0.021559
0.017629
0.000574
0.017940
-0.004150
-0.105632
0.076751
0.060629
0.030322
-0.108298
-0.095010
-0.066061
-0.006970
0.009714
-0.013505
0.038216
-0.000600
-0.023627
-0.072624
-0.051825
0.005771
-0.001787
0.030866
0.037329
0.056618
0.072698
-0.040745
0.043683
0.073868
-0.025309
0.041162
0.058929
-0.097111
0.008592
-0.013112
-0.067265
0.058877
0.031241
0.032146
0.129423
-0.004202
0.024058
0.097738
0.047328
0.047884
0.054507
-0.020237
-0.033723
-0.042844
0.003632
-0.004765
0.049800
0.082199
0.030894
0.031071
0.034490
0.033058
0.006185
-0.038570
-0.028464
0.041978
0.083831
0.063663
0.025828
0.050553
-0.056643
-0.063254
-0.122122
-0.011334
-0.008001
-0.052647
0.048566
0.015220
-0.032394
-0.012225
0.040171
0.072707
0.053132
0.009005
0.047670
-0.018623
-0.041088
-0.026821
-0.033802
0.070717
0.022156
0.004740
-0.026045
0.040760
0.024501
0.065636
0.076407
-0.040194
-0.027230
-0.015600
0.027218
-0.060922
-0.004188
0.117875
0.000582
-0.007205
0.000114
-0.038482
0.008898
0.029590
0.085604
0.095837
-0.029726
-0.002616
-0.012374
-0.071365
0.073355
0.004436
-0.078669
0.004973
-0.081622
0.006153
0.081933
-0.060384
-0.028609
0.055419
0.018017
0.019418
-0.010407
-0.002328
0.029000
0.005765
-0.051613
-0.028332
-0.031248
0.034008
0.031824
0.019844
0.084251
0.082680
0.006216
-0.040813
0.024579
-0.001141
0.058163
0.050149
-0.055209
-0.067721
-0.005100
0.012342
-0.027969
0.013502
-0.001322
-0.083077
-0.077042
-0.027181
-0.075346
-0.132534
-0.064378
-0.039661
-0.007287
0.015941
-0.084495
0.017291
0.024194
-0.017733
-0.055783
-0.050736
-0.011140
0.054649
0.081655
-0.001927
-0.089836
-0.009703
-0.148907
-0.005920
0.029248
0.054633
0.070020
-0.006403
-0.035291
-0.030199
0.032582
0.039776
-0.023738
0.042423
-0.025851
-0.026930
0.018119
-0.009466
0.016152
0.030729
-0.016730
-0.043667
-0.058157
-0.070687
0.032711
0.007629
0.004894
-0.033937
0.070453
0.101089
0.142976
0.079683
-0.023261
-0.043211
-0.069415
-0.073139
-0.092190
-0.034985
-0.005031
0.016976
-0.039326
0.008722
0.054228
0.014367
0.003463
-0.033634
-0.033263
-0.081209
-0.028858
0.048531
-0.084388
-0.040451
0.008354
-0.026005
0.012511
0.013337
0.023330
-0.021554
-0.061385
-0.038208
-0.000438
0.015472
-0.061600
-0.026359
0.006751
-0.026221
-0.072467
-0.015594
-0.058389
0.026940
0.039906
0.028611
0.021574
-0.027928
0.017457
0.117362
-0.074124
0.028878
0.061764
0.032193
0.071200
0.039956
0.076456
0.043721
0.019994
0.013021
0.071865
0.071368
-0.026076
-0.074105
-0.022410
0.008772
-0.081141
0.026885
-0.064370
-0.046974
-0.027751
0.005136
0.002198
0.004340
-0.012187
0.033288
0.026706
-0.034179
0.020481
0.008083
0.030514
0.061306
0.038269
-0.006375
0.000031
-0.018374
-0.030613
0.035069
0.139015
0.069958
0.043997
0.088234
0.104737
0.002378
0.040735
0.027509
0.044946
-0.053156
0.059217
0.034603
0.087855
0.093566
0.015835
0.144661
0.097560
0.067474
0.022876
-0.074707
-0.019690
0.030798
-0.026480
0.093027
0.066063
0.052486
0.129783
0.091328
-0.020278
-0.099066
0.056776
0.070300
0.078595
0.045300
0.033373
0.086755
-0.004512
0.011240
-0.035761
-0.007307
0.082078
0.002160
0.043605
0.047174
-0.006827
0.011429
0.000256
0.012735
-0.011340
0.080013
0.006904
-0.022588
0.050748
-0.008628
0.020957
-0.006140
-0.035118
-0.036023
0.015572
0.001091
0.071309
0.071447
0.050813
0.019376
0.007203
0.079495
0.007270
-0.001058
0.018665
-0.073676
-0.103636
0.064156
0.022171
-0.008711
0.034691
-0.012575
0.015157
0.010129
-0.006387
0.057680
0.086915
0.127871
0.061502
0.099630
0.040883
0.062053
0.061884
-0.023535
0.089641
-0.039937
0.032784
0.083841
0.046658
0.105981
0.018793
0.002576
-0.066267
-0.065182
-0.006723
0.004206
0.004986
-0.000357
-0.029580
-0.066740
-0.022396
-0.023369
0.000389
0.042688
0.064354
0.036408
0.011481
-0.017039
0.002042
-0.038847
-0.077095
-0.059640
-0.022586
0.057593
0.009848
0.005439
0.056693
0.055897
0.059459
-0.033998
-0.038317
0.053220
0.007473
-0.047357
0.032456
-0.009035
-0.013682
0.024180
-0.050887
-0.074136
-0.030142
-0.056078
-0.149772
-0.070619
-0.128597
-0.035333
-0.030185
-0.055283
0.004664
-0.015984
-0.011366
-0.044742
0.039685
-0.002103
0.080535
0.043961
0.037115
0.092033
0.004194
0.024252
0.048814
0.006532
0.007358
-0.016444
0.003566
-0.065282
-0.009753
-0.004006
-0.060839
-0.079849
-0.003312
-0.021919
-0.000395
0.016927
-0.039278
0.000311
0.047190
-0.062208
-0.024367
-0.041899
-0.067291
0.061895
-0.050435
0.052380
0.119611
0.080510
0.023733
-0.008017
0.065045
0.020836
0.023066
0.036104
-0.032313
0.013861
0.056969
0.001957
-0.048587
-0.018582
-0.022051
-0.038869
0.030750
0.035537
0.013888
-0.020664
0.018173
-0.020308
-0.002478
0.041897
0.004654
-0.050229
-0.013211
-0.013655
0.044634
0.046462
0.004441
0.039924
-0.051736
0.023021
0.009774
-0.039531
0.021303
-0.059460
0.015071
0.079684
-0.073572
-0.030885
-0.024694
0.002187
0.086097
-0.033635
0.017125
0.066418
-0.054463
0.019968
-0.030507
-0.013081
0.052570
-0.004142
-0.011355
-0.016559
0.027972
-0.006309
0.071948
0.150559
0.017851
0.059155
0.073620
-0.002848
0.053768
0.000682
-0.020791
0.068538
0.017256
0.001384
-0.080342
-0.066295
-0.000451
-0.068973
-0.083722
-0.022240
0.004319
-0.070654
-0.052416
-0.043962
-0.011222
-0.038181
-0.074928
0.051048
-0.013355
0.009706
-0.084950
-0.049834
-0.048561
-0.097849
0.027419
0.089178
0.038310
0.013548
0.021844
0.035896
0.049034
0.107851
0.009565
-0.037947
0.013253
-0.091396
-0.034880
-0.023351
-0.138513
0.018812
-0.088012
-0.087472
-0.014597
0.011475
0.054158
-0.025042
-0.040430
0.016300
0.026922
0.144519
-0.000091
-0.047432
-0.075182
-0.022827
0.032543
-0.046592
-0.051990
0.029794
0.037173
0.042762
-0.053169
0.051307
0.074062
0.005330
-0.048436
-0.035308
0.064261
0.025164
-0.026550
0.107411
0.008554
0.012039
0.003254
-0.050991
0.055824
-0.001436
-0.052627
-0.070075
-0.126392
-0.058315
0.068380
-0.005548
-0.073423
-0.006678
0.015538
0.007317
0.017481
0.012312
0.059229
-0.000543
0.018869
-0.064768
-0.001175
-0.052504
0.008737
0.044048
0.005101
0.001534
0.038502
-0.039914
-0.035680
0.043102
0.058387
0.035990
0.143060
0.067079
-0.046421
0.024791
0.032764
-0.030452
-0.077331
-0.039313
0.000992
0.073293
0.159752
0.057806
0.047927
0.025397
0.033667
-0.005063
-0.005032
0.056165
0.033804
-0.000587
0.028830
0.014703
0.054862
-0.033593
-0.000536
0.005839
-0.090068
-0.105589
-0.051393
-0.022534
-0.004585
0.031783
0.050928
-0.027195
-0.050135
-0.005439
-0.042638
-0.025235
-0.050698
0.006429
-0.049949
-0.051969
-0.011607
0.030883
-0.008067
0.059308
0.058487
-0.019019
-0.016639
0.022172
0.131572
0.132835
0.056787
0.054161
0.082996
0.006439
-0.011490
0.022147
0.023380
-0.023887
0.019073
0.007807
0.021153
0.101182
-0.017403
0.001674
-0.029253
-0.021767
0.052149
-0.066643
-0.037798
0.013710
-0.068161
-0.021906
-0.041497
-0.032208
-0.003506
0.027914
-0.124995
-0.034606
0.107222
0.050186
-0.021247
-0.037898
-0.073721
-0.060760
-0.042793
-0.037641
0.009553
-0.020367
0.017224
-0.061581
-0.048336
0.058353
-0.076903
-0.087992
0.007107
0.004933
-0.024032
0.054988
-0.078915
-0.055056
0.003010
-0.053011
0.013293
0.042860
0.021078
0.000532
0.002604
0.045063
-0.101236
-0.096318
-0.089154
-0.040830
0.017586
0.010510
-0.002092
0.039943
0.008878
0.084331
0.086481
0.052675
0.072709
0.047913
0.045229
0.016133
0.016497
0.019627
0.015317
-0.014955
-0.006315
0.034120
-0.074179
-0.038798
0.014256
-0.071814
0.035212
0.080694
0.077992
0.064248
0.018534
-0.007331
-0.005650
0.050060
-0.071964
0.028766
0.060891
0.055471
-0.030347
0.035623
0.105541
0.017222
0.028533
0.000404
0.040713
-0.029469
-0.011344
-0.007661
0.004889
-0.011097
-0.066324
0.029244
-0.077491
0.010216
-0.002922
-0.050766
-0.004345
-0.012142
0.027569
-0.002615
0.037722
-0.003676
0.051894
0.079646
0.064153
0.071336
0.098690
0.082165
0.067063
0.011453
-0.006922
0.028341
0.044754
0.064914
0.017286
0.074502
0.037583
-0.014975
0.057447
-0.043118
-0.089166
0.031855
0.001625
-0.052035
0.040807
0.048720
0.038976
0.017035
0.079820
0.082464
0.000161
-0.000596
0.027321
0.019735
0.051647
0.028262
0.028742
0.114961
-0.047596
-0.015959
-0.017068
-0.014355
0.059847
0.040380
0.000248
0.038389
-0.016515
0.031883
0.112286
0.020009
0.043121
0.004521
0.072172
0.069284
-0.041763
0.063009
0.040356
0.010582
0.049715
-0.044526
-0.092881
-0.023842
0.051698
-0.026423
0.013720
0.094055
0.043229
0.086779
0.065570
0.015520
-0.048444
0.024044
0.001922
0.005243
-0.008187
-0.108795
-0.015964
0.005188
-0.028279
-0.040168
-0.097681
-0.076717
-0.022652
0.010826
0.081482
0.056710
-0.030554
0.023852
0.092204
-0.102435
-0.012330
0.101133
0.015413
0.003385
-0.011398
0.031637
0.102388
0.007432
0.049140
-0.029934
-0.044971
0.038926
-0.043392
0.050145
0.041452
0.072177
-0.023519
0.057747
0.008590
-0.059166
-0.008417
-0.063395
-0.071810
-0.080639
-0.025002
-0.100138
-0.008472
0.107177
-0.077757
0.007280
0.014439
-0.037046
-0.012502
0.022226
0.021283
-0.056757
0.025650
-0.045965
-0.058042
0.040919
-0.090279
-0.037159
0.018157
-0.052272
0.024821
0.004608
-0.010006
-0.027544
0.017429
0.079772
-0.024864
-0.022197
0.027377
-0.045804
-0.018592
0.017077
0.055431
0.027288
0.106560
0.026533
0.072684
0.013185
0.074365
0.051022
0.069756
0.060726
-0.098813
0.076697
0.030560
0.010222
0.091537
-0.024943
-0.059083
0.030241
0.086563
-0.003554
-0.008054
0.085070
-0.010343
0.141956
0.074647
0.100441
0.143780
0.022531
0.021782
-0.009846
0.006413
0.045396
0.105856
-0.026672
0.017137
0.133477
0.019401
0.038258
0.059537
0.064962
0.000316
-0.011901
0.025794
0.034666
0.015970
0.008748
0.044136
0.020929
-0.008044
0.041489
0.037806
-0.022938
0.008621
0.021850
0.041388
0.034702
-0.077921
0.082115
0.112195
0.067967
0.030454
0.010217
0.036615
-0.040848
0.035439
-0.007638
0.057655
-0.035834
0.009981
-0.054943
0.043825
0.049740
-0.062918
0.021598
-0.080820
-0.021607
-0.027440
-0.080166
-0.024168
0.023457
-0.040606
-0.031579
-0.044001
-0.019821
0.046235
-0.022133
0.015878
0.028878
-0.025469
-0.026629
-0.016858
0.026876
0.003328
0.077774
0.076001
0.021695
0.014743
-0.077208
-0.017745
-0.036457
-0.159287
-0.057333
0.038717
-0.043361
-0.103845
-0.006167
0.002031
-0.035707
0.030645
0.010427
0.072451
-0.001702
-0.055465
0.027066
-0.074470
-0.023033
0.045798
-0.092588
-0.019689
-0.056028
-0.034629
-0.096262
-0.060212
0.002639
-0.015877
-0.047932
0.035977
0.044814
-0.048417
-0.068465
-0.027762
0.018578
-0.033451
-0.067407
-0.077532
-0.061519
-0.067570
-0.058531
0.003896
0.000207
-0.011345
