# Time-averaged data for fix rgnetA
# TimeStep c_gyrA
10000 36.6632
20000 36.6691
30000 36.6827
40000 36.702
50000 36.7205
60000 36.7366
70000 36.7539
80000 36.7645
90000 36.7708
100000 36.7781
110000 36.7865
120000 36.7917
130000 36.7973
140000 36.8084
150000 36.8214
160000 36.8322
170000 36.8399
180000 36.8497
190000 36.8581
200000 36.8661
210000 36.8733
220000 36.881
230000 36.8855
240000 36.8887
250000 36.8932
260000 36.9004
270000 36.9097
280000 36.9169
290000 36.9233
300000 36.9295
310000 36.9364
320000 36.9432
330000 36.9512
340000 36.9607
350000 36.9709
360000 36.9813
370000 36.9903
380000 36.9979
390000 37.0048
400000 37.01
410000 37.0139
420000 37.0169
430000 37.0194
440000 37.0225
450000 37.0258
460000 37.0293
470000 37.0318
480000 37.035
490000 37.0383
500000 37.0423
510000 37.0453
520000 37.0475
530000 37.0497
540000 37.0531
550000 37.0562
560000 37.0586
570000 37.0602
580000 37.0624
590000 37.0646
600000 37.0662
610000 37.0679
620000 37.0696
630000 37.072
640000 37.0743
650000 37.077
660000 37.0801
670000 37.0844
680000 37.0887
690000 37.0927
700000 37.0967
710000 37.1014
720000 37.1062
730000 37.111
740000 37.1163
750000 37.1217
760000 37.1267
770000 37.1316
780000 37.1362
790000 37.1414
800000 37.147
810000 37.1532
820000 37.1599
830000 37.1668
840000 37.1733
850000 37.1798
860000 37.1858
870000 37.1918
880000 37.1977
890000 37.2031
900000 37.2086
910000 37.2136
920000 37.2183
930000 37.2223
940000 37.2269
950000 37.2315
960000 37.236
970000 37.2406
980000 37.2452
990000 37.25
1000000 37.2557
1010000 37.2613
1020000 37.2675
1030000 37.2733
1040000 37.2793
1050000 37.2853
1060000 37.2911
1070000 37.2965
1080000 37.3016
1090000 37.3066
1100000 37.3119
1110000 37.3176
1120000 37.3234
1130000 37.3293
1140000 37.3351
1150000 37.3408
1160000 37.3468
1170000 37.3521
1180000 37.3574
1190000 37.3629
1200000 37.3684
1210000 37.374
1220000 37.379
1230000 37.3842
1240000 37.389
1250000 37.3934
1260000 37.3979
1270000 37.4027
1280000 37.4078
1290000 37.4129
1300000 37.418
1310000 37.4229
1320000 37.4281
1330000 37.4333
1340000 37.4387
1350000 37.4446
1360000 37.4503
1370000 37.456
1380000 37.4615
1390000 37.4669
1400000 37.4728
1410000 37.4783
1420000 37.4835
1430000 37.4889
1440000 37.4947
1450000 37.5004
1460000 37.5063
1470000 37.5123
1480000 37.5186
1490000 37.5248
1500000 37.5306
1510000 37.5364
1520000 37.5422
1530000 37.5479
1540000 37.5539
1550000 37.5599
1560000 37.5654
1570000 37.5708
1580000 37.5762
1590000 37.5815
1600000 37.5867
1610000 37.5921
1620000 37.598
1630000 37.6041
1640000 37.6101
1650000 37.6156
1660000 37.6207
1670000 37.6259
1680000 37.6313
1690000 37.637
1700000 37.6425
1710000 37.6477
1720000 37.6526
1730000 37.6575
1740000 37.6624
1750000 37.6667
1760000 37.6709
1770000 37.6753
1780000 37.6798
1790000 37.6842
1800000 37.6883
1810000 37.6927
1820000 37.6972
1830000 37.7018
1840000 37.7066
1850000 37.7115
1860000 37.7163
1870000 37.7215
1880000 37.7268
1890000 37.732
1900000 37.737
1910000 37.742
1920000 37.7469
1930000 37.752
1940000 37.7572
1950000 37.7627
1960000 37.7679
1970000 37.7729
1980000 37.7777
1990000 37.7825
2000000 37.7873
2010000 37.7921
2020000 37.7973
2030000 37.8024
2040000 37.8077
2050000 37.8131
2060000 37.8185
2070000 37.8236
2080000 37.8286
2090000 37.8339
2100000 37.8391
2110000 37.8445
2120000 37.85
2130000 37.8555
2140000 37.8609
2150000 37.8663
2160000 37.8717
2170000 37.8772
2180000 37.8827
2190000 37.8882
2200000 37.894
2210000 37.9
2220000 37.9059
2230000 37.9118
2240000 37.9175
2250000 37.923
2260000 37.9285
2270000 37.934
2280000 37.9395
2290000 37.9449
2300000 37.95
2310000 37.955
2320000 37.9601
2330000 37.9651
2340000 37.9699
2350000 37.9747
2360000 37.9797
2370000 37.9848
2380000 37.9901
2390000 37.9953
2400000 38.0004
2410000 38.0058
2420000 38.0113
2430000 38.0166
2440000 38.022
2450000 38.0274
2460000 38.0329
2470000 38.0385
2480000 38.0441
2490000 38.0494
2500000 38.0544
2510000 38.0594
2520000 38.0645
2530000 38.0697
2540000 38.0751
2550000 38.0807
2560000 38.0863
2570000 38.0918
2580000 38.0972
2590000 38.1024
2600000 38.1076
2610000 38.1129
2620000 38.1181
2630000 38.1234
2640000 38.1289
2650000 38.1344
2660000 38.1401
2670000 38.1459
2680000 38.1517
2690000 38.1574
2700000 38.163
2710000 38.1687
2720000 38.1742
2730000 38.1799
2740000 38.1855
2750000 38.1912
2760000 38.1967
2770000 38.2022
2780000 38.2079
2790000 38.2137
2800000 38.2193
2810000 38.2248
2820000 38.2304
2830000 38.2359
2840000 38.2414
2850000 38.2471
2860000 38.2525
2870000 38.2581
2880000 38.2638
2890000 38.2695
2900000 38.2751
2910000 38.2806
2920000 38.286
2930000 38.2914
2940000 38.2968
2950000 38.3022
2960000 38.3073
2970000 38.3125
2980000 38.3177
2990000 38.3227
3000000 38.3275
3010000 38.3323
3020000 38.3369
3030000 38.3417
3040000 38.3464
3050000 38.3511
3060000 38.3557
3070000 38.3604
3080000 38.3647
3090000 38.3693
3100000 38.3737
3110000 38.3782
3120000 38.3827
3130000 38.3874
3140000 38.3921
3150000 38.3966
3160000 38.4012
3170000 38.4059
3180000 38.4105
3190000 38.4153
3200000 38.4199
3210000 38.4244
3220000 38.4288
3230000 38.433
3240000 38.4373
3250000 38.4417
3260000 38.446
3270000 38.4506
3280000 38.4553
3290000 38.46
3300000 38.4648
3310000 38.4696
3320000 38.4744
3330000 38.4793
3340000 38.4843
3350000 38.4894
3360000 38.4944
3370000 38.4994
3380000 38.5044
3390000 38.5094
3400000 38.5143
3410000 38.519
3420000 38.5237
3430000 38.5283
3440000 38.5331
3450000 38.5379
3460000 38.5428
3470000 38.5479
3480000 38.5531
3490000 38.5583
3500000 38.5636
3510000 38.569
3520000 38.5742
3530000 38.5794
3540000 38.5845
3550000 38.5897
3560000 38.595
3570000 38.6002
3580000 38.6053
3590000 38.6105
3600000 38.6157
3610000 38.621
3620000 38.6261
3630000 38.6314
3640000 38.6368
3650000 38.6422
3660000 38.6476
3670000 38.6529
3680000 38.6582
3690000 38.6637
3700000 38.6693
3710000 38.6747
3720000 38.68
3730000 38.6851
3740000 38.6903
3750000 38.6956
3760000 38.7009
3770000 38.7062
3780000 38.7114
3790000 38.7166
3800000 38.7217
3810000 38.7268
3820000 38.7318
3830000 38.7368
3840000 38.7418
3850000 38.7468
3860000 38.7519
3870000 38.757
3880000 38.762
3890000 38.7669
3900000 38.7718
3910000 38.7767
3920000 38.7817
3930000 38.7866
3940000 38.7913
3950000 38.7961
3960000 38.8009
3970000 38.8057
3980000 38.8105
3990000 38.8154
4000000 38.8202
4010000 38.8251
4020000 38.8299
4030000 38.8346
4040000 38.8394
4050000 38.8442
4060000 38.849
4070000 38.8539
4080000 38.8587
4090000 38.8635
4100000 38.8685
4110000 38.8735
4120000 38.8786
4130000 38.8838
4140000 38.8891
4150000 38.8945
4160000 38.8998
4170000 38.9051
4180000 38.9104
4190000 38.9158
4200000 38.9212
4210000 38.9265
4220000 38.9317
4230000 38.9369
4240000 38.942
4250000 38.9471
4260000 38.952
4270000 38.9571
4280000 38.962
4290000 38.967
4300000 38.9721
4310000 38.9772
4320000 38.9822
4330000 38.9872
4340000 38.9923
4350000 38.9974
4360000 39.0025
4370000 39.0077
4380000 39.0127
4390000 39.0176
4400000 39.0224
4410000 39.027
4420000 39.0317
4430000 39.0365
4440000 39.041
4450000 39.0455
4460000 39.0501
4470000 39.0545
4480000 39.0588
4490000 39.0632
4500000 39.0676
4510000 39.0721
4520000 39.0766
4530000 39.081
4540000 39.0854
4550000 39.0898
4560000 39.094
4570000 39.0983
4580000 39.1026
4590000 39.1069
4600000 39.1113
4610000 39.1156
4620000 39.1199
4630000 39.1242
4640000 39.1284
4650000 39.1326
4660000 39.1367
4670000 39.1407
4680000 39.1448
4690000 39.1488
4700000 39.1527
4710000 39.1566
4720000 39.1605
4730000 39.1645
4740000 39.1685
4750000 39.1727
4760000 39.1767
4770000 39.1808
4780000 39.1849
4790000 39.1889
4800000 39.1929
4810000 39.1969
4820000 39.2008
4830000 39.2047
4840000 39.2088
4850000 39.2129
4860000 39.217
4870000 39.2212
4880000 39.2254
4890000 39.2296
4900000 39.234
4910000 39.2384
4920000 39.2428
4930000 39.2471
4940000 39.2516
4950000 39.2561
4960000 39.2605
4970000 39.265
4980000 39.2696
4990000 39.2742
5000000 39.2788
5010000 39.2836
5020000 39.2884
5030000 39.2932
5040000 39.2981
5050000 39.303
5060000 39.3079
5070000 39.3128
5080000 39.3178
5090000 39.3227
5100000 39.3276
5110000 39.3325
5120000 39.3373
5130000 39.3422
5140000 39.347
5150000 39.3518
5160000 39.3567
5170000 39.3615
5180000 39.3662
5190000 39.371
5200000 39.3757
5210000 39.3805
5220000 39.3853
5230000 39.3901
5240000 39.3949
5250000 39.3997
5260000 39.4044
5270000 39.4091
5280000 39.4137
5290000 39.4183
5300000 39.423
5310000 39.4278
5320000 39.4326
5330000 39.4372
5340000 39.442
5350000 39.4467
5360000 39.4515
5370000 39.4563
5380000 39.461
5390000 39.4658
5400000 39.4705
5410000 39.4752
5420000 39.4798
5430000 39.4844
5440000 39.489
5450000 39.4936
5460000 39.4982
5470000 39.5029
5480000 39.5076
5490000 39.5124
5500000 39.5173
5510000 39.5221
5520000 39.527
5530000 39.532
5540000 39.537
5550000 39.542
5560000 39.5471
5570000 39.5522
5580000 39.5571
5590000 39.5621
5600000 39.567
5610000 39.5721
5620000 39.5771
5630000 39.5822
5640000 39.5874
5650000 39.5924
5660000 39.5975
5670000 39.6024
5680000 39.6073
5690000 39.6122
5700000 39.6172
5710000 39.622
5720000 39.6268
5730000 39.6317
5740000 39.6367
5750000 39.6417
5760000 39.6466
5770000 39.6514
5780000 39.6563
5790000 39.6611
5800000 39.666
5810000 39.6708
5820000 39.6757
5830000 39.6805
5840000 39.6854
5850000 39.6902
5860000 39.6949
5870000 39.6998
5880000 39.7045
5890000 39.7093
5900000 39.7141
5910000 39.7189
5920000 39.7236
5930000 39.7282
5940000 39.733
5950000 39.7378
5960000 39.7426
5970000 39.7474
5980000 39.7522
5990000 39.7571
6000000 39.7621
