# Chunk-averaged data for fix allDensity and group ave
# Timestep Number-of-chunks Total-count
# Chunk Coord1 Ncount density/number
1000000 34 27000
  1 0.5 771.526 0.66741
  2 1.5 787.404 0.681145
  3 2.5 787.598 0.681313
  4 3.5 802.236 0.693976
  5 4.5 803.526 0.695092
  6 5.5 802.67 0.694351
  7 6.5 805.356 0.696675
  8 7.5 797.37 0.689766
  9 8.5 778.904 0.673792
  10 9.5 797.94 0.69026
  11 10.5 789.916 0.683318
  12 11.5 802.432 0.694145
  13 12.5 796.666 0.689157
  14 13.5 780.886 0.675507
  15 14.5 803.078 0.694704
  16 15.5 784.698 0.678804
  17 16.5 786.55 0.680407
  18 17.5 802.738 0.69441
  19 18.5 799.142 0.691299
  20 19.5 794.424 0.687218
  21 20.5 803.5 0.695069
  22 21.5 795.17 0.687863
  23 22.5 806.502 0.697666
  24 23.5 805.362 0.69668
  25 24.5 797.148 0.689574
  26 25.5 795.422 0.688081
  27 26.5 803.574 0.695133
  28 27.5 792.594 0.685635
  29 28.5 791.01 0.684265
  30 29.5 803.622 0.695175
  31 30.5 786.972 0.680772
  32 31.5 784.908 0.678986
  33 32.5 772.552 0.668298
  34 33.5 786.604 0.680453
2000000 34 54000
  1 0.5 786.14 0.680052
  2 1.5 788.7 0.682266
  3 2.5 791.031 0.684283
  4 3.5 803.01 0.694645
  5 4.5 794.69 0.687448
  6 5.5 797.547 0.68992
  7 6.5 789.231 0.682726
  8 7.5 789.667 0.683103
  9 8.5 780.79 0.675424
  10 9.5 785.191 0.679231
  11 10.5 793.135 0.686103
  12 11.5 799.426 0.691545
  13 12.5 805.622 0.696905
  14 13.5 790.26 0.683616
  15 14.5 805.524 0.69682
  16 15.5 795.579 0.688217
  17 16.5 778.826 0.673725
  18 17.5 795.513 0.68816
  19 18.5 793.169 0.686132
  20 19.5 797.531 0.689906
  21 20.5 797.14 0.689567
  22 21.5 791.664 0.68483
  23 22.5 806.718 0.697853
  24 23.5 792.846 0.685853
  25 24.5 792.558 0.685604
  26 25.5 797.164 0.689588
  27 26.5 798.119 0.690414
  28 27.5 800.325 0.692323
  29 28.5 796.832 0.689301
  30 29.5 800.23 0.69224
  31 30.5 791.726 0.684884
  32 31.5 800.326 0.692324
  33 32.5 782.697 0.677074
  34 33.5 791.073 0.684319
3000000 34 81000
  1 0.5 602.969 0.521599
  2 1.5 802.741 0.694413
  3 2.5 803.322 0.694915
  4 3.5 812.68 0.70301
  5 4.5 808.142 0.699085
  6 5.5 811.055 0.701605
  7 6.5 805.25 0.696583
  8 7.5 807.006 0.698102
  9 8.5 798.008 0.690318
  10 9.5 801.007 0.692912
  11 10.5 807.264 0.698325
  12 11.5 811.881 0.702319
  13 12.5 813.215 0.703473
  14 13.5 801.937 0.693717
  15 14.5 813.261 0.703513
  16 15.5 807.369 0.698416
  17 16.5 794.279 0.687092
  18 17.5 802.936 0.694581
  19 18.5 798.314 0.690583
  20 19.5 800.617 0.692576
  21 20.5 803.943 0.695452
  22 21.5 803.021 0.694655
  23 22.5 813.517 0.703734
  24 23.5 806.312 0.697502
  25 24.5 805.091 0.696446
  26 25.5 807.908 0.698882
  27 26.5 808.925 0.699762
  28 27.5 809.369 0.700146
  29 28.5 806.539 0.697698
  30 29.5 811.339 0.701851
  31 30.5 804.273 0.695738
  32 31.5 810.797 0.701381
  33 32.5 799.445 0.691562
  34 33.5 606.269 0.524454
4000000 34 108000
  1 0.5 509.796 0.441
  2 1.5 811.338 0.701849
  3 2.5 810.216 0.700878
  4 3.5 818.924 0.708412
  5 4.5 815.248 0.705231
  6 5.5 817.149 0.706876
  7 6.5 810.723 0.701317
  8 7.5 813.308 0.703554
  9 8.5 807.311 0.698366
  10 9.5 808.808 0.69966
  11 10.5 812.249 0.702638
  12 11.5 815.507 0.705456
  13 12.5 816.703 0.70649
  14 13.5 806.378 0.697559
  15 14.5 815.466 0.705421
  16 15.5 810.684 0.701284
  17 16.5 800.404 0.692391
  18 17.5 806.757 0.697887
  19 18.5 803.387 0.694971
  20 19.5 805.314 0.696639
  21 20.5 807.928 0.698899
  22 21.5 807.346 0.698397
  23 22.5 816.086 0.705956
  24 23.5 811.688 0.702153
  25 24.5 810.764 0.701353
  26 25.5 813.097 0.703371
  27 26.5 815.713 0.705634
  28 27.5 816.147 0.706009
  29 28.5 813.696 0.703889
  30 29.5 818.029 0.707638
  31 30.5 813.393 0.703627
  32 31.5 819.173 0.708627
  33 32.5 809.022 0.699846
  34 33.5 512.252 0.443124
5000000 34 135000
  1 0.5 452.01 0.391012
  2 1.5 814.63 0.704697
  3 2.5 815.046 0.705057
  4 3.5 822.243 0.711283
  5 4.5 818.934 0.70842
  6 5.5 819.94 0.709291
  7 6.5 816.058 0.705932
  8 7.5 817.668 0.707325
  9 8.5 812.705 0.703032
  10 9.5 814.482 0.704569
  11 10.5 818.742 0.708255
  12 11.5 820.035 0.709373
  13 12.5 818.535 0.708075
  14 13.5 812.074 0.702486
  15 14.5 819.586 0.708984
  16 15.5 815.442 0.7054
  17 16.5 806.966 0.698067
  18 17.5 811.776 0.702229
  19 18.5 808.442 0.699344
  20 19.5 809.964 0.700661
  21 20.5 812.461 0.702821
  22 21.5 812.022 0.702441
  23 22.5 819.54 0.708944
  24 23.5 815.897 0.705793
  25 24.5 812.949 0.703243
  26 25.5 814.479 0.704567
  27 26.5 815.447 0.705404
  28 27.5 815.81 0.705718
  29 28.5 814.311 0.704421
  30 29.5 818.893 0.708385
  31 30.5 816.179 0.706037
  32 31.5 821.001 0.710209
  33 32.5 811.963 0.70239
  34 33.5 453.772 0.392536
6000000 34 162000
  1 0.5 413.543 0.357736
  2 1.5 817.649 0.707309
  3 2.5 819.04 0.708512
  4 3.5 825.455 0.714061
  5 4.5 821.456 0.710602
  6 5.5 823.016 0.711951
  7 6.5 819.447 0.708864
  8 7.5 818.436 0.707989
  9 8.5 814.177 0.704306
  10 9.5 816.223 0.706076
  11 10.5 820.674 0.709925
  12 11.5 821.762 0.710867
  13 12.5 821.013 0.710219
  14 13.5 815.539 0.705484
  15 14.5 821.877 0.710967
  16 15.5 818.698 0.708216
  17 16.5 811.722 0.702182
  18 17.5 816.302 0.706143
  19 18.5 811.541 0.702025
  20 19.5 812.36 0.702733
  21 20.5 814.755 0.704805
  22 21.5 815.135 0.705134
  23 22.5 822.598 0.71159
  24 23.5 820.088 0.709418
  25 24.5 816.562 0.706368
  26 25.5 816.553 0.706361
  27 26.5 816.209 0.706063
  28 27.5 815.9 0.705796
  29 28.5 814.967 0.704989
  30 29.5 819.543 0.708948
  31 30.5 817.421 0.707111
  32 31.5 821.55 0.710683
  33 32.5 813.899 0.704065
  34 33.5 414.891 0.358903
7000000 34 189000
  1 0.5 386.448 0.334297
  2 1.5 821.513 0.710652
  3 2.5 822.43 0.711445
  4 3.5 826.943 0.715349
  5 4.5 822.211 0.711256
  6 5.5 823.813 0.712641
  7 6.5 820.246 0.709555
  8 7.5 819.318 0.708753
  9 8.5 815.471 0.705424
  10 9.5 818.06 0.707665
  11 10.5 822.704 0.711682
  12 11.5 825.375 0.713992
  13 12.5 822.968 0.71191
  14 13.5 816.863 0.706629
  15 14.5 822.934 0.71188
  16 15.5 820.458 0.709739
  17 16.5 814.063 0.704206
  18 17.5 818.138 0.707732
  19 18.5 813.73 0.703919
  20 19.5 813.579 0.703788
  21 20.5 816.053 0.705928
  22 21.5 817.92 0.707543
  23 22.5 824.923 0.713601
  24 23.5 822.86 0.711817
  25 24.5 818.641 0.708167
  26 25.5 817.625 0.707288
  27 26.5 817.164 0.706889
  28 27.5 816.717 0.706502
  29 28.5 814.699 0.704757
  30 29.5 819.186 0.708639
  31 30.5 817.819 0.707456
  32 31.5 823.296 0.712194
  33 32.5 818.059 0.707663
  34 33.5 387.774 0.335444
