2.641550
0.619124
0.650453
0.414028
0.218631
0.293091
0.167674
0.218798
0.140918
0.062765
0.214233
0.056096
0.153262
0.104637
0.093205
0.170159
0.116106
0.042132
0.150259
0.199905
0.086890
0.133086
0.109452
0.082055
-0.008018
0.015220
0.087844
0.026015
0.077713
0.064502
0.078764
0.069163
0.052315
-0.029919
-0.056026
-0.035921
-0.018336
0.128594
0.115179
-0.016075
-0.021267
-0.028966
0.101966
0.143280
-0.010997
-0.054835
0.140566
0.096342
0.072906
0.019463
0.088648
0.055720
0.057557
0.072143
-0.000750
0.045595
-0.041180
0.054705
0.069248
0.054176
0.052451
-0.017820
0.046862
0.143277
0.030808
0.039710
0.054896
0.010095
0.099425
0.075742
0.068137
0.039246
-0.017545
0.086857
0.027324
-0.027089
0.046204
0.083043
0.063676
-0.020868
0.083641
0.029824
0.066213
0.095607
0.003085
-0.019007
0.011652
0.015430
0.046594
0.056175
-0.058588
-0.055438
-0.057814
-0.104749
0.063257
-0.019647
-0.032917
0.068186
0.022410
-0.019308
0.083591
0.163521
0.054370
0.068235
0.060563
0.020427
0.112650
0.091577
-0.007735
-0.013314
-0.029236
0.026470
0.080520
0.006865
0.047423
0.045568
0.079727
0.004082
0.047244
0.099356
0.030798
0.090642
-0.002603
-0.019474
0.085423
0.092631
0.000327
0.029677
0.029267
-0.033638
0.033077
0.012396
-0.003016
-0.019206
0.063709
0.084736
0.048892
-0.032775
0.058671
-0.013331
-0.009138
0.024870
0.074000
0.007670
-0.039763
0.072706
-0.030022
-0.048258
0.013330
0.003312
-0.061614
-0.004407
0.090094
-0.063199
0.038824
0.054033
0.007335
-0.003930
-0.052041
0.073817
-0.000226
-0.031997
0.082159
0.130333
0.063605
0.065263
0.037741
-0.001412
0.078103
0.053173
-0.066603
-0.020207
0.078461
0.081568
0.045572
0.089172
0.119003
0.036225
0.063841
0.076589
0.120302
-0.013700
0.084769
0.129811
0.083628
0.047113
0.108074
0.011528
-0.050628
-0.009518
0.033305
-0.055368
-0.134612
-0.045076
-0.065675
-0.065519
0.058248
0.050578
0.021375
0.117433
0.020623
0.000827
0.088699
0.034359
0.077576
-0.063305
-0.015688
0.031810
-0.010930
0.024463
-0.000622
-0.039922
0.086579
0.037014
0.054955
0.135555
0.109226
-0.041184
0.051804
0.105942
0.009735
0.045900
0.016641
-0.002193
0.006127
-0.046079
0.017852
-0.080724
-0.011350
0.011242
0.070432
0.020667
-0.031000
0.016677
-0.038124
-0.093764
-0.033840
0.061968
-0.037367
-0.050833
0.104781
0.002340
-0.050981
0.071306
-0.026095
-0.007658
-0.007406
0.119926
0.044511
-0.007715
0.082277
0.026175
0.040182
0.005729
0.029462
-0.012084
-0.070788
0.036147
-0.031237
0.030910
0.033720
0.037491
0.010807
-0.031908
-0.002605
0.064632
0.057116
0.035439
0.110428
0.040848
-0.032430
-0.000154
-0.039124
-0.086962
-0.000272
0.036504
0.100637
0.115201
0.133257
0.024053
0.004754
-0.044077
-0.038792
0.044170
-0.038565
-0.002241
0.034753
0.076464
-0.008380
-0.056711
0.092124
-0.048963
0.071991
0.125704
0.096229
0.131642
0.039387
0.087076
0.137718
0.095880
0.091537
-0.026036
-0.020228
0.000733
0.000177
0.076677
0.079139
-0.010669
0.066026
-0.052523
-0.039694
-0.025073
0.001182
0.003953
-0.055591
0.017411
0.031407
0.032449
0.096957
0.039618
-0.029834
-0.108872
-0.094855
0.032120
0.010808
-0.037531
0.004117
0.014234
0.022969
0.014484
-0.006319
-0.079227
0.023306
0.071140
0.036326
0.066792
-0.012149
-0.019841
-0.049485
-0.054480
-0.023119
-0.095858
0.011602
-0.018244
0.072029
0.084727
0.027753
0.090816
-0.004386
-0.045907
0.083026
-0.011165
-0.038293
-0.007554
0.018070
0.078437
-0.046819
-0.047000
-0.029841
-0.113858
0.039288
0.026473
-0.044812
-0.024938
0.039782
-0.001356
0.090723
0.016031
-0.000166
0.061579
-0.010168
-0.033443
-0.038101
-0.026897
0.039232
-0.018165
0.036310
-0.042530
-0.048850
0.051972
-0.017529
-0.014238
-0.031263
-0.009683
-0.040960
-0.004693
0.023268
-0.106572
-0.040882
-0.076763
-0.032038
0.042213
0.048189
0.088135
-0.027371
-0.061237
0.052333
0.026573
0.061682
-0.050828
-0.008345
-0.007922
0.027137
-0.020354
-0.031889
0.023972
-0.059219
0.038990
0.000182
0.042891
0.072001
0.081069
0.032905
-0.011451
-0.004492
-0.020151
0.069199
0.041747
0.048124
0.066247
-0.042526
0.023316
-0.011780
0.009616
0.074388
-0.007002
0.053390
-0.023302
-0.057365
0.014302
0.041745
0.031837
0.073123
0.094643
-0.057963
0.083756
-0.007285
-0.035404
0.090272
0.006432
-0.057149
0.071425
0.036809
0.004990
-0.017895
0.009824
0.048797
-0.067433
0.032328
0.053588
-0.011289
0.078624
-0.024331
-0.013961
0.042857
-0.015303
-0.052395
0.018541
0.002676
-0.032760
0.007124
-0.037641
-0.033244
-0.013972
-0.030963
-0.091571
-0.002423
0.022054
0.012001
0.101255
0.033655
0.025177
0.039627
0.053220
0.099597
0.056489
0.017003
0.037563
0.021532
0.070729
0.033373
0.090057
0.135833
-0.002536
-0.008475
-0.012468
-0.081786
-0.096263
0.024864
0.021629
-0.080046
0.012701
0.055763
0.015091
0.063738
0.009399
-0.004186
0.028765
0.045000
0.050664
0.058969
0.078651
0.067959
0.060325
0.004895
-0.000166
-0.027030
-0.043403
-0.001901
0.021225
-0.138164
-0.014976
-0.026023
0.027314
0.047556
0.008852
0.019595
-0.022389
-0.046498
-0.071207
-0.004218
0.060680
0.005337
0.039934
0.063026
-0.078402
-0.058522
-0.024438
-0.031071
0.002873
-0.031071
0.099476
0.071431
-0.033361
0.102391
0.117546
-0.011854
0.020565
-0.006877
-0.000932
0.020858
-0.025617
-0.043260
-0.047670
-0.034371
-0.029582
0.021257
0.057831
-0.012157
-0.019789
0.005728
-0.021993
0.004024
0.063146
0.023049
0.051702
0.002320
0.029790
0.024329
-0.077721
-0.009666
-0.027031
-0.061125
-0.035448
0.007842
-0.030758
0.054093
0.080934
-0.074713
0.052623
0.056073
0.054085
0.002286
-0.001076
-0.105373
-0.074662
0.050136
-0.009130
0.016143
-0.000387
-0.031757
-0.027631
-0.024898
-0.033378
-0.018096
-0.061625
-0.108601
0.012757
-0.012545
0.019752
0.048669
0.029298
-0.000607
-0.009296
0.060685
0.010170
0.047480
0.040425
-0.024526
0.021674
0.063698
0.029751
-0.005504
-0.079125
-0.066147
0.022670
0.015472
-0.006697
0.045943
0.078874
0.045210
0.073132
0.070847
0.077155
-0.053989
-0.010254
0.004391
0.007910
-0.051435
0.069857
0.022761
-0.015551
0.086198
0.056436
-0.006522
0.087904
0.003919
-0.041450
-0.013785
-0.037844
-0.028132
-0.069401
0.007217
-0.004607
-0.015530
0.034973
-0.020393
0.033490
0.030907
0.026311
-0.059212
0.007166
0.040209
0.081478
0.093515
-0.014933
0.003157
0.048666
0.013664
-0.017558
0.023202
-0.031293
0.022766
-0.036339
-0.005341
0.030800
-0.015775
-0.017114
0.048701
0.058541
-0.007857
-0.014002
0.037285
0.007913
0.059926
0.090342
0.067262
0.006838
0.040308
0.043846
0.015263
0.052690
0.042962
-0.006220
0.034364
-0.031094
-0.003000
0.000751
-0.014921
0.057554
-0.006406
0.045482
-0.061914
0.048105
0.005390
-0.062425
0.023123
0.009187
0.080482
-0.056674
0.001846
0.032533
0.069895
0.060481
0.053379
-0.000493
0.052086
0.053919
0.009503
0.033230
0.073575
0.032557
0.026129
-0.026058
0.007814
0.006007
-0.007163
0.084655
0.036642
0.014310
-0.005135
-0.073925
-0.069983
-0.032451
-0.068712
-0.004630
0.038230
0.066202
-0.005983
0.001997
0.083559
0.016223
0.042635
-0.001145
-0.057196
0.065021
0.028978
-0.085891
0.008298
0.050695
0.035922
0.085264
0.092604
0.080354
0.020197
0.042217
0.034706
0.019778
0.015104
-0.045610
-0.030466
0.031332
0.054088
0.130637
0.110129
0.102556
0.022898
0.029477
0.057349
0.067237
0.050907
0.003121
-0.011317
-0.075940
-0.084435
-0.064378
-0.000209
0.096442
-0.007053
0.046178
0.059004
0.081357
0.042621
0.007584
0.086795
-0.006868
-0.045875
0.011063
-0.050908
-0.092336
-0.013034
0.077438
0.005222
0.091003
0.004597
-0.040933
0.039269
-0.010928
0.058141
0.025136
-0.020595
-0.000955
-0.039218
-0.060318
0.053749
-0.060710
-0.024456
0.031096
-0.046642
0.018373
-0.029925
-0.034235
-0.049791
-0.101105
0.028329
-0.017621
0.017343
-0.009084
0.054054
0.019612
-0.046340
0.020192
0.022493
0.098452
0.058416
0.013334
0.085640
0.009860
0.040215
-0.058791
0.005368
0.055350
0.017330
0.033284
0.051434
-0.055338
0.013225
0.053751
0.013597
0.061201
0.011222
0.055527
-0.019424
0.007958
-0.106429
-0.010610
-0.037442
-0.111941
0.026665
-0.136681
-0.042204
-0.034412
-0.063488
0.038257
-0.064710
0.059498
-0.013165
0.030278
-0.011222
-0.013699
0.070495
0.017924
0.029222
0.093264
0.017797
0.014198
0.017680
0.118968
0.036214
0.002850
-0.005965
-0.039100
0.020635
0.008269
0.030684
-0.004449
-0.006818
-0.001380
-0.080683
0.007461
0.069599
0.032174
0.019920
0.111422
0.034703
0.001565
-0.058127
-0.006335
0.010929
0.078484
0.049528
0.002665
0.039563
0.020694
0.083049
0.059324
0.036657
0.109718
0.004708
-0.015344
-0.020950
-0.079006
-0.082326
-0.001400
0.011968
-0.027080
-0.093035
-0.016627
-0.025407
-0.000408
0.027894
0.031582
0.013596
0.045759
0.034109
0.046082
0.001076
0.064151
0.064226
0.053139
-0.032738
0.026663
-0.034994
-0.049324
0.056825
-0.023601
-0.009582
-0.001847
-0.005692
0.032877
-0.023222
0.015086
0.074187
0.063842
0.025943
0.045407
0.127649
0.052290
-0.040860
0.048421
-0.049270
0.018997
0.042214
0.095710
0.004465
-0.057547
0.039547
0.016142
0.024365
0.043327
0.037906
0.041973
0.062003
0.004616
-0.028332
0.018113
0.049163
-0.015566
0.052455
0.086426
-0.015087
0.050548
0.044931
-0.019230
0.092370
0.027982
-0.005999
0.009104
-0.006830
-0.011606
0.012721
0.037793
0.166487
0.052596
0.061032
0.073563
-0.021717
0.016899
0.040471
0.038905
0.009720
0.031815
0.039046
0.052629
0.037246
0.037935
-0.009681
0.020949
0.135303
0.048281
0.033967
0.033670
0.002630
0.028757
-0.001451
-0.054008
-0.034066
-0.009215
0.070323
-0.017035
-0.063685
-0.083515
-0.058421
0.004391
0.052224
-0.082248
0.033158
0.006599
-0.073923
0.013926
0.018079
-0.014637
-0.036529
0.008647
-0.039907
0.049732
0.015355
-0.037995
0.023726
-0.029092
0.032879
0.055419
-0.040163
-0.004999
0.015050
0.068303
-0.037691
-0.026213
0.043618
-0.101717
-0.025127
-0.034874
-0.011960
0.014322
-0.015578
0.052775
-0.021458
-0.011928
0.013291
0.024822
-0.069145
-0.009988
-0.038662
-0.042902
-0.020738
-0.038580
-0.011051
0.028895
0.017461
0.037068
0.061412
0.042905
0.099129
0.019427
0.050667
0.130187
0.012005
0.056311
-0.020926
0.012700
0.018983
0.016995
0.163569
0.061209
-0.014666
-0.017482
-0.074037
-0.001911
0.082901
0.026049
0.014213
-0.059355
-0.043702
-0.021235
-0.001716
0.001619
0.075964
-0.005039
0.054852
0.088796
-0.022567
0.037924
0.001861
0.015381
0.029178
0.110105
0.118276
-0.033691
0.048511
-0.034095
-0.036412
0.021077
0.057274
0.030713
0.028967
0.016481
0.022468
0.147942
0.126121
0.094277
0.063752
0.022827
-0.000883
-0.016143
0.021136
-0.060426
-0.035241
0.086874
-0.040841
-0.001959
0.069072
-0.036149
0.031702
-0.027657
-0.109391
-0.066128
0.056658
0.012304
-0.087537
0.002188
-0.026504
-0.023373
-0.022379
0.038315
-0.015219
-0.062483
0.063804
-0.031446
-0.019973
-0.012983
0.020888
0.038482
-0.009370
0.069058
0.046184
-0.006322
0.065148
0.130118
-0.006886
-0.077595
0.009633
-0.025780
-0.065635
-0.038876
-0.022959
-0.030300
0.003192
-0.093453
-0.025383
-0.157468
-0.061196
0.011196
-0.067518
-0.008250
-0.007635
0.024295
0.026230
0.023998
0.011834
0.017634
0.037300
0.057498
0.124492
0.034196
-0.015047
0.033748
0.027230
-0.019280
0.060670
0.006755
-0.025328
0.068198
-0.007524
-0.050731
-0.000384
-0.001119
0.018200
-0.050607
0.067324
0.115246
-0.058669
0.070719
0.133974
-0.016255
0.010167
-0.006956
-0.001832
0.072980
-0.082319
-0.061820
-0.050014
-0.078447
-0.005563
0.085942
0.054640
-0.034262
-0.058350
-0.045006
0.029041
0.087568
0.002903
-0.001211
0.045876
0.004087
0.013884
0.010289
-0.004393
-0.025312
-0.018794
-0.005357
-0.115598
-0.027199
-0.053060
-0.003173
0.063648
-0.050374
0.002719
0.046207
-0.041061
0.025965
-0.039072
-0.032961
0.018993
-0.004997
-0.014094
0.012205
-0.027217
-0.009409
-0.051962
-0.031890
-0.043726
0.012690
0.048293
0.050902
-0.092829
-0.051820
-0.058201
-0.039516
-0.012697
-0.053024
0.088118
0.040204
0.001828
0.049574
-0.023969
-0.038310
-0.039010
0.014409
-0.025809
0.034655
0.022915
-0.033971
-0.104126
-0.056064
-0.095427
-0.011060
-0.014282
-0.001908
0.003468
-0.031578
-0.003903
-0.006046
0.046161
0.005499
0.012596
-0.034751
-0.008806
-0.012107
-0.040841
-0.008190
-0.085371
-0.022780
0.009629
0.030556
0.005423
0.044411
-0.045774
-0.004196
-0.008708
-0.004393
-0.038666
0.033382
-0.039282
-0.058047
0.086654
-0.025501
-0.051315
-0.008637
0.009420
-0.045621
-0.028094
0.018296
0.038972
-0.037602
-0.057494
0.041351
0.006183
0.120986
0.062851
-0.004316
0.074544
-0.032199
-0.058275
-0.013208
-0.058004
-0.010710
0.046976
0.021503
0.043942
-0.020440
0.027295
-0.038964
0.004440
0.043699
0.015061
0.045798
0.061253
0.101457
0.070471
0.049505
0.022155
-0.005999
0.070913
-0.007184
-0.036805
0.002620
-0.048679
0.070716
0.085249
-0.029207
0.034724
0.072067
0.042603
-0.011112
-0.022972
0.006008
0.057690
-0.046112
-0.018334
0.028761
-0.034665
-0.019336
0.013403
0.116428
-0.040778
0.078347
-0.006338
-0.136794
-0.007698
0.036559
-0.013215
-0.008516
0.016547
0.040593
0.013226
0.001700
0.040582
0.016275
-0.059140
-0.038427
-0.053193
0.013499
-0.055445
-0.002305
0.019707
-0.004233
0.036374
-0.029276
-0.010847
0.028911
0.003108
0.048655
0.075061
0.030576
0.053910
0.018217
-0.014609
-0.054953
0.083518
-0.007696
-0.011261
0.050217
0.039873
0.034742
0.018481
-0.049498
-0.012825
-0.025500
0.009645
0.008355
-0.012881
-0.019652
-0.022461
0.014786
-0.019574
0.020472
-0.017599
-0.029085
-0.065517
-0.076044
0.042023
-0.103093
-0.031865
-0.035170
-0.030423
-0.048129
-0.023353
0.082465
-0.001531
-0.009268
0.102023
-0.032457
-0.028611
-0.024000
-0.042675
0.003978
0.040083
0.035396
0.017993
0.039034
-0.044282
-0.068934
-0.058448
0.010020
0.077925
-0.017792
0.044954
-0.001834
-0.014176
0.060903
0.031228
-0.019734
0.045919
0.053622
0.019685
-0.003938
-0.054273
-0.029923
0.008499
-0.062262
-0.055544
0.014550
0.007426
-0.028709
0.030702
0.041360
0.003819
0.038323
-0.008809
-0.064848
0.011261
-0.068759
-0.037493
-0.007162
-0.005201
-0.032218
-0.026359
0.047838
-0.003268
0.058092
0.054656
-0.011489
0.025102
-0.035005
-0.048858
-0.051238
-0.040376
-0.062221
0.020788
0.091571
0.054993
0.096706
0.035375
-0.015292
-0.080753
0.039045
-0.052677
0.029565
0.006482
-0.036825
0.048025
0.037404
0.064882
0.096768
0.046600
-0.024353
0.017717
-0.050658
-0.044014
0.001944
0.011685
0.032495
-0.013884
0.045537
-0.050075
-0.039378
-0.003624
-0.062611
-0.011052
0.002395
0.005808
0.052521
0.061589
0.064282
0.077240
0.084292
0.023077
0.008215
-0.003138
-0.047038
0.060344
0.024851
0.055686
0.105033
0.034390
0.071984
0.016286
-0.006377
0.105399
-0.067505
0.019763
0.008663
0.041345
0.029301
-0.068235
-0.000817
0.082266
0.100764
0.018764
0.058010
0.012356
-0.045390
-0.140891
-0.009203
-0.005800
-0.000354
0.035377
0.031223
0.042373
0.013889
-0.037483
0.042665
-0.046618
-0.052435
0.000271
-0.051661
-0.041420
-0.059749
-0.078410
0.048599
0.042798
0.012633
0.034184
-0.009321
0.054332
-0.073502
-0.065244
0.029009
-0.031826
0.046556
-0.045835
-0.013849
-0.058962
-0.074466
-0.081983
-0.086620
-0.074125
-0.063333
-0.069608
-0.033097
0.009099
-0.033764
-0.032700
-0.085514
-0.024382
0.072810
-0.036022
-0.034846
-0.059565
-0.061552
0.054243
-0.045066
-0.069764
0.045002
-0.006705
0.054806
-0.105141
-0.028751
0.027999
-0.036051
0.007787
0.003361
0.049414
-0.029315
-0.065217
-0.073926
0.053651
0.048509
0.034701
0.048568
-0.026916
0.061040
-0.018454
-0.086312
0.055786
0.008663
-0.002169
-0.009467
0.004382
0.049490
-0.061638
-0.038007
0.014446
0.011560
0.111972
0.001137
-0.053501
-0.018118
0.019298
-0.028464
0.057978
0.020773
0.002046
0.026863
0.004438
0.031110
-0.091924
0.007049
0.105149
0.082603
0.046957
0.001411
0.067344
0.050167
0.053335
0.058493
0.009872
0.067586
0.006935
-0.029808
0.050456
0.063460
-0.017467
-0.052077
0.029421
0.073591
-0.001251
-0.012133
0.012580
0.004613
-0.046351
-0.023032
0.003986
0.017405
0.076686
0.130274
0.061392
-0.084945
-0.000235
-0.004528
0.016320
0.065935
-0.006353
0.060500
-0.043440
-0.037801
0.000861
0.028584
-0.027815
-0.013095
0.006130
0.041885
0.058838
-0.033001
-0.044572
0.019728
-0.005708
0.048229
0.030576
-0.031922
-0.050326
0.097420
0.029547
0.016568
-0.040387
-0.015912
0.003630
-0.060506
0.048380
0.052780
-0.106713
0.046022
0.082954
0.040319
-0.019030
-0.004973
0.008239
-0.028220
0.024985
0.049911
-0.108979
-0.021412
0.049402
-0.000707
-0.082934
0.046027
0.069528
0.090902
0.031141
-0.023923
0.099726
0.037570
-0.084439
-0.007930
-0.075624
-0.084245
0.080538
0.104929
-0.001212
0.007655
0.052714
0.042163
-0.061811
0.001292
0.087017
-0.016112
0.014525
0.060071
-0.039438
0.096063
0.030907
0.047296
0.044882
-0.036248
-0.029578
-0.075416
-0.027072
0.033543
-0.083524
0.015733
-0.027343
0.033767
0.100499
0.049611
0.014903
0.012418
0.049608
0.080700
0.037619
-0.006787
0.037219
0.040058
-0.004121
0.045213
0.040570
0.026285
0.040030
0.005080
0.051820
0.071743
0.045705
0.098101
-0.095430
-0.028052
0.082366
0.010874
-0.013503
0.045074
0.040093
-0.051344
-0.052201
0.065088
0.101029
0.003599
0.000747
0.022802
0.051845
0.023925
0.049336
0.089075
0.008153
0.033677
-0.007386
-0.021758
0.028203
0.005976
0.073809
-0.025969
0.056663
-0.026302
-0.042281
-0.031513
-0.130367
-0.029906
0.015417
0.053425
-0.039735
-0.073508
0.066295
0.023270
0.026407
-0.028933
0.036792
0.008840
0.013711
0.031229
-0.007190
-0.014073
0.055206
0.086199
0.029521
0.104885
0.086444
0.035546
0.019349
0.041794
-0.027812
0.021478
0.006432
0.007496
0.058163
-0.049341
-0.049239
0.061269
0.040382
0.011710
0.047663
0.086786
0.050871
-0.050626
-0.049156
-0.014589
0.018882
-0.009692
0.002339
-0.088683
-0.012022
0.048357
-0.025860
0.002555
0.012049
0.049556
0.110375
-0.003657
-0.009345
0.010712
0.063245
0.043105
0.065304
0.107696
-0.075485
0.029997
0.065708
0.003243
0.089151
0.048103
0.128951
0.098308
-0.064528
-0.078965
-0.032525
0.029767
0.023300
0.000066
0.031719
0.079842
0.015728
0.062702
0.044478
0.020525
0.030027
0.019783
0.035937
-0.023428
0.062517
-0.027952
-0.005953
0.029442
-0.012482
0.053910
-0.000414
-0.019447
0.038358
0.068350
0.066848
0.005221
0.023445
0.162652
-0.004977
0.056942
-0.006186
-0.100844
-0.033962
-0.020391
-0.034417
-0.017385
-0.003636
-0.088456
-0.021695
0.061040
0.079518
0.034306
0.023501
0.051601
-0.039573
-0.029471
0.069737
0.002699
0.015820
0.097891
-0.032878
-0.040277
-0.041433
-0.063848
-0.048231
-0.057621
-0.057631
-0.046799
0.017860
-0.067724
-0.048648
0.095745
-0.021610
-0.032191
0.039714
0.052888
0.039396
0.041895
0.052402
-0.077587
-0.032451
-0.010069
-0.060072
0.003427
-0.008581
0.006755
0.007376
0.010214
-0.029916
-0.010313
0.007953
0.050280
0.036269
-0.072226
0.066506
-0.027932
-0.123081
0.017297
-0.049949
-0.024498
0.007563
0.032468
-0.018746
0.031779
0.004561
-0.002410
0.006576
-0.071333
-0.048806
-0.095707
-0.116654
0.060471
0.069609
-0.000156
0.034817
0.026903
0.034628
-0.028610
0.000894
0.056070
0.042610
-0.007722
-0.024539
0.040210
0.039676
-0.027614
0.018777
0.016110
0.007849
0.062007
0.019934
0.027933
-0.001311
-0.003262
-0.032122
-0.042614
0.063095
-0.008073
-0.053342
0.034837
0.042725
0.033220
-0.021209
0.069297
0.062200
-0.020875
0.085449
0.038686
-0.020879
-0.040992
0.033616
-0.019426
-0.025661
0.032574
0.041486
0.064922
-0.004191
0.019851
-0.000141
-0.008104
-0.067287
0.104229
0.072565
0.042534
0.030378
-0.017050
0.032403
0.077870
0.025397
-0.044746
-0.034854
-0.052453
0.020364
0.002273
-0.014398
-0.060761
-0.008594
0.047484
0.008280
0.096478
0.026718
-0.017209
0.059309
0.050576
0.023353
0.017319
0.035593
-0.035551
0.004168
-0.007841
-0.063595
-0.052925
-0.073257
-0.070461
0.047557
-0.036989
0.020569
0.058826
-0.004973
-0.137335
-0.014026
0.025564
-0.020107
0.023196
-0.053256
-0.115055
0.040538
0.009131
-0.025355
0.059003
-0.013190
-0.054177
0.026621
0.029272
-0.070762
0.055908
0.080485
0.004060
0.091386
0.017191
0.054107
0.032151
0.003358
-0.007246
-0.033027
-0.023054
-0.050015
-0.013624
-0.007561
0.008243
0.016961
0.006420
0.064919
0.091649
0.011023
0.029248
0.030606
-0.009873
0.020284
-0.019514
-0.037974
0.005283
-0.053787
-0.005740
0.044608
-0.033607
-0.070499
0.047676
0.047393
-0.072914
0.010652
-0.116492
-0.036832
-0.021491
0.030153
0.023829
-0.115987
0.018314
-0.085201
-0.088249
-0.009458
0.069949
0.023598
0.011885
0.010675
0.015358
0.055746
0.023116
0.011049
0.010934
-0.007067
0.037236
0.000999
-0.046350
-0.129893
-0.106919
-0.048347
-0.016022
-0.043018
0.032248
0.017842
-0.052263
0.001049
-0.052565
-0.043321
0.009221
0.030631
-0.026929
-0.046017
0.078369
0.012664
-0.021292
0.038252
-0.098383
-0.061703
-0.003726
-0.088778
-0.079103
0.049513
0.050359
0.010403
0.055447
0.011276
-0.008807
-0.019260
0.059253
0.034582
0.003239
0.057348
-0.012788
0.020735
-0.032689
0.072618
0.044390
0.004226
0.037487
-0.005306
-0.018205
0.013770
0.025956
-0.059132
-0.038653
0.048097
0.045907
-0.042690
-0.052217
0.038357
-0.020092
-0.024185
-0.006565
-0.083721
0.036451
0.044312
0.004252
0.023279
-0.016139
-0.016164
0.045073
0.045889
0.042870
0.080229
0.065329
0.037332
0.066363
0.027245
0.058020
0.032555
0.014724
-0.010168
-0.068022
0.004516
-0.114315
-0.030248
0.051408
-0.027404
-0.072997
-0.024937
-0.001120
0.056970
0.048658
0.072162
0.082900
-0.051698
0.012394
0.055921
-0.018828
-0.034020
-0.059681
-0.068275
-0.054008
-0.066802
-0.028581
0.036649
0.046046
-0.015084
0.044757
0.054988
0.043179
-0.000725
0.020184
-0.012265
-0.009884
0.000933
0.072811
0.014113
-0.022405
0.053392
0.066015
-0.008909
-0.013100
0.094875
-0.020386
-0.024146
0.051048
0.034474
-0.012742
-0.027338
-0.049815
0.029020
-0.044670
0.049722
0.038868
-0.048777
0.042500
-0.006991
0.000542
0.026051
-0.026458
0.045157
0.088874
0.029019
-0.031493
0.017826
0.043565
-0.011628
0.028725
0.025001
-0.087403
0.024103
0.081196
-0.009398
-0.047834
0.033379
0.131559
0.073859
0.079502
-0.004254
-0.109060
0.014329
-0.100145
0.017635
0.069859
-0.064996
0.036161
0.029748
-0.059891
0.082185
0.121993
0.026916
-0.020456
-0.005108
0.039199
0.030128
0.023765
0.001079
-0.005900
0.033278
0.051019
-0.015724
-0.107031
-0.034054
-0.055665
0.038386
0.083691
0.046212
0.079464
0.003031
-0.043316
0.014425
-0.016058
-0.009780
0.005842
-0.004044
0.006930
0.031914
0.048991
0.021271
-0.012120
0.002191
0.020795
-0.040939
-0.041801
0.014288
0.003214
0.002377
0.028066
-0.013241
-0.040745
0.018167
0.027179
-0.021771
0.005135
-0.040981
0.018542
-0.024636
-0.075810
0.031997
0.078068
-0.013805
0.072053
0.063750
-0.058990
0.058497
0.107363
-0.015392
-0.033438
-0.012481
-0.077958
-0.046916
-0.055479
-0.123274
-0.011042
-0.042754
-0.021499
0.054427
-0.007161
0.003089
-0.050979
-0.014810
-0.070410
-0.041902
-0.076490
-0.046254
0.080470
-0.055230
-0.000849
-0.051514
-0.017012
-0.042003
-0.052057
0.073736
0.003306
-0.032815
-0.000698
0.010057
0.001450
-0.035360
0.042198
-0.030479
0.010540
0.046773
0.021197
0.108091
0.100658
0.057837
0.109003
0.079956
0.057061
0.024661
-0.046163
0.046016
0.018619
-0.003585
-0.039047
0.014720
-0.043515
-0.098337
-0.035851
-0.088166
-0.082052
-0.012939
0.026274
-0.053908
0.049127
-0.019965
0.046623
0.084685
0.066783
0.077091
0.032676
0.157558
0.084140
0.023470
0.088306
0.020116
-0.043954
0.027218
-0.008583
-0.007132
-0.003548
-0.033352
-0.000116
-0.029055
0.009130
0.056562
0.044517
-0.014107
0.090909
-0.012267
0.077707
0.090545
0.034062
0.035528
0.033251
-0.024318
-0.045510
-0.038605
-0.086634
0.041847
0.024439
0.056091
0.037150
0.016218
0.050167
-0.011550
-0.018117
0.068908
-0.021691
-0.014870
0.096658
0.009836
0.052714
0.039867
-0.002475
0.060624
-0.018412
0.087439
0.079827
0.004289
-0.040125
-0.031084
0.056084
-0.054810
0.005189
-0.011398
0.098139
0.038082
-0.004113
0.075973
0.044761
-0.068175
-0.000149
-0.005564
-0.094224
0.005523
-0.034750
-0.050313
-0.006709
-0.031438
0.025737
0.034664
0.073770
0.052861
0.022518
-0.024573
-0.016072
-0.061538
0.020339
0.064936
0.013025
-0.017776
0.038142
0.024460
0.084234
0.021223
0.043165
0.058026
-0.074331
-0.030706
-0.136509
-0.078045
-0.010644
-0.045433
-0.028861
-0.050366
-0.003548
0.032873
0.019648
-0.147521
-0.118676
-0.132931
-0.043206
0.037878
-0.030578
-0.100611
-0.006619
0.075608
0.107835
0.005860
-0.052172
-0.011346
-0.026169
-0.002231
-0.032883
0.035847
-0.021806
0.040251
-0.032663
-0.086560
-0.048323
-0.040179
-0.052796
0.002888
0.064233
0.014105
0.029575
0.030637
-0.057006
-0.056181
0.112108
0.029770
-0.053304
0.097792
-0.041108
-0.108402
-0.039292
0.029507
-0.077759
-0.038382
-0.061303
-0.074249
-0.051584
-0.043648
-0.083025
0.045765
-0.000427
-0.046354
0.022371
-0.014600
-0.144246
0.022450
0.026964
-0.015738
0.029640
-0.043211
0.020639
0.064915
0.036308
-0.051164
-0.032030
-0.033354
-0.105671
-0.071123
-0.066981
-0.031879
0.061927
-0.086340
-0.083566
-0.073893
-0.071180
-0.029081
-0.077199
0.024438
-0.066938
-0.110824
-0.016335
-0.027192
-0.047261
0.065346
0.040752
0.021772
0.033777
0.001895
-0.035564
-0.026988
-0.023517
-0.038341
0.057302
-0.022392
-0.042557
0.006065
0.023677
0.008309
0.086205
0.040594
-0.058510
0.022032
-0.059616
-0.015380
-0.035505
0.019721
0.067275
-0.021957
-0.004255
0.017652
-0.012909
0.092887
0.086509
0.061237
0.064872
0.020947
0.026407
0.092122
0.091927
0.064763
0.126673
0.059325
-0.076665
0.029691
0.059535
-0.031933
-0.089632
-0.046254
-0.113686
-0.051260
-0.042476
-0.016404
0.002773
0.031553
0.103246
0.033804
0.013500
-0.036124
-0.047308
-0.081018
0.013729
0.000857
0.022944
0.102181
0.051544
0.080461
-0.016195
-0.002945
-0.031582
-0.075905
0.032216
-0.018717
-0.020983
-0.046153
0.011752
0.041775
0.003799
-0.054825
0.034414
0.087814
0.025905
0.020051
-0.035859
0.008940
0.015141
-0.053736
-0.011422
0.010671
0.006388
0.037552
0.007645
-0.002224
-0.007310
-0.030613
0.009202
0.001287
-0.087058
0.023355
0.018584
-0.017709
-0.038031
0.009351
-0.000366
-0.064618
0.020671
-0.015079
-0.083568
0.041172
0.040033
-0.011001
-0.114595
-0.000540
0.004458
-0.043687
0.036205
0.002001
0.020395
0.065899
-0.047106
-0.002011
0.044047
-0.038587
0.113226
0.016773
0.031583
-0.024847
0.000055
0.075829
0.087734
0.068868
0.084749
0.065475
0.063066
-0.000059
0.039941
0.112081
0.059486
0.074684
-0.034599
-0.025458
0.014574
0.007239
-0.038656
-0.079415
-0.003803
-0.027499
-0.070992
-0.013552
0.000798
0.029225
0.015944
-0.006442
-0.027701
-0.060408
-0.081859
-0.018705
0.064067
-0.017558
-0.006839
-0.003718
0.028496
0.059048
-0.070673
0.006615
-0.005945
-0.059075
0.008571
-0.016079
-0.031647
-0.078657
-0.030833
0.034595
0.023225
0.134925
-0.001436
0.025432
0.047103
0.047104
0.044005
0.027256
0.057627
-0.003255
0.060145
0.033934
-0.038944
-0.075191
-0.023096
0.100841
0.029629
-0.060256
-0.032488
-0.067224
-0.038412
-0.036142
-0.064701
0.013408
0.028218
0.008097
-0.011640
-0.055567
-0.051933
-0.006130
0.010122
-0.031254
-0.040293
0.008949
-0.023751
-0.028947
-0.067611
-0.091924
0.027028
0.005966
0.074828
0.010124
0.102916
0.114250
0.003361
0.059775
0.071649
0.051351
-0.050223
0.055874
-0.017988
0.035543
0.012940
0.003139
0.030019
-0.016806
-0.020556
-0.032482
0.021481
-0.008102
-0.084812
0.000829
-0.029468
-0.005493
0.028799
-0.043278
-0.027729
-0.031104
0.077374
-0.001640
-0.052197
0.069852
-0.060994
-0.023127
0.022072
-0.001677
0.056110
0.000562
-0.007710
-0.004117
0.036430
0.119364
-0.002538
0.017715
0.006428
-0.024213
0.035575
0.049019
0.063093
0.047783
-0.022418
0.092338
0.008461
0.003072
0.032205
0.005577
0.091420
0.032540
-0.003538
0.055864
0.024347
0.012492
0.005212
0.020735
-0.003161
0.023302
0.099251
0.035418
-0.049069
0.039172
0.035817
0.001524
0.042965
-0.009834
0.014425
0.018197
0.015784
0.014088
0.040655
0.031691
-0.061221
-0.042789
0.004037
0.048346
-0.015609
-0.038320
0.113718
0.028551
-0.013180
0.074373
0.095021
-0.026301
0.002289
0.042720
-0.050364
0.012388
0.086295
-0.024544
-0.043604
0.014460
-0.006211
0.060698
0.125248
-0.003779
-0.011138
-0.040526
0.050639
0.040132
-0.036750
0.062516
0.071801
0.047365
0.024817
-0.052803
-0.072424
-0.008537
0.049310
-0.028052
0.069212
0.022181
0.019018
0.037699
0.025600
-0.075203
-0.016300
-0.009403
-0.083987
-0.030440
-0.119478
0.047203
0.113310
0.081968
0.129772
0.032545
0.007112
0.057562
0.072765
0.048159
0.038256
0.046872
0.018101
0.110664
0.068490
0.003448
0.097682
0.105727
0.030035
-0.011688
0.072217
0.035030
-0.061404
0.032811
-0.023497
-0.033227
0.031273
0.015623
-0.009247
0.037071
0.024742
-0.009195
-0.076537
-0.045109
0.061486
0.002326
-0.009988
0.050783
0.051176
-0.006722
0.015879
-0.056740
0.013445
0.087303
-0.066744
-0.070060
0.010067
-0.019325
-0.056773
0.003352
0.051130
0.070836
0.080768
-0.017938
0.046907
0.039351
-0.003174
-0.016769
-0.019843
0.042726
0.030067
0.045590
0.043831
0.025631
-0.057054
-0.021768
0.012888
-0.016175
0.079863
-0.032278
-0.062643
0.013357
0.049268
0.040788
-0.042731
0.009565
0.022805
-0.103545
0.026907
-0.017443
0.018263
0.027124
-0.007495
-0.009460
-0.010513
0.000965
-0.020293
-0.005890
0.023797
0.018961
-0.049144
0.059185
-0.012741
-0.049243
0.033862
0.055131
-0.038073
-0.039759
-0.059902
-0.071133
-0.056820
-0.022695
0.001934
0.114769
0.000976
0.041839
0.048566
-0.033597
-0.040212
-0.016203
0.048111
0.088799
-0.030147
-0.037554
0.048767
-0.061759
0.013182
-0.026824
-0.058269
0.105390
0.006674
0.050408
0.056408
0.015581
-0.017869
0.028647
-0.007848
0.009083
0.058320
-0.030071
-0.086874
-0.135010
0.008490
0.011649
0.002683
0.046857
0.050145
0.013791
0.032178
0.010538
-0.023723
-0.001680
0.011337
-0.049182
0.029929
0.042891
-0.050922
-0.026232
-0.012806
-0.010610
-0.059762
-0.003673
0.004948
-0.036999
0.032813
-0.024161
0.025895
-0.030988
0.012700
0.123279
-0.059060
0.036087
0.081510
0.087539
-0.004689
-0.023614
-0.011959
0.073567
0.073930
0.022405
0.086564
0.053317
-0.057383
-0.033825
-0.011779
0.046022
-0.024527
-0.052984
0.020269
0.027147
-0.038876
-0.087222
0.035553
-0.015292
-0.015824
0.029047
-0.083930
-0.084639
-0.027807
0.029862
-0.027673
0.024204
0.053033
-0.023388
0.056422
0.025689
-0.050955
0.040566
0.016270
-0.001010
0.099314
0.071401
0.012935
-0.033156
-0.031454
0.023353
0.009687
0.051150
0.003736
0.047300
-0.074396
-0.046337
0.083427
0.023778
-0.001006
0.098862
-0.028379
-0.030850
-0.001280
-0.098459
-0.001005
0.066165
0.027392
0.087534
0.023652
-0.049884
-0.008091
-0.090269
-0.027858
0.103915
0.041542
0.036107
0.059849
0.079934
0.035609
0.029044
-0.100478
-0.024523
0.031221
0.005344
-0.061451
-0.010060
-0.066773
0.010859
0.059727
-0.094157
-0.033537
-0.047888
-0.038495
-0.012351
-0.071362
-0.083669
-0.051777
-0.041955
0.033044
0.079231
0.049207
0.092440
0.059935
-0.012521
0.056395
0.069889
0.089921
0.117235
0.087131
0.116204
-0.033908
0.045102
-0.036026
-0.043823
0.077366
-0.058453
-0.026419
-0.027874
-0.080851
-0.018023
0.002312
0.006686
0.003944
-0.061955
-0.040734
-0.009007
-0.007384
-0.038605
-0.036928
-0.086001
-0.069039
-0.030802
-0.046637
-0.009757
-0.050900
-0.042295
0.044213
-0.046002
-0.058885
-0.025910
-0.044379
0.039124
-0.044308
-0.171206
0.048592
0.049854
0.023590
0.034812
-0.016395
0.043148
-0.005855
-0.025822
0.050928
0.084873
0.026610
0.044169
-0.008870
-0.038241
0.045135
0.034750
0.055517
0.016431
0.065426
0.064547
0.051283
0.057067
0.043055
-0.012260
-0.004789
-0.008625
0.075310
0.042199
-0.010340
-0.025478
0.065311
0.078725
-0.030006
0.035059
-0.001514
-0.010313
0.012815
-0.028898
-0.083184
-0.093608
-0.019791
-0.012496
0.047932
0.046473
0.036983
-0.014942
0.013052
0.040374
0.005981
0.059333
-0.006299
-0.061504
0.042257
0.066567
-0.032048
0.014178
0.061311
-0.047558
0.057106
-0.023495
0.028325
0.084710
-0.063138
-0.036026
0.024639
0.001730
-0.022860
0.054610
0.087815
-0.045208
0.017691
0.054208
-0.044325
0.039086
0.101564
0.023114
0.011530
0.043232
0.001402
-0.063372
0.021151
0.048795
-0.002791
0.062159
0.083929
0.039817
0.016506
0.074787
0.059141
0.108088
0.045472
0.025810
0.015000
0.053516
0.007258
-0.011502
0.086661
-0.009260
0.037538
-0.014755
-0.037984
-0.001378
-0.029410
0.026066
-0.010462
-0.010771
0.033792
0.034121
0.013393
0.036547
0.008712
-0.046731
-0.040151
-0.039066
-0.042206
0.003046
-0.013004
0.050162
0.030385
0.050400
-0.044803
-0.045317
0.086437
-0.009198
0.045972
0.008752
-0.053607
0.005780
-0.010621
0.011062
-0.051687
-0.118072
0.029841
-0.028696
-0.072930
0.012434
0.027691
0.055306
0.061648
-0.006430
-0.021125
-0.015266
0.059917
0.065469
0.005650
0.020377
0.063049
-0.021101
-0.010069
0.018333
-0.004119
0.023092
0.062778
-0.010593
-0.048746
-0.003485
-0.028015
0.061076
0.028080
0.027872
0.048856
-0.049742
-0.028977
-0.010772
0.011027
-0.056937
-0.028030
-0.108380
-0.036617
-0.003134
0.001648
0.041119
0.037433
0.012290
-0.006209
0.015687
0.022751
0.022088
-0.018012
-0.079595
0.008652
-0.043476
0.032662
-0.009041
-0.056641
0.052670
0.035710
-0.060157
0.018393
0.102231
0.001705
0.038811
0.055506
0.003410
-0.013967
0.020809
0.015634
-0.036831
-0.002004
-0.006993
-0.043465
-0.019453
-0.007470
-0.037782
0.003095
-0.003269
0.020816
0.084319
0.003437
0.035635
0.000050
-0.040136
0.005873
-0.014318
-0.083374
-0.095470
-0.068864
-0.002501
0.005611
0.031005
0.004412
-0.053396
-0.032716
-0.114274
-0.022260
-0.073267
-0.103186
-0.092887
-0.006164
0.042409
-0.056980
0.071250
0.061502
0.023335
-0.065686
-0.056496
-0.099296
-0.090950
0.009079
-0.000982
-0.003498
-0.109064
-0.012965
0.137298
-0.038194
-0.000562
-0.025217
0.023520
-0.045675
-0.059260
-0.047465
-0.000439
-0.030142
-0.014948
-0.056130
-0.051860
0.101433
-0.016244
-0.040599
0.034081
0.048306
0.017183
-0.059883
-0.056166
-0.038777
-0.008066
0.016063
0.010685
0.030781
-0.018277
0.000819
-0.084097
-0.035989
0.004187
-0.003778
-0.021123
0.018931
0.069186
-0.027281
0.029636
0.025247
-0.006845
0.058266
-0.020972
0.032904
0.063738
0.042964
-0.015840
0.058045
-0.043512
0.000198
-0.034365
-0.030350
-0.005551
-0.022833
-0.045470
-0.016030
0.075513
0.006372
0.013162
0.088459
0.003696
-0.002657
0.028492
0.038591
0.036801
0.090638
0.093550
0.012883
-0.025542
-0.005203
0.086374
0.006987
-0.010707
0.080408
0.011301
-0.089960
-0.012732
-0.049526
0.019696
-0.103429
-0.047135
-0.009111
-0.005228
-0.051161
0.020700
0.006647
-0.062360
-0.039547
-0.017623
-0.087302
-0.061956
0.024823
-0.025002
0.036582
0.044479
-0.026343
-0.007509
0.058746
0.016327
0.051284
0.036043
0.026654
0.107207
-0.042301
-0.006767
0.085794
-0.033886
-0.005722
0.006672
-0.022657
-0.039536
-0.060451
-0.012605
-0.007123
0.007692
0.029073
-0.019971
0.068887
-0.080670
-0.050614
0.113413
0.015032
0.055135
0.035525
0.004460
0.029742
0.011417
-0.051074
0.009674
0.009236
0.011153
0.028593
-0.003189
-0.066185
-0.027998
0.041036
0.011919
-0.030200
-0.035729
0.039047
0.032652
0.030466
0.041613
-0.039291
-0.086101
-0.024535
-0.047302
-0.068180
0.038331
-0.071464
-0.081026
-0.039086
-0.078262
-0.009275
-0.037135
-0.053838
-0.102060
-0.069350
-0.134433
-0.089506
-0.012111
-0.036433
0.038748
-0.063036
-0.028450
0.043954
-0.093109
-0.009285
0.052471
0.002173
-0.058959
0.001606
0.012789
-0.036039
-0.025470
-0.048947
0.077836
0.086886
0.032594
-0.038420
-0.043691
-0.007400
-0.028267
0.047128
0.027743
0.034367
0.111683
-0.026629
0.008294
-0.001051
-0.057055
-0.014947
0.014163
-0.035754
0.029869
0.066684
0.036925
0.011246
0.035942
0.018408
0.105726
0.055318
-0.000664
0.069622
0.042456
0.043560
0.074439
-0.040779
0.046066
0.043810
-0.050614
-0.071091
0.006966
0.034174
-0.002541
-0.004065
0.005583
-0.001278
-0.025848
-0.034626
-0.085350
-0.037937
-0.052082
-0.008460
0.055523
0.030395
0.053775
0.034340
0.052375
-0.103242
-0.019931
0.027748
-0.103029
0.003921
0.020428
-0.002739
0.085085
0.058940
-0.029461
0.040332
0.040286
0.031504
-0.038797
-0.048874
0.132709
-0.021503
0.003884
0.026753
-0.010382
0.029642
-0.054006
-0.010102
0.088948
0.015963
-0.030237
-0.002006
0.031578
0.016907
-0.030792
-0.027600
0.014387
0.019753
0.022476
-0.025786
0.111073
-0.019622
0.020726
0.038584
0.021877
0.042177
-0.041710
0.023472
0.121256
0.007793
0.010133
0.043483
-0.049162
0.046134
0.083697
-0.073924
0.000573
0.013351
-0.047974
0.023649
0.002715
0.067510
-0.077364
-0.043533
0.119589
-0.019822
-0.026330
0.036883
-0.018348
-0.032649
-0.027136
0.010625
-0.013441
-0.043026
0.002090
-0.005225
-0.053979
-0.012151
0.016100
0.014158
0.036600
-0.005704
0.006679
-0.011411
-0.096491
0.037513
0.029708
0.017161
0.100313
0.037128
0.094423
0.042014
0.007306
0.046764
0.039318
0.066517
-0.022048
0.003947
0.053229
-0.002526
0.023605
0.109069
0.036055
0.038012
0.013380
0.020239
0.040232
0.088390
0.002662
0.015054
0.064018
-0.004119
-0.062441
0.024415
-0.039066
-0.080581
0.025653
-0.013375
-0.007237
0.019141
-0.032108
-0.086962
-0.011791
-0.010452
0.027141
0.012458
-0.053676
-0.040527
-0.092192
-0.060711
-0.022788
-0.018554
-0.046068
-0.034751
0.027575
-0.043079
0.009953
-0.006978
-0.101126
-0.092640
-0.000854
0.021635
0.079075
0.024931
0.005254
0.003825
-0.026469
0.004888
-0.061284
-0.039353
-0.033697
0.021251
-0.013892
-0.033707
0.018646
0.079100
0.006713
0.019339
-0.020790
0.012092
-0.019311
-0.030207
0.014688
0.054289
-0.038533
-0.031102
-0.041208
-0.072253
0.017812
0.063421
-0.005207
0.034210
-0.049896
-0.019099
0.024062
-0.037491
0.020205
0.010651
-0.051630
0.024643
-0.033166
-0.095266
0.034565
-0.079715
0.071261
0.042329
-0.007909
-0.003239
-0.033265
-0.056933
0.018826
-0.024059
-0.027137
-0.007391
-0.059044
-0.055234
-0.006993
-0.017110
-0.051005
0.014141
0.042730
0.007042
0.038779
0.022720
0.020331
-0.090827
-0.005544
-0.041086
-0.076607
0.008514
0.025546
-0.007697
-0.017141
-0.107810
-0.065658
0.053636
0.065694
0.000765
-0.078293
-0.019420
0.028746
-0.061276
0.049850
0.018045
-0.044427
-0.015579
-0.068000
-0.035725
0.016623
-0.025712
-0.047205
0.005443
-0.002982
0.012531
0.032243
-0.014056
0.007033
-0.007023
-0.036640
0.063092
0.033859
-0.022051
0.015818
-0.062049
-0.075453
0.027148
0.074364
-0.048398
0.007060
-0.090511
-0.100351
-0.000583
-0.019064
0.021235
-0.049940
-0.007368
-0.006859
-0.011976
-0.002102
-0.037039
-0.096315
-0.130555
-0.022644
-0.075464
-0.049704
-0.064094
0.048664
-0.001000
-0.039853
0.026699
0.008338
0.082410
0.003406
0.029093
0.067208
0.008999
-0.013344
0.069079
0.095912
0.022932
0.060959
0.038655
0.055070
0.017778
0.055841
0.071963
0.049622
0.032358
0.006508
0.049545
-0.031877
-0.072816
-0.005609
-0.019593
-0.076217
0.037310
0.117163
0.079016
0.040448
0.038513
0.016002
-0.054691
-0.008337
-0.021720
-0.025491
0.014714
-0.024088
0.059309
0.035954
-0.074750
0.077331
0.002365
-0.000482
0.035188
-0.108145
0.001513
-0.056155
-0.029517
0.120108
-0.031620
0.036829
0.000908
-0.021621
-0.006358
0.038999
-0.031709
0.018816
0.057662
0.022842
0.007494
-0.072984
0.037807
-0.047719
0.028667
0.045154
-0.042161
0.012469
-0.035628
-0.037240
-0.081583
-0.011933
-0.029669
0.009855
-0.005224
-0.023869
-0.010993
-0.087465
-0.033501
-0.019589
-0.039459
-0.067051
0.056185
-0.004032
0.012307
-0.011105
0.057080
0.019844
0.030124
-0.007818
-0.116996
0.036680
0.040708
-0.038988
0.061698
0.051733
0.016923
-0.005091
-0.005886
0.069260
-0.014479
0.004399
-0.002318
0.067012
0.019468
-0.040074
0.014208
0.019744
-0.005249
-0.050459
0.015738
0.091068
0.051554
0.084842
-0.019560
-0.011239
-0.016771
-0.055667
-0.053001
0.051970
-0.022598
-0.042700
0.037636
-0.055701
-0.052426
-0.018199
-0.076807
0.039105
-0.013793
0.023591
-0.101931
0.007341
-0.011900
-0.059677
0.012129
-0.038636
-0.047687
-0.001595
-0.065696
0.036257
-0.095268
-0.081255
-0.015612
-0.032752
0.030683
-0.002805
-0.042660
-0.042087
0.037550
-0.049137
0.024956
0.058305
-0.033408
0.024062
0.047037
0.078471
0.023913
0.008950
-0.038091
-0.058468
-0.003300
-0.003228
-0.032982
-0.016904
0.039807
0.015274
0.062963
0.015037
0.074071
0.005885
-0.050318
0.086945
0.115154
0.070314
0.064516
0.031411
0.038040
-0.049342
-0.002146
0.100120
0.021682
0.062565
0.105187
-0.011163
0.077973
0.162411
0.007265
0.028078
-0.003161
0.014054
0.042736
-0.034044
-0.012212
-0.059594
-0.077847
-0.019890
-0.055711
-0.019706
0.004335
0.003304
0.089358
0.053688
0.035022
0.058948
0.062519
0.005257
0.052731
0.063664
-0.017899
0.029587
0.023473
-0.026630
0.020123
-0.039134
-0.090350
-0.053324
0.040680
0.052526
-0.128469
-0.036115
0.047194
0.009887
0.110334
0.083372
0.020906
0.023691
-0.057708
-0.007228
0.015577
-0.026876
0.016627
-0.011948
-0.021297
-0.084040
0.084680
0.105893
-0.007081
0.063780
0.076224
-0.004575
-0.023773
0.080482
0.090505
0.026868
0.064958
0.137328
0.106126
0.044412
0.103070
0.057866
0.061913
0.061754
0.030872
0.004472
-0.041357
0.063861
-0.006141
0.000670
0.072658
-0.043102
0.009192
-0.013159
-0.128188
-0.009787
0.040898
0.001993
-0.005515
0.049368
0.033732
0.006839
-0.016573
0.020619
0.033507
-0.066056
-0.009440
0.025972
-0.048559
-0.020471
0.016032
-0.028043
0.059745
0.090126
-0.041598
0.020945
0.007494
-0.024792
0.009115
0.089815
0.147652
0.065496
0.003996
0.043906
-0.008916
0.038587
-0.020815
-0.041377
-0.057871
-0.050534
-0.066717
-0.088636
0.020998
-0.015863
-0.037147
-0.018652
-0.022958
0.011075
-0.007473
0.046729
-0.126904
-0.041310
0.001729
-0.016829
0.032452
-0.052124
0.037762
0.061090
0.015106
0.038827
0.076924
0.060150
0.020134
0.008603
0.037197
0.078722
0.013998
0.095303
0.083936
-0.001246
0.078017
-0.042215
0.040223
0.075533
-0.044504
0.012308
-0.003391
-0.051895
-0.057020
-0.038484
-0.049745
-0.064229
-0.066248
-0.055151
-0.020066
-0.013412
0.010628
-0.000234
0.056753
-0.018844
0.021678
-0.061528
0.004700
-0.034907
-0.064602
-0.030036
-0.042647
-0.001460
-0.048424
-0.040031
0.024722
-0.021948
-0.035368
0.001695
0.071676
0.067988
-0.000798
0.043483
-0.007582
0.034264
0.046955
-0.005388
0.002672
-0.070209
-0.078100
-0.040407
0.045023
0.091555
-0.024372
-0.004041
0.008877
-0.013043
0.027312
0.012278
0.022233
-0.032508
-0.033160
-0.038528
0.017733
0.013572
-0.062862
-0.128293
-0.102444
-0.014871
0.059783
0.058734
0.061235
-0.026179
0.039290
0.070216
0.084334
0.056819
0.019495
-0.035766
-0.035333
0.045699
-0.006174
0.055329
0.056224
0.079001
0.032331
-0.016561
0.021052
-0.004665
0.086936
0.050303
0.029978
-0.033306
0.016840
0.033713
-0.042147
-0.008416
-0.032624
-0.091672
-0.043545
-0.044135
-0.033819
-0.024553
-0.013432
-0.036053
-0.045384
-0.043684
-0.097078
-0.043838
0.052486
0.015202
0.008050
0.073641
-0.000624
0.093631
0.053393
0.080441
0.165904
0.056600
-0.002040
0.006011
-0.057701
0.010867
-0.013082
-0.073521
0.074642
-0.000142
-0.006515
-0.038725
0.053627
0.017857
-0.006715
0.067766
0.050777
0.041137
0.003640
-0.003248
0.087410
-0.083025
-0.044094
0.035183
-0.053551
-0.044563
-0.030726
-0.029721
0.043528
-0.023730
-0.035704
0.019941
-0.044154
-0.101437
-0.012205
0.079348
-0.037937
-0.063807
-0.025918
0.008506
0.020966
0.011401
-0.011619
0.023744
-0.054305
-0.066884
-0.003324
-0.017946
-0.066494
0.049110
0.080987
-0.032621
0.011025
-0.057607
0.066624
0.027801
0.034452
0.059203
-0.028138
0.015853
-0.094507
-0.059667
-0.099697
-0.012137
0.014479
0.064403
0.130025
0.074912
0.053084
-0.129914
0.010122
0.029530
0.066217
0.048608
0.003102
0.125118
0.025970
-0.010760
-0.027160
0.000715
0.018842
-0.044267
-0.003552
-0.001421
-0.032312
-0.033659
0.006905
-0.045140
0.076732
-0.013127
0.008090
-0.061588
-0.077786
-0.019644
-0.021327
-0.087260
-0.053146
-0.003979
-0.024643
0.024719
0.029229
0.006245
-0.020698
-0.056718
0.015583
0.039688
-0.023146
0.006978
0.028325
-0.093944
-0.068357
-0.074707
-0.073128
-0.092557
-0.102696
-0.011315
0.027987
0.034568
0.001757
-0.039658
-0.031939
0.055432
0.040945
0.067613
0.069695
0.062962
0.056290
0.002036
0.019064
0.083322
0.010295
0.078958
0.030140
0.028514
0.027581
-0.087258
-0.002841
0.018340
-0.032159
0.000430
0.001597
0.009305
-0.028865
0.084671
-0.008365
0.024353
0.019736
-0.040356
0.049562
0.030013
0.050140
0.020628
-0.032408
-0.008332
0.051613
0.034588
0.048950
0.169785
0.030429
-0.009222
0.113860
0.014289
0.067605
-0.029302
-0.046875
0.008186
-0.138128
0.015047
0.001619
0.003121
0.001075
0.014402
-0.016653
-0.030336
0.026576
0.032888
-0.029887
0.031541
0.024362
0.075812
-0.023111
-0.031630
0.020585
-0.023854
-0.049354
-0.034942
0.034824
0.031157
-0.021582
0.062058
0.042246
-0.006296
-0.085914
0.050281
0.056029
-0.048045
-0.024966
0.033618
-0.053417
0.027260
-0.007719
-0.044664
-0.023250
0.016742
-0.030944
0.021079
0.018247
0.049482
0.077246
0.067831
0.017657
0.114251
0.056010
0.014671
0.042895
-0.073600
-0.019991
0.003613
-0.045339
0.017178
0.029141
0.005227
0.000333
0.033996
0.104770
0.039649
0.101450
0.081589
0.032088
0.076479
-0.012283
0.019209
0.038559
0.032897
0.042277
0.065533
-0.011378
-0.010463
-0.016092
-0.023927
-0.055894
-0.073944
0.021655
0.069329
0.095271
-0.037755
0.062155
-0.008741
-0.022703
0.089942
-0.055537
-0.040584
0.032572
0.079917
-0.022637
0.003523
0.020371
0.061143
0.021064
0.069634
0.024107
0.012170
0.041501
0.081787
-0.080662
-0.032576
-0.038032
0.043773
0.063910
-0.014180
-0.029281
0.058547
0.031962
-0.069437
-0.034701
0.024231
0.056535
-0.009768
0.015750
-0.026046
-0.120877
0.048251
0.013224
0.079769
0.021165
0.091731
0.010767
0.020102
-0.037264
-0.049260
0.097761
-0.021402
-0.063777
0.022625
0.033524
-0.018727
0.083792
0.041746
0.005239
-0.029599
0.007581
0.043951
0.001145
-0.030193
-0.015088
-0.014938
0.021903
0.022974
0.002031
0.060405
0.006519
0.028525
-0.010699
-0.024191
-0.007687
0.027560
0.032700
-0.034157
-0.035006
-0.077542
0.029273
0.028140
-0.104327
0.076688
0.052762
-0.048694
-0.048199
0.000120
0.000097
-0.088291
-0.011036
0.080949
0.029465
0.050576
0.014070
-0.045293
0.044031
-0.009536
0.050151
-0.010219
-0.061271
-0.005800
-0.022773
0.023384
0.050950
0.031715
0.075599
0.157413
-0.016934
0.017266
-0.035266
-0.045747
-0.034241
-0.099866
-0.047038
-0.020418
0.017774
0.046200
-0.030569
0.032538
-0.037391
-0.019232
0.021235
0.025075
0.006274
-0.053981
0.032979
0.002916
0.024722
0.019216
-0.026564
0.057996
-0.009024
-0.087160
-0.050150
-0.032494
-0.008311
-0.032715
-0.073754
-0.051584
-0.035984
0.033906
-0.015815
-0.082328
0.029189
0.024149
0.020215
0.048169
-0.023438
-0.014416
0.008206
-0.047305
0.063299
-0.018638
-0.029091
0.045475
-0.033320
0.034524
0.019871
0.006360
0.056044
0.039542
0.026807
0.043614
0.121077
-0.039232
-0.051548
0.010189
-0.013860
-0.014952
-0.024399
0.012628
0.086968
0.030644
-0.016248
0.004848
0.084546
0.025707
0.040447
0.007298
-0.035708
-0.011446
-0.049323
-0.008993
0.054407
-0.038297
0.015888
-0.083090
-0.054893
-0.039098
-0.004394
-0.062923
0.013348
0.006279
0.123836
0.156997
0.059534
0.077994
0.084198
0.068850
0.052011
0.037370
0.040656
0.046437
0.026726
0.048535
0.022264
0.006766
0.017974
0.011318
0.078860
-0.023146
-0.034707
-0.101848
-0.040872
-0.092462
-0.072763
0.047730
0.011270
0.031012
0.067981
0.024383
0.020830
0.075541
0.050050
0.050523
-0.013252
-0.059973
-0.001399
-0.022935
-0.070581
-0.029630
0.027234
-0.045533
0.021363
-0.006477
-0.098565
-0.085083
-0.105328
-0.013521
0.024338
-0.018464
-0.012826
-0.091046
-0.086430
-0.096116
-0.056591
-0.023811
0.048000
-0.067145
-0.040533
-0.096073
-0.115592
-0.047820
-0.010730
0.019402
0.011252
0.030842
0.067516
0.026681
-0.059552
-0.061922
-0.086644
-0.036650
-0.021690
0.033036
-0.029643
-0.042967
-0.020530
-0.009724
-0.106216
-0.033363
0.004571
0.035447
-0.009748
0.005966
0.044278
0.062571
0.026828
0.024879
0.004373
-0.005592
0.019209
-0.069611
-0.072916
0.047681
0.085699
-0.031194
-0.000501
-0.043724
-0.007637
-0.018959
-0.059752
-0.011606
0.001682
-0.002302
-0.009431
-0.068087
-0.050348
-0.054871
-0.045450
-0.040933
-0.006055
0.002137
-0.105865
-0.019830
0.038244
0.072102
0.071221
-0.021634
0.041969
-0.034998
-0.035769
-0.039190
-0.041158
0.006537
-0.025963
-0.033874
0.010715
0.010995
-0.000033
-0.079600
0.083170
-0.025126
-0.041692
0.069696
-0.032302
-0.064374
-0.037063
0.016646
-0.018568
-0.017786
0.021140
0.026114
-0.022499
0.028523
0.025392
0.034971
-0.034632
-0.015652
-0.005708
-0.030237
-0.037779
-0.063629
-0.001022
-0.042321
-0.069188
0.031950
0.015869
-0.036237
-0.027028
0.042874
0.016146
0.055899
-0.011167
0.004105
0.022287
-0.037986
-0.049811
-0.022411
-0.033394
-0.104095
-0.072231
-0.020907
0.038724
0.013610
-0.007478
0.009403
0.017250
-0.009976
-0.012716
0.074504
-0.041715
0.028628
0.005072
-0.052877
-0.052415
-0.034227
0.020648
0.019520
0.024128
0.033132
-0.005048
-0.009246
0.034658
0.009131
0.020235
0.045862
0.036402
0.026495
0.059396
-0.059147
-0.037031
0.063826
0.091448
-0.016248
-0.002681
0.008422
-0.027188
-0.060801
-0.060840
-0.003844
-0.015836
-0.016558
0.065623
0.075955
0.050014
0.084148
-0.013276
-0.015382
0.011624
0.031822
0.056380
0.102199
0.081387
0.109871
-0.018531
0.061509
0.052546
-0.011653
0.035849
0.031144
0.046352
0.094919
0.095943
0.078292
0.008369
0.028772
-0.038583
0.059578
-0.006895
0.012220
0.046073
-0.077442
0.040795
0.028201
0.040672
-0.042648
-0.105139
-0.018387
-0.039230
0.002394
0.006286
-0.083898
0.040759
0.006830
-0.034664
-0.081331
-0.068828
-0.011908
-0.065650
-0.030801
-0.139365
-0.009507
-0.042855
0.095076
0.032774
-0.027236
0.030082
-0.036321
-0.005724
-0.030118
0.002383
-0.008754
0.005649
-0.019694
-0.010894
-0.035780
-0.020290
0.004396
-0.034329
0.031972
-0.001571
-0.011212
-0.043745
-0.066736
-0.053489
-0.066254
-0.046111
-0.027827
-0.060413
-0.051136
-0.025730
0.028590
0.058490
0.058148
0.022003
-0.049205
0.028439
-0.081481
-0.056704
0.016729
-0.004507
0.039812
0.034082
-0.017045
-0.040794
-0.045691
-0.029677
-0.008323
-0.076583
-0.105086
-0.048785
-0.108955
-0.119440
-0.060435
0.016718
-0.071609
-0.085398
-0.015661
-0.001920
0.057119
-0.007766
0.002014
0.006863
-0.041682
-0.026782
-0.007894
0.055281
-0.013636
0.007956
0.079041
0.041478
0.007225
0.039299
0.023146
0.067731
0.033117
0.014089
0.050864
0.051316
-0.003920
-0.044331
0.071925
0.012861
-0.077213
0.004014
-0.009259
0.041817
-0.008143
-0.029717
-0.041013
-0.061464
-0.002864
0.027812
-0.016638
-0.074168
-0.045209
0.058531
0.033821
0.052248
-0.009174
-0.025255
0.008552
-0.053453
-0.081560
-0.076975
-0.001880
-0.065158
-0.019955
0.035726
0.009514
-0.052103
-0.015468
-0.075215
-0.065914
-0.054244
0.047125
0.020906
-0.013889
0.018229
0.011807
0.067426
-0.023696
-0.083816
0.022236
0.001578
0.017725
0.069032
-0.001454
-0.004100
-0.004624
-0.053052
-0.016641
-0.022245
0.004323
0.024761
-0.074067
-0.047887
-0.019959
-0.069781
0.021710
-0.111364
-0.075126
0.042466
-0.046511
-0.040633
0.009665
0.013925
-0.010054
-0.020964
-0.046294
0.005885
0.055148
0.036802
-0.009759
0.014997
-0.002490
-0.025480
-0.083327
0.019879
0.012512
-0.011691
0.030851
-0.088729
-0.012502
-0.064924
0.020529
0.075075
0.016711
0.030189
0.073151
0.042139
0.058138
0.099328
0.053239
-0.002130
0.031256
0.008588
0.048872
0.081075
0.040977
0.035691
-0.097451
-0.034103
0.028797
-0.006496
-0.026441
-0.033068
0.013431
-0.097841
-0.046458
-0.062467
-0.025147
-0.022252
-0.026871
0.054293
-0.026800
-0.032843
0.026670
-0.035904
-0.074931
-0.018706
-0.069214
-0.047918
-0.008669
-0.001370
-0.001327
0.046904
0.012145
0.015852
-0.038236
-0.026882
-0.040555
-0.034968
0.039124
0.006812
-0.069600
-0.071374
-0.107175
-0.031657
0.025542
-0.017762
0.041040
0.050686
0.006279
0.077514
-0.023044
-0.014315
-0.043424
-0.069995
0.086220
0.021592
0.077910
0.102871
0.117895
0.008255
0.015301
0.007136
-0.016402
-0.087989
-0.047671
0.074052
-0.031704
-0.005010
0.039237
0.031276
-0.043740
-0.016298
-0.008933
0.068307
-0.029789
-0.032281
0.018893
-0.093897
-0.016731
0.003656
-0.061933
0.031437
0.066395
-0.006377
-0.040903
0.006828
0.020444
-0.038778
-0.110929
0.017828
0.002090
-0.015211
-0.091399
0.001496
-0.089176
-0.107655
-0.033945
-0.098567
0.021840
-0.018776
-0.027441
-0.031374
-0.072747
-0.031813
-0.021129
-0.024404
-0.141279
-0.025531
-0.029723
-0.074811
-0.038340
-0.040933
-0.079109
0.003128
0.041975
-0.002138
-0.000399
-0.002794
0.009679
-0.004093
-0.026210
0.001376
-0.000279
-0.002573
0.036977
0.037967
-0.111282
0.036409
0.093137
0.029959
0.023583
0.067652
0.003602
-0.017309
-0.009691
0.075730
0.063788
-0.002770
0.105116
-0.039664
-0.074284
-0.008312
-0.003164
0.021083
-0.044366
-0.010211
0.032975
-0.079858
0.018733
-0.027090
-0.004809
0.024840
-0.050239
0.041065
0.016587
-0.019580
-0.005958
-0.053948
0.011548
0.107435
-0.004572
-0.034716
-0.011074
0.096701
0.000266
0.023433
0.008611
0.004993
0.108477
0.042221
0.031051
0.055393
0.059503
0.099378
0.048162
0.064627
-0.045816
-0.036044
0.006727
0.062347
0.014705
0.033335
0.002197
0.018687
-0.023071
0.013388
0.027103
0.002539
0.054151
0.043034
-0.025638
0.088616
-0.010371
-0.047653
-0.039517
-0.072054
-0.041471
-0.070929
-0.093900
-0.004004
-0.003407
0.011239
-0.046751
-0.059799
-0.039068
-0.088783
-0.041156
0.029631
0.045602
0.008272
-0.020774
-0.002413
0.008622
0.011044
0.045037
0.004978
0.005268
-0.080388
0.012034
0.030033
-0.023729
-0.000923
-0.011358
0.018034
0.010675
-0.065302
-0.025140
-0.023726
-0.067680
-0.047588
0.064394
-0.025286
-0.046327
0.076172
0.014342
0.053641
0.069763
0.056509
-0.002257
-0.040545
-0.086919
-0.037226
-0.003497
-0.065107
-0.028317
0.027866
-0.015009
0.022364
0.020655
0.073587
0.007301
-0.083284
-0.025268
0.086269
-0.004862
-0.080946
0.031761
0.018143
-0.024287
0.083584
0.037634
0.032351
0.039701
0.043910
0.010801
-0.016758
-0.028587
0.005099
-0.002035
0.017676
0.027329
-0.011684
0.036208
0.002254
0.040721
0.053773
-0.007766
-0.017372
-0.130533
-0.032402
-0.069009
-0.040556
0.027898
-0.107946
-0.069138
-0.019631
-0.113316
0.030975
-0.008774
0.011609
-0.006469
-0.041325
0.008371
0.036423
0.008868
0.031385
0.070783
-0.009167
-0.025714
0.010557
0.003559
-0.031222
-0.028948
0.006621
0.028320
0.044165
-0.037159
0.012959
-0.085596
-0.024782
0.012433
-0.028608
-0.030721
0.029976
-0.067053
-0.026200
0.087942
0.085552
-0.010511
0.047773
0.020027
-0.031465
-0.090019
-0.037948
-0.004795
0.049340
-0.000734
-0.077234
0.047840
0.038932
-0.022489
0.049649
0.076343
0.010486
-0.021349
0.014517
-0.069798
-0.001736
-0.052775
-0.022913
-0.014783
-0.054893
-0.016146
-0.008555
0.028514
-0.063299
0.021334
0.129284
-0.029473
-0.002808
0.002545
0.040355
-0.056550
-0.017113
0.037384
0.015571
0.010206
-0.025706
-0.010429
0.014718
-0.046476
0.028717
-0.019906
-0.057579
0.025598
-0.107258
0.023024
0.027957
-0.074234
0.005791
-0.051650
-0.039008
0.090622
0.016982
-0.060602
0.042281
0.081929
0.027845
-0.018860
-0.034685
-0.032250
-0.005802
0.006344
0.101604
-0.046687
-0.014747
-0.020430
-0.002711
0.051755
0.013647
0.044835
-0.064626
0.008144
-0.039356
-0.062611
-0.085097
-0.075539
-0.100524
-0.090144
-0.051868
-0.055270
-0.050789
-0.063036
-0.000466
-0.037010
-0.042975
-0.062124
-0.000901
-0.009890
0.068439
0.015377
-0.046171
-0.007765
-0.011608
0.003631
0.077937
0.085039
0.093708
0.026757
0.033553
0.096599
0.048400
-0.030398
-0.034007
0.022304
0.012471
0.014057
-0.031757
-0.022761
-0.018723
-0.059373
0.051744
0.017382
-0.001021
-0.006705
-0.008245
0.028749
0.016160
-0.088745
-0.030462
0.028121
0.052039
0.024328
0.038183
0.124180
0.004414
-0.024778
0.060572
0.036460
0.025507
0.075156
-0.019702
0.006226
0.063035
0.032026
0.081429
0.017976
-0.065841
0.013429
0.005863
0.012128
-0.029049
-0.005617
0.029397
-0.022567
-0.010885
-0.076560
-0.000834
-0.027060
-0.053189
0.000218
0.095488
0.005399
-0.042611
-0.045797
0.024278
0.029592
-0.042516
-0.029164
-0.008028
0.079494
-0.051515
-0.017710
0.052033
-0.002463
0.008001
-0.077902
-0.035654
-0.024216
-0.033488
-0.018045
-0.015256
0.011907
0.009355
0.029867
-0.000706
0.087875
0.105762
-0.002180
-0.040500
0.013102
-0.051074
-0.071226
-0.094177
-0.037244
0.025237
0.036653
0.107425
0.045776
0.032716
0.060389
-0.057445
0.026949
-0.009411
-0.104952
-0.080659
-0.011761
0.016813
-0.035742
0.007315
0.015337
0.000380
0.022713
0.019674
0.047869
0.072584
-0.004182
0.024852
-0.026584
0.038607
0.025744
0.076915
0.054241
0.012052
0.096788
-0.015087
0.062703
-0.009315
-0.059530
0.029201
-0.058792
-0.001930
-0.003200
-0.026036
0.084871
-0.048997
-0.113470
0.019075
-0.003220
-0.039947
-0.030460
0.032936
0.017879
0.031368
-0.062814
0.011353
0.098571
0.015834
0.009092
-0.014510
-0.015940
-0.001644
0.093994
0.020473
0.013109
-0.002349
0.015204
-0.082447
0.015415
0.007902
0.023417
-0.041955
-0.124056
-0.036754
-0.072487
-0.061492
0.072373
0.023253
-0.030844
0.076818
0.041865
0.104830
0.113054
0.019614
0.002795
-0.009249
-0.004388
0.009396
0.028368
0.063316
-0.031595
0.018649
-0.084016
-0.053427
0.062847
0.071546
0.113328
0.076079
-0.026675
0.042177
0.091061
-0.014001
-0.052385
-0.035866
-0.026918
-0.030176
0.065212
-0.004098
0.034742
0.055528
0.062203
0.053736
0.046801
0.028270
-0.076661
0.006481
-0.001629
-0.046191
-0.041805
0.010398
-0.013200
-0.015593
-0.021410
-0.052800
0.005214
0.016905
0.087331
0.150824
-0.016163
0.037680
0.082891
-0.009276
-0.050069
0.020636
0.021356
-0.037083
0.057713
0.030539
0.093569
0.011542
0.018423
0.064618
-0.039498
-0.012148
-0.019035
-0.045245
-0.013001
-0.034011
-0.061997
-0.089084
0.032502
0.012608
-0.094493
0.034472
0.056246
0.057946
0.092796
0.001734
0.012795
-0.000013
-0.008552
0.035572
-0.034093
0.077182
0.072642
0.066926
0.001722
0.019573
-0.065563
-0.020928
0.045529
-0.071873
-0.016667
-0.006834
-0.028395
-0.003142
0.040088
0.074203
0.016140
0.014524
0.066153
0.049779
-0.019081
0.055936
-0.033115
0.005962
-0.012682
-0.076256
0.057366
0.071651
-0.070377
-0.037163
-0.001720
-0.054296
0.094474
0.092365
0.086684
0.051023
0.039166
-0.043212
0.034831
0.089257
-0.009298
0.014220
0.048763
0.019031
-0.046451
0.025711
0.047065
-0.006714
0.037237
-0.011794
-0.003493
0.042525
-0.048588
0.072227
0.003486
-0.072776
0.086385
0.055166
0.043127
-0.014354
0.021438
0.000221
0.031975
-0.054049
0.043458
0.071946
-0.090826
-0.026683
-0.032055
0.000721
-0.000454
0.008794
0.063059
0.002548
-0.020922
-0.000693
-0.063109
0.036549
-0.026492
-0.009156
0.096388
-0.072955
-0.075792
0.027496
-0.029794
-0.061836
-0.025289
-0.012186
-0.034444
-0.023355
-0.079998
-0.069356
-0.002609
-0.084160
-0.015355
0.013995
0.023748
0.006737
0.010515
0.075318
-0.000834
0.038236
-0.008094
-0.133850
-0.008430
-0.029615
-0.099291
-0.042454
-0.051674
-0.059270
-0.066750
0.017288
-0.013982
-0.055518
-0.043160
0.015249
-0.010733
0.060268
0.014119
-0.081448
0.033597
0.037556
0.103006
0.002900
-0.016055
0.105973
-0.051812
0.027358
0.013205
-0.029628
-0.005824
0.136102
-0.021903
-0.113861
0.025067
0.020895
0.007588
0.041639
0.051758
-0.046238
-0.049453
0.014834
-0.021816
0.032258
0.045238
0.064921
0.078827
-0.042784
0.020688
0.019235
-0.030634
0.014714
-0.003275
-0.011447
-0.028865
0.012287
0.064669
-0.004578
0.062128
0.042446
0.002914
0.046818
-0.017007
-0.043666
0.044585
0.092038
0.037257
-0.020559
0.032840
-0.031258
0.092566
0.012769
-0.045615
0.128492
0.007390
0.039997
-0.004573
0.009796
-0.031358
0.012558
0.020804
0.065798
0.016373
0.007053
-0.032627
-0.041217
-0.021795
-0.003026
0.053591
-0.020983
-0.040631
-0.039040
-0.060395
0.022121
0.028876
-0.025960
-0.013252
-0.026229
-0.077522
-0.113267
-0.030424
0.058193
-0.054030
-0.017240
0.005087
-0.021765
-0.016567
-0.061280
0.011988
0.074983
0.013569
-0.016721
0.104221
-0.029844
-0.043672
0.006149
-0.092601
0.042695
0.024945
0.003389
0.075101
-0.060495
-0.030192
-0.002134
-0.002764
-0.041779
-0.044301
-0.000624
-0.005530
0.021325
0.045430
-0.049758
-0.011170
0.016485
-0.022323
0.029681
-0.011882
0.006988
0.053413
0.046231
0.058954
-0.013512
0.015976
-0.048701
-0.079736
0.045446
0.087831
-0.036764
-0.069128
0.016979
-0.067271
0.010121
0.004099
0.041512
0.017453
0.056051
0.154322
-0.018586
0.036198
0.064602
-0.010028
-0.084996
0.034344
0.106279
0.006367
-0.006501
-0.015215
0.044572
0.003386
-0.029787
-0.022181
0.079832
-0.003292
0.019411
-0.010035
0.003079
0.045224
-0.057129
0.049117
0.088596
0.030765
0.013474
-0.002378
-0.065164
-0.001952
-0.026133
0.003522
0.060599
-0.026735
-0.024847
0.007732
0.055842
0.043028
-0.032348
-0.014203
0.043640
0.063656
-0.000787
-0.059007
-0.023847
-0.019146
0.015845
0.056688
0.018575
0.000300
0.026538
0.012142
-0.077037
-0.055039
-0.103093
-0.051008
-0.060675
-0.062767
-0.029076
0.036443
0.090209
-0.058100
0.046868
-0.043081
-0.127143
0.061246
-0.006537
0.006926
0.072595
-0.046097
-0.012256
0.008407
-0.000152
-0.031490
-0.104833
0.044208
0.047280
-0.020053
0.006186
-0.053954
-0.072994
0.003600
-0.032584
-0.012224
0.067542
0.017974
-0.011553
0.000645
-0.117704
-0.077884
-0.028395
-0.101934
-0.035284
-0.050297
-0.100683
0.000059
-0.013337
-0.078923
-0.057907
-0.029691
-0.026675
-0.028470
0.013422
0.019427
-0.013221
0.003417
0.007741
0.056547
0.039638
0.032495
0.017814
-0.026359
0.028341
0.046459
0.018325
0.042421
0.038675
0.037756
-0.016248
-0.045188
-0.009931
0.013453
-0.000526
0.000342
0.067872
0.036700
-0.038308
-0.016221
0.051204
0.027422
0.007517
0.073064
0.019673
0.071488
0.064924
0.110147
0.214036
-0.002585
-0.024684
0.004327
0.029082
0.098958
0.041931
0.090656
0.038724
-0.027150
0.019517
0.032745
0.062549
0.027996
0.027875
0.021591
0.036141
-0.024676
0.023103
0.012658
0.010917
0.014201
-0.027419
-0.057435
-0.055452
-0.077409
0.015551
0.001986
-0.086986
-0.014294
-0.006581
0.082882
0.044392
-0.035960
0.019380
0.035163
-0.083909
-0.025833
0.035884
0.021072
-0.098106
-0.006291
0.023578
0.016098
-0.016446
0.006246
-0.010712
-0.074009
-0.028046
-0.107511
-0.044250
-0.003278
-0.042009
0.013517
0.040031
0.056807
0.081685
0.025611
0.029290
0.033976
0.039587
0.032733
-0.011891
0.035302
-0.048331
0.013924
-0.030266
-0.025179
-0.042093
-0.132798
-0.016177
0.022108
-0.032674
0.063450
0.003091
-0.035167
-0.008453
-0.037699
0.041496
0.007946
0.000075
0.015288
-0.037184
0.102510
-0.018160
-0.022334
0.046784
-0.026286
-0.020208
0.011224
0.029597
-0.000714
0.094351
0.066824
-0.026422
0.008288
0.031204
0.015747
0.036713
0.067618
0.047011
0.039583
0.032826
-0.014524
-0.001183
0.074467
-0.028571
-0.034635
-0.014513
0.027222
0.070450
-0.025305
0.015074
0.034527
0.057401
-0.001026
-0.021937
-0.046127
-0.067531
-0.046454
-0.050905
-0.035794
-0.048016
-0.006039
0.125038
0.005835
-0.074778
-0.013345
-0.023707
0.058454
-0.053037
-0.002137
-0.000937
-0.036967
-0.000938
-0.016777
-0.015142
-0.039883
0.031745
0.006876
-0.037158
-0.021520
-0.031552
0.005481
-0.009822
-0.093026
-0.058009
-0.013348
0.043076
0.010208
-0.006269
0.061216
0.029050
-0.082578
-0.092265
-0.029091
0.027582
0.016343
-0.053406
-0.069603
-0.114446
-0.098602
-0.057140
0.003232
-0.103627
-0.065834
-0.003148
0.008264
-0.060235
-0.017489
-0.025879
-0.100393
0.023012
0.053722
-0.024776
0.021039
0.047352
-0.060415
-0.046486
0.066471
0.018565
-0.109279
-0.006844
0.051403
-0.123944
-0.014656
-0.017064
-0.029248
0.029141
0.006189
0.064722
0.073906
0.029311
0.127277
0.095424
-0.009732
0.086144
0.005783
0.056543
0.115789
0.037786
-0.061578
0.040282
-0.008731
-0.036565
-0.033726
-0.031131
0.034245
0.068898
0.091533
-0.037060
0.035119
-0.027731
-0.019340
0.068385
-0.017288
0.117407
0.109787
0.047024
0.083998
0.066790
0.054266
0.037965
-0.003337
0.016701
-0.070403
-0.055876
0.066786
-0.065288
-0.054541
0.026074
-0.015370
-0.002680
-0.007307
-0.124632
-0.117782
-0.026450
0.006127
0.018839
0.011251
0.013216
0.001834
-0.079972
0.012978
0.023984
0.070857
0.141171
-0.015340
0.051632
0.079468
-0.000541
0.077687
0.050268
-0.023733
-0.019236
-0.005490
0.056726
0.061014
-0.032888
0.007131
0.083057
-0.023726
-0.065992
-0.019027
0.002222
-0.012773
-0.022207
0.007651
0.071625
0.042747
0.021083
0.025432
0.040006
0.073778
0.056608
-0.040177
-0.023872
0.097023
0.076653
0.028462
0.087946
0.064243
0.090824
0.159396
0.027761
-0.006982
0.130540
0.009014
-0.095611
0.016170
0.002453
0.055240
0.049242
0.119933
-0.001049
-0.034819
0.083563
0.036516
0.022503
-0.002936
0.001176
-0.045613
-0.025116
0.006766
-0.021074
-0.014776
-0.016982
0.090413
0.062372
0.008266
0.057011
0.039948
-0.018994
0.057430
0.090087
0.044073
0.024402
0.019800
0.024073
0.055169
0.050836
-0.040288
0.006995
0.033230
-0.009796
-0.018298
-0.015155
0.022648
0.070979
0.059131
0.057706
0.073770
0.130614
0.036219
-0.018904
0.008703
0.055696
0.096274
0.026053
-0.009669
0.074953
0.049774
0.065834
0.101168
0.075230
0.041671
-0.048581
-0.009290
-0.056850
0.010589
0.095782
0.020455
-0.001780
0.079758
0.110420
-0.007594
0.059618
0.093152
0.044725
-0.002674
0.057426
0.042905
-0.057116
0.007629
-0.046142
0.036055
-0.018801
-0.095436
-0.004122
-0.088048
-0.024482
0.037326
-0.094814
-0.056233
-0.068948
-0.032934
-0.005355
-0.021606
0.036750
0.001711
-0.054790
0.065800
-0.002987
-0.071226
-0.003204
-0.096640
0.083261
0.022740
-0.026589
0.029377
-0.054498
0.002875
0.004867
-0.001005
-0.073465
0.008817
-0.034912
-0.020798
-0.061090
-0.025592
0.031619
-0.017382
0.022283
0.023813
-0.064964
0.045943
-0.043337
-0.106302
-0.065112
-0.027089
-0.011710
-0.030001
0.035082
0.049905
0.016133
0.033507
-0.043141
-0.004050
0.061699
-0.035866
-0.068171
-0.046421
0.092935
-0.022292
-0.029741
0.081910
-0.055673
0.036703
0.095518
0.006225
0.011384
-0.002935
-0.006289
0.004556
0.017992
0.080923
-0.025564
0.008509
-0.004211
-0.005956
0.033113
-0.065274
0.004382
0.067097
-0.008762
0.011552
0.006743
-0.073961
0.036723
0.003037
0.055531
0.005696
-0.018600
0.034615
0.048831
0.070932
-0.011997
-0.037256
-0.043278
-0.032364
0.067463
0.109077
0.034018
-0.010193
0.026537
0.025926
0.053249
0.000540
-0.076034
0.047931
0.031758
-0.108809
-0.011629
0.099055
-0.054365
0.031048
0.041604
-0.064560
0.081625
-0.011581
0.035886
0.052961
0.023210
0.059900
-0.009578
0.035664
0.020198
-0.004156
0.029729
-0.004988
-0.040810
-0.062941
-0.004345
0.019699
0.068697
0.014621
0.040295
0.027776
0.023476
0.039856
0.069862
0.036753
0.069181
0.074264
0.061507
0.018804
0.005941
-0.043242
0.003725
-0.049512
0.007505
-0.089329
-0.068631
0.055199
-0.009792
-0.003295
0.031495
0.151251
0.053525
0.036883
0.052965
-0.021166
0.008355
0.021126
0.003675
0.062221
0.011046
-0.012736
0.024587
0.031257
0.033442
0.012550
0.007127
0.052258
-0.022776
0.020563
0.010000
-0.006597
0.017750
-0.018113
0.033916
0.027527
0.041233
0.134854
0.064218
0.082073
-0.034445
-0.054617
0.054932
-0.034116
-0.017137
-0.044353
0.029265
0.005984
0.025014
0.045865
0.096721
-0.020756
0.006176
0.004679
-0.023482
0.004301
0.075639
0.015044
0.039609
0.059475
0.023337
0.022933
0.031852
-0.041658
-0.013734
-0.010538
-0.049070
-0.039445
0.032238
-0.064382
-0.018671
0.004103
-0.000225
0.035032
0.020575
0.074385
0.032442
0.020268
-0.015788
-0.067706
-0.049609
-0.032442
0.008051
-0.047187
-0.040474
-0.042071
-0.087092
-0.022829
-0.088386
-0.034696
0.057529
0.020746
-0.082209
-0.034229
-0.051332
-0.032566
0.039757
0.035862
0.004605
-0.016370
0.078963
0.113361
0.099792
-0.000614
-0.100091
0.015696
-0.021077
0.023701
-0.037113
-0.066805
0.017324
-0.045540
0.050422
0.056597
0.007261
-0.056751
-0.033406
-0.012550
0.030892
0.044557
-0.016049
0.072829
-0.021646
-0.066938
0.035615
-0.035119
-0.099990
-0.059774
0.032551
-0.043269
-0.117134
-0.009365
0.059268
0.098018
0.001204
-0.053898
0.055773
0.019635
-0.031683
-0.023407
-0.015269
-0.000808
-0.068985
0.019813
0.103291
0.051227
-0.008158
-0.008961
0.010593
-0.007802
0.042218
-0.029138
-0.046406
0.047225
0.000046
-0.081859
0.058029
0.033644
-0.076260
0.018936
-0.048910
-0.035426
0.039997
-0.049636
-0.030740
-0.042669
-0.019143
-0.074111
0.083675
0.050157
-0.035095
0.005535
0.027200
-0.067334
-0.083488
0.018097
0.028853
0.082718
0.054951
0.015386
0.070450
0.086391
0.092810
0.070947
-0.040835
0.000940
-0.028622
-0.063917
-0.037405
0.016208
-0.033694
0.056136
0.076515
-0.003165
0.014498
-0.045284
0.037195
0.005170
-0.012905
-0.012768
0.070081
0.003874
-0.010907
-0.014793
0.011658
0.061559
-0.033486
-0.012871
0.071703
0.062533
-0.042258
0.056930
0.141971
0.035652
0.031709
0.038064
0.080277
0.029086
-0.035717
-0.030701
-0.058516
-0.015407
0.035152
-0.004710
0.055734
0.038035
0.005262
-0.084721
0.073012
0.054502
-0.019405
0.057494
0.015642
-0.036580
0.072510
0.077290
0.050803
0.132276
0.087135
0.058473
0.035396
0.011175
-0.031828
-0.016771
-0.049143
0.051067
0.059398
0.021573
0.001895
-0.046172
-0.021547
0.011454
0.071053
0.050777
-0.032356
-0.012006
0.032079
0.071477
0.007655
-0.023533
-0.023868
0.024615
0.046578
-0.058565
-0.007748
0.014290
0.024033
-0.001930
-0.009152
0.015928
0.048659
0.021697
-0.046676
-0.021511
-0.012575
0.018773
-0.045991
-0.004319
-0.071900
0.047567
0.069700
-0.067143
-0.032321
-0.090517
-0.007151
-0.045497
0.005822
0.117286
-0.064671
0.015536
0.035127
-0.031653
0.006783
0.026508
-0.010206
-0.027047
0.048821
0.056033
0.048453
0.029363
-0.013922
0.030362
-0.046153
-0.034664
0.000846
0.065612
0.040374
0.022022
0.019791
0.009195
0.010143
0.080762
0.110805
-0.007176
0.085389
0.094153
-0.007919
0.061804
0.067910
0.102180
0.140628
0.024476
0.036343
0.073128
0.020293
0.083350
0.041230
0.094236
0.052734
0.030250
0.112905
-0.004177
-0.035752
0.029578
-0.082876
0.002086
0.021416
0.072658
0.010294
0.039201
0.036587
0.005519
-0.065606
0.006906
0.030349
-0.031422
-0.012431
0.017451
-0.002529
0.097661
0.049576
0.049166
0.025614
0.121926
0.116976
-0.043297
-0.003466
-0.044052
0.044714
0.052411
0.018357
0.069158
0.069253
0.097693
0.010032
-0.000465
-0.058491
-0.043361
-0.023571
-0.000078
-0.081463
0.086227
0.088832
-0.020404
-0.027835
0.020919
0.026051
-0.048680
0.019400
0.082272
0.005684
-0.004667
0.061090
-0.007773
-0.072243
0.049617
0.057342
-0.049363
-0.027275
-0.051117
-0.029262
0.044208
-0.047435
-0.042615
-0.026371
-0.055851
-0.060006
0.004848
-0.027478
-0.045857
0.026161
-0.072032
0.007280
0.042123
-0.012754
0.072325
0.096633
0.010806
-0.053277
0.013066
0.043587
-0.020390
0.003082
0.007530
0.018314
0.025496
0.045144
0.003878
0.115396
0.068848
0.093416
0.070094
-0.059377
0.056253
0.026089
-0.034851
0.090646
-0.020442
-0.044842
0.011783
0.066197
0.083065
0.071294
0.144082
0.018379
0.093883
0.077008
0.022729
0.072674
0.001463
0.057345
-0.006374
-0.010331
0.066576
-0.064155
-0.041863
0.087184
0.006380
-0.010043
0.023458
-0.016750
0.022946
-0.049193
0.030096
0.009815
-0.005330
0.011344
-0.045928
-0.037188
0.022226
0.009141
-0.062314
-0.086671
0.021979
0.071316
-0.022125
-0.069220
0.038598
0.028050
-0.028303
-0.066954
-0.130925
-0.064745
-0.068677
-0.067622
-0.026385
0.049391
0.064355
0.020372
0.056117
0.009838
0.021343
0.009890
-0.085412
0.050464
-0.014490
-0.058039
0.036088
-0.047579
-0.032482
0.132069
0.060160
0.079749
0.076296
0.021737
0.013639
-0.049471
0.013695
0.048048
-0.036674
-0.002372
0.101985
0.063533
0.045257
-0.020917
-0.024319
0.010577
-0.071952
-0.010452
0.024315
0.018151
-0.009261
-0.041254
0.015435
-0.041992
-0.008470
0.028125
-0.016098
0.081002
-0.011578
-0.041886
0.038619
0.013328
-0.066959
-0.091692
0.022086
0.044966
-0.050483
0.010446
-0.032441
0.024348
0.025770
-0.020218
0.016273
-0.007328
0.048055
0.088436
0.042667
0.049516
-0.021372
0.010236
-0.008290
-0.016514
-0.014422
-0.010243
-0.047527
-0.065022
0.003782
-0.025946
-0.007373
-0.081254
-0.037460
-0.017699
-0.053603
-0.011952
-0.006652
-0.009081
-0.007725
-0.042294
-0.030631
0.011049
0.041403
0.013719
0.096910
0.055421
-0.037834
0.062238
0.004913
-0.053356
-0.004063
-0.041103
-0.030941
0.058962
-0.060536
-0.010137
0.011950
0.029253
0.035592
0.059009
-0.030834
-0.012700
-0.063429
0.094257
0.107085
0.045216
0.059582
-0.027292
-0.074658
-0.019660
-0.014485
0.040669
0.016010
0.003467
-0.038400
-0.012603
-0.011385
-0.025647
-0.012568
0.027899
-0.033464
-0.101461
-0.052244
-0.049912
0.034121
0.043097
-0.094772
-0.032253
0.068111
0.091578
-0.002403
0.054329
0.035707
-0.011218
-0.016183
-0.003329
0.001703
0.024283
0.005967
-0.038442
-0.008376
-0.019680
0.055697
-0.032688
-0.009145
0.038458
0.005472
0.119494
0.040836
0.020668
-0.002134
-0.005305
-0.011284
0.022006
0.008298
-0.010588
0.025575
0.007168
0.022039
-0.051957
-0.074255
0.055551
0.029251
-0.065380
-0.084743
-0.020991
0.018753
0.043027
-0.073014
-0.141748
-0.051941
0.050907
0.047424
0.045018
0.056339
0.035942
0.042689
0.041731
0.096910
0.022410
-0.011946
0.061424
0.065063
0.024253
-0.028825
-0.039633
0.041826
0.051144
-0.060952
0.080512
0.087231
-0.037508
0.023015
-0.026709
0.047792
0.050991
0.049610
0.042790
0.046820
-0.006097
0.045856
0.009486
-0.004928
0.021629
-0.024557
-0.054151
0.027041
0.019965
0.009106
0.050507
-0.046063
0.021830
0.004172
-0.076376
0.010484
-0.022899
0.048761
0.045161
-0.077128
-0.023348
-0.043632
-0.143461
0.008054
-0.002756
-0.020045
0.005825
0.012405
0.022655
-0.012260
0.027371
-0.007345
-0.046338
-0.004209
0.015517
0.002353
0.031844
0.000113
0.048003
0.114919
0.005157
0.019776
0.040575
-0.024705
-0.104914
-0.026010
0.088313
-0.043672
-0.041870
0.005486
-0.056010
0.020196
0.087948
0.039726
-0.004387
0.053833
-0.006545
-0.037968
0.030129
-0.003184
-0.019107
-0.032391
-0.070150
-0.036606
-0.088426
-0.074031
-0.011997
-0.064518
-0.035848
-0.023376
0.008061
0.020765
0.037497
0.041823
0.067121
-0.012034
0.021781
0.031996
0.047791
0.033736
0.060605
0.021261
0.064707
0.095602
-0.013164
-0.064345
0.017167
-0.070119
0.039106
-0.009930
-0.063649
0.010086
-0.051203
-0.010438
0.079333
-0.008811
0.072927
0.036513
-0.056409
-0.015772
-0.082728
-0.051876
0.028559
-0.015808
0.016307
0.001745
-0.043361
-0.019445
0.036166
-0.019607
-0.000499
-0.041837
-0.000270
-0.034473
-0.073573
-0.020532
-0.008637
0.014328
-0.034673
-0.100978
-0.032901
-0.053851
-0.066942
-0.060552
0.031799
0.060026
0.006562
-0.039917
-0.014774
-0.029052
0.013330
-0.002712
-0.021551
-0.016783
-0.011066
-0.088762
-0.020669
-0.059205
-0.042819
-0.016190
-0.044351
-0.000821
0.023246
0.041083
0.019716
0.008406
0.105586
-0.006349
-0.014784
0.045359
-0.003314
0.041658
-0.007282
0.014882
-0.008631
0.052798
-0.034577
-0.073157
0.024583
-0.082259
-0.069235
-0.072715
0.014291
0.041802
-0.030121
-0.051011
-0.045920
-0.042888
-0.073324
-0.035784
-0.031084
0.041962
0.028644
-0.011835
0.065058
-0.023230
-0.029328
-0.033532
-0.153799
-0.048830
-0.036627
0.012291
0.024299
-0.021974
0.011643
-0.057197
-0.015887
0.054976
0.005983
0.051579
0.014086
0.021815
0.019599
-0.066032
-0.035893
-0.011168
-0.056626
-0.040410
-0.070130
-0.036225
-0.047586
0.006607
0.029768
0.050814
0.056667
-0.065508
0.019418
0.101231
-0.009462
0.060302
0.024935
-0.055129
-0.000759
0.063482
-0.014931
-0.027236
0.033492
-0.024458
-0.113673
-0.075959
-0.006277
0.036201
0.015864
0.018046
0.008483
-0.005736
0.048159
0.036043
0.012674
0.038690
0.093929
-0.023293
-0.034196
-0.052298
-0.043610
-0.183007
-0.102153
-0.094324
-0.102957
0.028984
0.036481
0.038683
0.098471
-0.065793
-0.093958
0.075060
-0.054806
-0.063076
0.047518
0.014931
-0.100568
-0.041142
-0.048674
0.026879
0.010837
-0.038927
-0.029226
0.053288
0.032096
-0.022365
0.019664
-0.018227
-0.007693
-0.010866
-0.033618
-0.040399
-0.014482
-0.001683
-0.028342
0.017260
-0.088833
0.084429
0.036549
-0.030706
-0.017229
-0.026734
-0.050209
-0.064512
-0.038914
0.034245
0.005638
0.000867
0.006190
0.041427
0.035974
-0.038512
-0.064926
0.096367
0.012769
-0.100855
-0.043937
-0.073368
-0.054739
-0.067297
-0.055787
-0.093231
-0.064083
-0.038172
0.018396
0.041418
0.125043
0.046871
-0.024966
0.060527
0.007078
-0.031246
-0.047156
0.055423
0.028621
-0.089539
0.005412
0.097048
0.007422
-0.076527
0.026938
-0.026524
-0.083457
0.015800
-0.006399
-0.027424
-0.106985
0.010728
0.016674
0.092523
0.085867
0.009440
0.027543
0.056892
0.079687
0.026799
0.039909
-0.022633
0.040496
-0.046034
-0.086841
-0.049770
-0.091429
-0.058122
0.018822
0.043431
0.023685
0.019752
-0.005498
-0.038591
0.030690
-0.027800
-0.083747
-0.042270
-0.005068
-0.014662
-0.045204
-0.022268
-0.015734
-0.091461
0.027769
-0.029537
-0.020646
-0.037736
0.007573
-0.064740
-0.014634
-0.029849
-0.035656
0.015404
0.015343
0.063612
0.108722
0.063785
0.019399
-0.085987
-0.012194
0.053289
0.054556
-0.057867
-0.028287
-0.017520
0.007959
0.052528
-0.008629
0.018989
-0.070314
-0.018211
0.056244
-0.008172
-0.072137
-0.048792
-0.010785
-0.022888
-0.084966
-0.067588
0.010155
-0.066667
-0.001040
0.084051
0.017536
0.100161
-0.028660
-0.005927
-0.031101
-0.031789
0.078629
-0.036028
-0.006256
0.018558
-0.036896
0.078269
-0.010486
0.087596
0.078813
-0.034848
0.025041
0.113819
0.002800
0.034127
0.051894
0.107897
0.157292
0.020235
0.034478
0.081970
0.048363
0.062868
0.035254
-0.027179
-0.054988
-0.026138
-0.039756
-0.009682
-0.073013
-0.018823
-0.031358
-0.035750
0.003405
-0.048101
-0.070768
0.033319
0.010619
-0.029714
-0.057743
-0.014270
-0.096533
-0.004362
0.037923
-0.036087
-0.023106
-0.036903
-0.021206
-0.013015
-0.054779
0.049720
-0.046963
-0.043289
0.023973
-0.029158
-0.002780
0.022683
0.006195
-0.027609
-0.083741
-0.069987
-0.021928
-0.066494
-0.016945
0.090076
0.024751
0.069605
0.029660
0.095861
0.094039
-0.010243
-0.051624
0.026133
-0.028222
0.063577
0.038846
-0.086445
-0.015477
-0.060376
0.039395
-0.004392
-0.010208
-0.020027
0.059417
0.052798
-0.106195
-0.063428
-0.036819
0.015412
-0.025707
0.003492
0.004986
-0.002715
0.073242
-0.074221
-0.057627
0.009332
-0.033668
0.027518
-0.006090
0.020340
0.056015
-0.015850
-0.017590
0.009042
0.027275
0.023688
-0.002263
0.060387
0.039506
0.018615
-0.005587
0.055593
-0.023778
0.051124
0.064355
-0.099572
-0.040310
-0.024775
-0.094146
0.001504
0.081422
-0.000994
0.076141
0.184672
0.056542
0.007698
0.073879
-0.009343
-0.013609
-0.040006
-0.053450
-0.069181
-0.084278
0.051776
-0.003282
-0.050049
0.036851
0.039997
0.011382
0.028697
-0.087226
-0.093047
-0.070980
-0.146934
-0.026588
0.010380
0.047386
0.064497
0.048756
-0.004912
0.078541
0.011285
-0.062791
0.011517
-0.020894
-0.003639
-0.059842
-0.061068
-0.025137
-0.025815
-0.045214
-0.037737
-0.029193
-0.047892
0.020377
0.062507
0.012618
-0.028359
0.050926
-0.003395
0.008816
0.021626
-0.012653
0.032281
0.021117
0.016893
-0.036630
0.009542
0.028722
0.051435
0.062355
0.056993
0.073972
-0.002130
0.109210
0.093494
-0.051677
0.071558
0.064290
0.034128
0.019287
-0.005297
0.001487
0.072147
0.060212
-0.011998
0.012576
0.044619
0.031894
-0.095265
0.015386
0.094405
0.044674
0.073000
-0.001991
-0.001159
0.079346
-0.039810
0.003474
0.081213
-0.016927
0.008436
-0.019727
-0.010279
0.044683
0.002622
-0.041226
0.009648
-0.077350
-0.027774
0.002597
0.040015
0.089084
-0.060913
0.085695
0.057610
-0.002205
0.000911
-0.020546
0.017379
-0.015397
0.005197
-0.030439
-0.059311
-0.008802
-0.020700
0.004192
-0.039151
0.040157
-0.009896
-0.019966
0.023873
-0.163563
0.016891
0.059892
-0.061919
-0.040532
0.010892
0.034359
0.106886
0.056023
0.067118
0.111268
0.055317
0.024273
0.024985
-0.044325
-0.018587
0.037109
0.037147
0.010146
0.028808
0.007239
-0.016152
0.072404
0.018325
0.029765
-0.016704
-0.006851
-0.021070
0.026929
-0.038064
-0.041547
0.024849
0.026596
-0.012529
-0.048075
-0.045679
-0.126437
-0.086620
-0.095799
-0.025060
-0.061853
-0.105386
-0.045109
-0.037268
-0.056427
-0.073085
0.004361
-0.106816
-0.001800
0.087542
-0.002612
-0.046265
0.038135
-0.071290
-0.032875
0.025051
0.022436
-0.033254
-0.081977
-0.055620
0.060972
0.104435
0.055379
-0.019341
0.007118
0.041410
-0.031337
-0.080684
-0.061586
0.021547
-0.047630
0.014771
0.116250
0.056999
-0.026195
0.004838
0.003009
-0.047093
0.038439
0.040470
0.023085
-0.008432
-0.062999
0.026580
-0.009144
-0.042210
0.016802
-0.036828
0.006912
0.027361
-0.021137
0.070074
0.057270
-0.060779
-0.075154
-0.060460
-0.090307
-0.014521
-0.002031
0.035187
-0.024186
-0.009854
0.086231
-0.036115
0.041150
-0.076134
-0.005166
0.037777
0.014456
0.006093
-0.029762
0.034355
0.005342
-0.011815
-0.007480
-0.004829
-0.020544
-0.114676
-0.027707
-0.011863
0.028203
-0.019255
-0.039763
0.025492
0.034288
-0.074409
-0.061751
-0.073844
0.016384
0.038529
0.053363
0.034261
-0.010256
0.004534
-0.018827
-0.004897
0.010472
-0.039748
-0.007870
0.012298
-0.010372
0.067168
0.061391
0.064728
0.074608
-0.013330
0.073839
0.037039
-0.030355
-0.007123
-0.045898
0.009004
0.095452
-0.011004
-0.012992
0.062519
-0.022489
-0.057500
0.002436
-0.056798
-0.053934
0.003121
-0.055360
-0.028896
-0.080994
0.002112
-0.004079
-0.030330
-0.023763
-0.024800
0.093131
0.068857
-0.009408
-0.021925
-0.007752
-0.048143
-0.001407
-0.007932
-0.056287
0.031416
-0.043000
0.003991
-0.042614
-0.029490
0.067823
-0.013620
-0.026309
0.098014
-0.124414
-0.013429
0.041696
0.074289
0.100938
-0.009921
-0.013710
0.059302
-0.008457
0.008867
-0.058232
-0.103073
0.012790
-0.045396
-0.031101
0.006191
0.097779
-0.016179
0.038873
-0.008407
0.031935
0.049853
0.006315
0.000211
0.043536
0.061275
-0.031224
0.023641
0.047448
0.052749
-0.023901
-0.004868
-0.056717
-0.055385
0.030276
-0.026960
0.024022
0.070596
0.032807
0.054489
0.108736
0.102068
0.014585
0.067369
-0.035078
0.002510
-0.039799
-0.075235
0.032425
0.022423
0.078728
0.013780
-0.014243
-0.034305
-0.003018
0.002355
-0.076366
-0.012962
0.050528
-0.047512
0.020181
-0.047715
-0.014155
0.003822
0.022208
-0.054328
0.030360
0.013244
-0.093406
0.119452
0.017395
0.023167
0.128641
0.112186
0.111506
0.018233
0.030354
0.033621
0.026388
0.073090
0.075406
0.000173
0.078436
0.078946
0.031490
0.102943
-0.001265
-0.004783
0.025814
0.021367
-0.020902
0.087710
0.063400
0.056930
0.064940
-0.013669
-0.082526
0.056469
0.068519
0.020561
0.046154
0.016746
-0.110041
-0.059977
-0.026306
-0.024777
-0.082149
-0.114392
0.021585
0.057767
0.033306
0.045189
-0.016887
-0.014515
0.018651
0.008550
0.055217
0.069442
0.027187
0.049807
-0.009347
0.079403
0.090914
-0.008070
0.121317
0.049362
-0.010825
0.054248
0.016891
-0.025732
0.051368
0.022392
-0.045737
-0.022372
-0.001386
-0.005537
0.062618
-0.001142
-0.045672
0.010183
-0.055721
-0.066350
-0.044832
-0.004202
0.031968
-0.012300
-0.106433
-0.034746
0.027638
-0.065302
-0.058809
-0.064531
-0.068449
-0.020833
-0.005205
-0.103098
-0.044142
0.030424
-0.002482
-0.024160
0.036138
0.044445
0.058167
-0.008588
0.021386
-0.006238
0.099698
0.051320
0.007010
0.058979
-0.082093
-0.016868
-0.005064
-0.047537
0.043279
0.015670
0.032932
0.036471
0.008195
0.037245
0.067924
-0.001890
0.066636
0.074436
0.012750
0.060752
0.020829
-0.004661
-0.026501
-0.090426
0.033501
-0.054271
-0.051319
0.043891
-0.034320
0.026246
-0.050155
-0.045902
-0.031861
-0.008091
0.008917
-0.017067
0.013188
0.022619
0.045639
-0.004144
-0.022710
-0.049143
0.017685
-0.035593
-0.069920
0.056289
0.018800
-0.072193
-0.053752
0.028632
-0.031858
-0.032939
0.057877
-0.081651
0.013976
0.026393
0.026817
-0.017487
-0.006135
0.033469
-0.026322
-0.047893
-0.019397
-0.035462
0.022749
-0.003381
0.024200
0.082926
0.005359
-0.007766
-0.096816
-0.047052
-0.030745
0.011635
0.099098
-0.001568
0.027694
0.083546
0.022366
-0.032365
-0.053322
0.001914
-0.041172
-0.037406
-0.091153
0.005367
-0.004276
-0.009268
0.013717
-0.029910
0.014856
0.032433
0.011007
0.033788
-0.031654
-0.036389
0.004413
0.031851
0.008928
-0.073515
-0.035534
-0.033433
-0.079449
0.024051
0.023411
0.013873
-0.035134
-0.021665
0.063768
0.019666
-0.064674
0.026004
0.027814
0.037366
0.048849
0.024363
-0.090838
0.035679
0.035740
-0.057859
-0.021316
0.059324
-0.010382
-0.034029
0.047877
-0.017615
-0.129949
0.027829
-0.034326
0.019337
0.030889
-0.013005
0.029275
-0.028014
0.022264
-0.072705
0.062075
0.017267
-0.007399
-0.000171
0.082452
0.167662
-0.036545
0.035202
0.045822
-0.037880
0.011563
0.079530
-0.007213
-0.027371
0.046434
0.000678
0.045531
0.110562
0.017930
-0.009649
0.007514
-0.028552
-0.046620
-0.022704
-0.021017
-0.012688
-0.130045
-0.004228
-0.079048
-0.150718
-0.097523
-0.107155
-0.110383
-0.065635
-0.156320
-0.096154
-0.048543
0.014547
0.003619
-0.028636
-0.027781
-0.145866
-0.094817
-0.023647
-0.085796
-0.002943
-0.048789
0.050396
-0.027438
-0.079638
0.017292
-0.025346
-0.017964
0.016928
-0.026077
0.006505
-0.024952
0.004382
0.054401
-0.035426
0.004707
-0.008843
-0.035330
-0.016836
-0.019914
-0.009099
-0.021547
-0.027838
0.021075
0.050809
0.021652
0.008128
-0.008198
0.015580
-0.009863
-0.084316
0.023955
0.072555
0.054562
0.127011
0.063537
-0.005160
0.027570
-0.061664
-0.117864
-0.044676
-0.067096
-0.123304
0.024468
0.015432
-0.059612
-0.022297
-0.007664
-0.043051
-0.119671
-0.048022
-0.015838
0.007264
0.068283
0.023891
0.013328
-0.058931
-0.017317
-0.004153
0.010985
0.052919
0.076401
-0.031462
-0.028628
0.032510
-0.100192
-0.013865
-0.066415
-0.029692
0.036469
-0.035886
-0.014927
0.055922
0.005391
0.066441
0.061469
0.077278
0.005335
-0.018040
-0.065202
0.055546
-0.041326
-0.057650
0.051287
-0.104147
-0.044005
-0.032194
-0.047767
-0.046000
-0.035042
-0.022222
0.000763
-0.042212
0.006827
-0.004479
-0.005045
-0.048758
0.036807
0.030052
-0.034690
-0.024434
-0.054451
0.038422
0.087039
0.055802
0.031582
-0.003390
-0.029568
0.029564
0.059306
0.052220
-0.017119
-0.032025
-0.007333
-0.086752
-0.051536
-0.061159
-0.036422
-0.018831
0.032430
-0.015822
-0.032944
0.005639
-0.049075
-0.004958
-0.024787
-0.049608
-0.004315
0.104268
0.080221
-0.079852
-0.055485
-0.023943
-0.012548
0.003182
0.042392
-0.023122
-0.046104
0.011951
0.041227
0.043380
-0.054923
0.008427
0.044875
-0.023576
0.034738
0.072281
0.058715
0.033528
-0.034643
-0.063817
-0.013740
0.032525
0.040250
0.027662
-0.070356
0.000519
-0.035178
-0.128075
-0.078129
-0.089335
0.002042
-0.052862
-0.076865
-0.007812
-0.082222
0.013756
0.070696
0.014080
0.072982
0.102551
0.039235
0.009822
0.074811
0.105851
0.101100
0.054598
-0.012064
-0.006543
-0.033543
-0.008129
-0.049844
-0.090963
-0.009601
-0.001501
-0.058144
0.024497
0.013060
0.031192
0.077333
0.010024
0.046947
0.036716
-0.010496
0.003772
-0.011575
0.130400
0.088152
0.081179
0.054246
0.015109
0.008668
0.037475
0.009997
-0.026247
0.004566
0.012681
-0.054486
0.018329
0.050177
0.022483
0.079444
0.047993
-0.101514
0.026838
-0.055768
-0.079154
-0.007599
-0.044487
-0.060801
0.014201
-0.067044
-0.086381
-0.021878
-0.087976
-0.135932
-0.068829
-0.081966
-0.029077
-0.013083
0.066730
-0.025291
-0.129542
0.000822
-0.148262
-0.067010
0.081393
-0.079368
-0.027416
-0.000876
-0.088291
-0.123169
-0.042526
0.008061
-0.006615
-0.062504
-0.003449
-0.025892
-0.127651
-0.011824
0.013265
0.025457
-0.022887
-0.036215
-0.039350
0.004031
0.063956
0.009651
0.053444
0.050898
-0.005568
0.061355
0.072533
-0.079902
-0.052384
-0.050701
-0.060576
0.018397
0.065182
0.009680
0.113857
0.084880
0.062033
-0.002951
-0.023622
-0.005415
-0.056635
-0.025734
0.018044
0.013250
0.028829
0.093091
0.060216
-0.006538
-0.020408
-0.018024
0.010266
-0.010813
-0.105369
-0.037266
0.088783
-0.005501
-0.002449
-0.034528
-0.091788
-0.088678
-0.020221
0.044183
-0.021851
-0.053043
-0.070739
-0.019876
-0.102638
-0.035488
0.013797
-0.065907
0.011788
0.012730
-0.003450
-0.067655
-0.018760
-0.021566
0.020373
0.020064
-0.031235
0.051948
0.049176
0.048593
0.025027
0.021969
0.061954
0.007682
-0.059349
-0.074369
-0.039048
-0.000595
-0.024984
-0.017447
0.025423
0.094148
-0.019295
0.016295
-0.022061
0.014626
0.069473
-0.064226
-0.013668
0.050065
0.078057
0.063754
0.043984
-0.003590
-0.010910
0.010894
-0.082500
-0.113435
-0.108819
-0.019827
-0.026342
0.067225
0.001398
0.009150
-0.012612
-0.017961
-0.023837
-0.016980
0.070949
0.099031
0.006531
-0.035735
0.043714
-0.032892
-0.013230
-0.020827
-0.012313
0.013866
-0.101812
0.062410
-0.053053
-0.097896
0.047674
-0.062051
-0.055092
0.002208
-0.024591
0.010305
-0.060913
-0.003723
-0.015685
-0.045020
0.015252
0.003784
0.053463
0.111651
0.014361
-0.044598
-0.048671
-0.028274
0.004239
-0.054156
-0.018178
0.011464
-0.071118
-0.030602
-0.088169
-0.043451
-0.052325
-0.012398
0.010335
-0.018016
-0.077623
-0.022245
0.056057
-0.018492
-0.014650
-0.030695
-0.086615
-0.093471
-0.009435
-0.003521
-0.035433
-0.031591
0.047551
-0.009063
-0.020352
0.124066
0.029820
0.067427
0.042104
0.027386
0.029173
0.001100
0.049954
0.042961
-0.032589
0.045108
-0.030759
-0.026036
0.022233
-0.043228
-0.040567
-0.074204
-0.118178
-0.013254
-0.017719
0.011894
0.052346
0.048548
0.104150
0.002413
0.091671
0.048736
0.007666
0.023745
-0.035317
0.029381
-0.045110
-0.009091
0.064905
-0.021118
-0.033716
0.006810
0.053291
-0.022025
0.021334
-0.021363
0.027015
0.038712
-0.042683
0.044452
0.028938
-0.013467
-0.008849
0.069722
-0.012306
0.008553
0.017882
0.004071
-0.047205
0.056246
0.066117
-0.041626
0.021100
0.019418
0.026792
0.059259
0.003803
-0.055031
-0.054291
-0.011885
0.061066
0.093397
0.018876
-0.042062
-0.091286
-0.014301
0.039526
-0.008933
0.022873
0.082241
0.009954
0.044681
0.100894
-0.019220
-0.002403
0.082719
0.012485
0.002999
0.030576
-0.001403
-0.114918
-0.043547
-0.020277
-0.148754
-0.130716
-0.108244
-0.043714
-0.093715
-0.077401
0.001413
0.030552
0.002939
0.069335
-0.026235
-0.100454
-0.039058
-0.064811
0.054675
-0.006149
-0.002902
0.089425
0.065813
-0.023481
0.039536
-0.011496
0.025225
-0.010562
-0.013282
-0.007989
-0.011640
0.008712
0.075369
0.025642
0.052012
0.016622
-0.063787
0.042357
0.029174
0.053066
-0.013891
-0.021061
-0.032042
-0.009624
-0.085056
-0.043473
-0.024682
-0.065063
-0.087432
-0.059462
0.041281
-0.010173
0.058789
-0.017328
-0.008704
0.043505
-0.058107
-0.008586
-0.032518
-0.017703
0.073937
-0.049294
-0.066297
0.055606
0.025581
-0.000276
-0.022933
-0.095028
0.018631
0.073690
0.001147
0.068259
0.038150
-0.010222
0.013900
0.053404
0.090714
-0.017495
-0.009571
0.058111
0.006846
0.041272
0.038124
0.105964
0.047768
-0.033712
-0.068192
0.031821
-0.044095
-0.052593
0.043019
0.033377
0.028339
0.052587
0.044865
0.026055
0.000836
0.022449
0.007320
-0.038717
0.078221
0.052042
-0.051241
-0.088149
-0.052557
0.016632
-0.013166
0.070926
0.061156
-0.150533
-0.011433
0.001980
0.019098
-0.009935
-0.050210
-0.061282
-0.035260
-0.013942
0.054903
-0.065739
-0.075889
0.057163
-0.058970
-0.058570
-0.041819
-0.040320
0.008067
0.009356
-0.054441
-0.036314
-0.050062
0.065459
0.026222
-0.047876
-0.018299
-0.011658
0.026484
0.115784
0.049858
0.045617
-0.085096
-0.038631
0.136790
0.017653
0.046292
0.174428
-0.002478
-0.029120
0.108544
0.059096
-0.052624
-0.054119
0.075944
0.002044
0.041691
0.100914
-0.007118
0.011461
0.035800
-0.005466
0.078828
0.006878
0.090401
0.083290
-0.016730
0.009879
0.057375
0.033090
0.073289
-0.013259
-0.013440
0.029206
-0.025243
0.026754
-0.056280
0.042895
0.090201
-0.031767
0.020681
0.004746
0.001396
-0.046298
-0.033060
-0.020100
-0.001554
0.046404
-0.029316
-0.035540
-0.041355
-0.014076
-0.004992
-0.010824
0.008928
-0.026624
0.012524
-0.020464
-0.017200
-0.032718
-0.057725
0.136408
0.094979
0.003583
-0.026383
0.011143
0.024483
0.025126
-0.015454
0.050255
0.014746
0.050747
0.114493
-0.010243
0.026806
0.095836
0.084991
0.060677
0.029259
0.003837
-0.019048
0.036783
0.047962
-0.021644
-0.068561
-0.020089
-0.025947
-0.129938
-0.025076
0.057445
0.086343
0.083790
0.005587
-0.034529
0.008269
-0.048531
-0.069572
0.002654
-0.017177
0.028579
-0.008895
0.018960
0.017021
0.055950
0.057794
0.085471
0.102928
0.017181
-0.015052
0.069500
0.067498
0.017796
-0.019494
0.076109
-0.002815
0.009495
0.097407
-0.048274
0.018800
0.026536
-0.043194
-0.016822
0.050933
0.057046
-0.050687
0.055521
-0.017056
-0.038989
0.118817
0.027145
-0.028085
0.021357
0.060767
0.044065
-0.077829
-0.001594
-0.003718
-0.004611
0.069251
0.038271
-0.042141
0.001501
0.039849
-0.040815
-0.061370
-0.066987
-0.022499
0.082459
0.037330
-0.064758
-0.051879
0.033791
0.055500
0.061142
0.009166
-0.020957
0.072241
0.094961
0.013074
0.008608
0.017189
0.095505
0.047202
-0.066088
-0.108002
0.037859
-0.039921
-0.017394
0.075145
-0.045671
0.004535
0.070767
0.050094
0.054927
0.013589
0.092322
-0.005864
-0.058070
0.048132
-0.044794
-0.010746
-0.036663
0.084716
0.043981
0.036153
0.068243
0.034097
0.014647
0.021982
0.087422
0.049986
0.078200
0.045323
0.064578
0.091376
-0.015905
-0.012920
0.079421
0.087162
-0.002071
-0.097439
-0.032234
-0.015964
0.006825
0.089708
0.037801
-0.006073
-0.070232
-0.013518
-0.003863
0.020859
0.059731
-0.096264
-0.037460
-0.022734
0.070122
0.040174
-0.015619
-0.040334
-0.001070
0.001002
0.049247
0.014501
-0.018917
-0.032322
-0.034824
0.038022
0.038468
0.071454
0.061198
0.049926
-0.024453
0.011555
0.030851
-0.053659
0.038495
0.063138
-0.012216
0.072766
0.102847
0.070828
0.025946
0.095891
-0.006399
0.018565
-0.023978
0.123866
0.044848
-0.047667
0.081569
0.027186
-0.010600
-0.034607
-0.009093
0.003548
0.028015
-0.008316
-0.074641
-0.019772
0.010786
-0.002538
-0.004203
-0.043691
-0.049033
-0.019421
0.037809
-0.069512
-0.039935
0.083872
0.028598
0.066104
-0.016947
-0.010666
0.080597
-0.015260
-0.022545
-0.054775
-0.021179
0.010289
-0.024827
-0.029670
-0.076844
0.005940
0.053917
-0.009640
0.019097
0.019445
-0.044947
-0.011323
-0.047069
-0.019423
-0.006346
-0.032961
0.027397
0.061845
0.151029
0.012121
0.022099
0.031747
-0.044520
-0.004137
0.058385
0.030732
-0.059098
0.017216
-0.045833
0.006940
0.029192
-0.025881
0.108044
-0.002498
-0.078921
-0.061089
-0.079388
0.003450
0.026554
0.017085
0.042549
0.005718
0.015031
0.014001
-0.050454
-0.058561
0.009640
-0.038799
-0.029735
0.019491
-0.057296
0.049847
0.012880
-0.042773
0.010430
-0.074753
0.015296
-0.084720
-0.095711
-0.042585
-0.028293
0.067323
0.089657
0.070864
0.113756
0.023075
0.062355
0.059584
0.010856
0.052983
-0.024701
-0.016513
0.029240
0.053019
0.037368
-0.012147
0.032723
-0.012488
-0.068001
-0.071237
0.023056
-0.037926
-0.072535
0.020517
-0.079471
-0.031975
-0.031482
-0.029138
0.011372
-0.051717
0.015260
0.020598
0.014738
-0.006302
0.004055
0.047074
-0.039389
-0.060972
-0.035772
-0.004307
0.054935
0.004018
-0.033799
0.025309
0.086728
0.047450
0.022259
0.022662
-0.014309
0.103445
0.049599
-0.052745
0.051390
-0.010060
0.052634
-0.026284
-0.039287
0.078044
0.038047
0.029980
0.056250
0.084286
0.002233
0.106934
0.076159
0.040834
0.002191
0.008165
0.019306
0.125975
0.015602
0.052589
-0.000543
-0.060606
0.026414
0.015462
-0.042196
0.020555
0.011624
-0.014708
-0.070526
-0.106968
0.019342
-0.005820
-0.076092
-0.018835
-0.014991
-0.079226
-0.014487
0.054316
-0.050033
-0.049725
0.021726
-0.100862
-0.005884
0.057331
0.011847
0.051373
0.024208
-0.000177
0.013056
-0.036674
-0.036161
-0.009118
0.005278
0.016382
-0.034853
0.054679
0.034855
-0.042292
0.021151
-0.121607
-0.063154
-0.057202
-0.132922
-0.002558
-0.001463
-0.099285
-0.002604
0.020517
-0.067043
-0.035523
0.010224
0.084349
-0.101439
-0.043950
0.002201
-0.124106
-0.087249
-0.078413
-0.001002
-0.008038
-0.017999
-0.068813
-0.046904
0.034409
-0.056178
-0.017578
0.115244
-0.082069
-0.085589
0.154654
-0.003293
-0.080520
0.046047
-0.079769
-0.050419
0.040200
-0.033076
-0.030539
-0.002869
-0.005084
-0.047817
0.040351
0.001839
-0.021809
-0.033907
0.028382
0.043510
-0.030573
0.037234
0.024254
0.036031
0.085227
-0.017782
-0.013537
-0.027827
-0.057299
-0.003208
-0.056769
0.021308
0.046298
0.011713
-0.021761
-0.039510
-0.027350
0.036606
0.018110
0.032886
0.058863
-0.089009
0.019954
-0.008034
0.025339
0.055212
-0.061366
-0.004028
-0.003359
-0.039548
-0.055749
-0.076478
-0.086054
-0.017167
-0.066102
-0.023325
0.024710
-0.081508
-0.009518
-0.067629
-0.102219
0.014295
-0.053575
-0.029209
-0.010569
-0.057676
-0.010310
-0.035537
-0.028641
-0.079046
-0.029630
-0.008339
-0.089410
-0.040876
-0.071421
-0.022413
-0.067076
-0.129720
-0.050954
-0.074340
0.097932
0.134186
-0.027536
0.052717
0.018909
-0.009663
0.067112
0.034314
0.005823
0.041580
-0.023035
-0.050817
-0.014842
-0.002401
0.020466
-0.039241
-0.012068
-0.014025
0.057590
-0.068321
-0.028264
0.022825
0.056570
-0.018759
-0.025980
-0.006010
0.102772
-0.006021
-0.018790
0.051315
0.080425
0.002969
0.011041
-0.076383
-0.028770
-0.024489
-0.063005
0.085421
-0.067545
-0.196063
0.004949
-0.038530
-0.030499
0.034412
0.039863
-0.031308
0.023672
0.068399
-0.022780
-0.013573
0.035710
0.032309
0.084894
-0.008563
0.008526
-0.014714
-0.029484
-0.016321
-0.017242
0.041393
0.022421
-0.037884
0.051782
-0.041182
0.022028
0.047232
-0.044805
0.043273
-0.030936
0.061082
0.035699
0.009538
-0.016773
0.027309
0.001546
-0.017386
-0.027382
-0.011492
-0.069345
0.007432
0.040848
0.040782
0.026615
0.047351
0.087491
0.071420
0.029832
0.000060
0.024421
0.037351
0.084441
0.041566
-0.008881
-0.023731
-0.049193
-0.033081
-0.022149
-0.019443
0.068448
0.020674
0.032958
0.039940
0.000904
0.012591
0.050127
-0.048601
-0.046688
-0.015743
-0.047255
-0.041150
-0.042131
-0.008119
-0.023071
0.008595
0.009647
0.003845
0.013863
0.003059
-0.035868
-0.045361
0.028636
-0.058287
-0.035566
0.012035
-0.064532
-0.016656
-0.008247
0.083825
0.088942
-0.049697
-0.021979
0.008056
-0.014692
-0.003013
0.063438
-0.053546
-0.043018
-0.013907
-0.085268
-0.087322
-0.037921
-0.007694
0.040317
0.004244
-0.022190
0.122120
0.061847
0.013260
