0	36.354691
50	2.277243
100	0.680771
150	0.211068
200	0.246298
250	0.231988
300	0.124006
350	0.264079
400	-0.087905
450	-0.027856
500	0.124790
550	0.043011
600	-0.097002
650	-0.005599
700	-0.090784
750	0.050122
800	0.033225
850	0.046422
900	0.126923
950	-0.074699
1000	0.240270
1050	0.156237
1100	0.142406
1150	0.000408
1200	0.085336
1250	0.020342
1300	-0.069812
1350	-0.098159
1400	0.065198
1450	-0.050067
1500	-0.112082
1550	-0.101462
1600	-0.086532
1650	0.081898
1700	0.099139
1750	0.207121
1800	0.037289
1850	-0.025684
1900	0.030922
1950	0.212284
2000	0.034960
2050	0.100902
2100	0.084174
2150	-0.036965
2200	-0.018109
2250	0.070859
2300	-0.041282
2350	-0.109792
2400	-0.033936
2450	0.129304
2500	0.183586
2550	0.132291
2600	-0.054044
2650	-0.022967
2700	0.144830
2750	0.116567
2800	0.038361
2850	0.156387
2900	0.022232
2950	0.012081
3000	0.096905
3050	0.059482
3100	-0.156563
3150	0.019274
3200	0.042803
3250	-0.023733
3300	0.132992
3350	0.012139
3400	0.061989
3450	-0.003983
3500	0.055362
3550	0.003568
3600	0.036481
3650	-0.173281
3700	-0.107884
3750	0.042816
3800	-0.038207
3850	-0.116777
3900	0.092077
3950	0.048630
4000	0.221166
4050	0.070250
4100	0.091994
4150	0.044876
4200	-0.058682
4250	-0.023907
4300	-0.012521
4350	0.064150
4400	0.177174
4450	0.091442
4500	0.130542
4550	-0.019953
4600	0.151585
4650	0.001588
4700	0.057512
4750	0.092523
4800	0.135351
4850	-0.199217
4900	0.254832
4950	-0.045233
5000	0.109505
5050	-0.020704
5100	-0.025471
5150	0.231125
5200	0.029934
5250	0.064280
5300	0.120967
5350	0.186521
5400	0.075169
5450	0.035511
5500	0.053820
5550	0.118550
5600	-0.124326
5650	0.010883
5700	-0.137325
5750	-0.128081
5800	0.118229
5850	-0.106764
5900	-0.054568
5950	-0.028444
6000	0.283676
6050	0.066762
6100	0.088848
6150	-0.105307
6200	0.113109
6250	0.257639
6300	0.089333
6350	-0.016361
6400	0.190405
6450	-0.111159
6500	0.040343
6550	0.040898
6600	-0.017319
6650	0.026153
6700	0.223494
6750	-0.028976
6800	0.157769
6850	0.072772
6900	0.077593
6950	-0.134691
7000	0.002049
7050	0.024466
7100	-0.018425
7150	-0.003769
7200	-0.096640
7250	-0.055284
7300	-0.116273
7350	-0.077994
7400	0.143935
7450	-0.088823
7500	-0.138935
7550	0.155543
7600	0.222747
7650	-0.032250
7700	-0.011958
7750	0.135711
7800	-0.174630
7850	-0.134522
7900	0.122417
7950	-0.013751
8000	0.024005
8050	-0.071809
8100	0.004134
8150	-0.132137
8200	-0.096707
8250	-0.048312
8300	-0.037296
8350	0.111519
8400	0.097339
8450	0.251270
8500	0.144301
8550	0.007105
8600	-0.128770
8650	0.052576
8700	0.054810
8750	0.032575
8800	0.041123
8850	0.025922
8900	0.041891
8950	-0.122908
9000	0.019667
9050	0.031488
9100	0.098498
9150	-0.102836
9200	0.032555
9250	-0.063027
9300	-0.195972
9350	0.078655
9400	0.188260
9450	0.060594
9500	0.121430
9550	0.024218
9600	0.101522
9650	0.111200
9700	0.120367
9750	0.214008
9800	-0.068528
9850	0.118398
9900	0.123411
9950	0.034718
10000	-0.003468
10050	-0.048064
10100	-0.090608
10150	0.001124
10200	-0.159824
10250	0.010402
10300	-0.013415
10350	-0.078030
10400	0.066396
10450	0.102722
10500	0.031940
10550	-0.158577
10600	-0.059186
10650	-0.088324
10700	0.038736
10750	0.007913
10800	-0.019553
10850	-0.045596
10900	-0.017410
10950	0.153050
11000	0.125352
11050	-0.173262
11100	-0.152255
11150	0.052186
11200	0.141221
11250	0.015104
11300	-0.035576
11350	-0.022358
11400	0.076000
11450	0.127113
11500	-0.019973
11550	0.135706
11600	0.131623
11650	0.237308
11700	0.187694
11750	-0.006176
11800	-0.047051
11850	0.055143
11900	-0.185774
11950	-0.129275
12000	0.126846
12050	0.047716
12100	0.156639
12150	0.127586
12200	0.251583
12250	0.039732
12300	-0.060446
12350	0.263077
12400	0.056428
12450	0.185962
12500	0.013708
12550	-0.026460
12600	0.092625
12650	-0.033829
12700	0.024583
12750	-0.006655
12800	-0.159186
12850	0.141579
12900	0.064895
12950	-0.145082
13000	-0.167074
13050	-0.101822
13100	-0.057425
13150	0.028875
13200	0.068944
13250	0.033746
13300	0.052399
13350	-0.175070
13400	-0.155541
13450	-0.052940
13500	0.070796
13550	-0.055654
13600	0.120632
13650	0.070361
13700	-0.056412
13750	0.090645
13800	-0.014098
13850	-0.227222
13900	-0.018280
13950	-0.096946
14000	-0.134464
14050	0.045904
14100	0.050553
14150	0.258886
14200	-0.121787
14250	0.103847
14300	0.043652
14350	0.054903
14400	-0.219114
14450	-0.040906
14500	0.026671
14550	0.116133
14600	0.319159
14650	0.024641
14700	0.170353
14750	0.061437
14800	-0.087168
14850	0.039898
14900	-0.057541
14950	-0.026381
15000	0.126770
15050	-0.037875
15100	0.135436
15150	0.147504
15200	-0.073197
15250	-0.040272
15300	-0.066797
15350	0.039157
15400	-0.036232
15450	-0.223057
15500	-0.132313
15550	0.073732
15600	-0.007044
15650	-0.085215
15700	-0.151046
15750	0.068424
15800	-0.031339
15850	0.000586
15900	-0.135635
15950	0.057875
16000	-0.147990
16050	0.080039
16100	-0.111844
16150	-0.017613
16200	0.105262
16250	-0.101439
16300	-0.048382
16350	0.008838
16400	-0.205907
16450	0.061852
16500	-0.025277
16550	-0.047047
16600	-0.052944
16650	-0.095900
16700	0.011393
16750	-0.010306
16800	0.029979
16850	0.053566
16900	0.048525
16950	0.028250
17000	0.145403
17050	-0.032754
17100	0.027123
17150	-0.021072
17200	-0.014656
17250	0.032195
17300	0.192388
17350	0.006526
17400	0.065936
17450	-0.030060
17500	-0.024992
17550	0.017749
17600	-0.128268
17650	-0.042017
17700	0.012630
17750	0.065886
17800	-0.048122
17850	-0.086307
17900	-0.002162
17950	0.025109
18000	-0.188137
18050	-0.019132
18100	0.183226
18150	-0.039332
18200	-0.001624
18250	-0.098138
18300	-0.080852
18350	0.017965
18400	0.131623
18450	-0.052869
18500	0.224997
18550	0.085621
18600	0.141102
18650	0.047483
18700	0.063259
18750	-0.051077
18800	0.084973
18850	0.131943
18900	0.091677
18950	0.102938
19000	-0.082368
19050	-0.076229
19100	0.146116
19150	0.007646
19200	0.158286
19250	0.117132
19300	0.105598
19350	-0.115005
19400	0.096316
19450	0.018520
19500	-0.234739
19550	0.043032
19600	-0.179216
19650	0.007827
19700	0.123129
19750	0.087315
19800	-0.149846
19850	0.025944
19900	0.116845
19950	0.183855
20000	0.121421
20050	0.044223
20100	-0.117733
20150	0.084967
20200	0.283660
20250	-0.013423
20300	-0.013334
20350	0.177210
20400	0.116796
20450	-0.044450
20500	-0.183710
20550	-0.105900
20600	0.025802
20650	0.033792
20700	-0.086911
20750	-0.106287
20800	0.086151
20850	0.046849
20900	0.075817
20950	0.005410
21000	0.092995
21050	0.073076
21100	-0.052389
21150	0.018325
21200	0.110398
21250	0.005420
21300	0.033451
21350	0.153708
21400	0.053001
21450	0.001929
21500	0.040974
21550	-0.050479
21600	-0.014307
21650	0.066460
21700	0.037658
21750	0.027357
21800	0.088354
21850	0.054171
21900	0.069454
21950	-0.101052
22000	0.104280
22050	0.209840
22100	0.238499
22150	0.142011
22200	0.038147
22250	-0.083929
22300	0.119321
22350	0.024282
22400	0.122186
22450	-0.112343
22500	0.081589
22550	-0.124069
22600	0.101195
22650	-0.010044
22700	-0.095998
22750	0.085382
22800	0.109087
22850	-0.157745
22900	-0.015489
22950	0.056104
23000	-0.181384
23050	-0.111291
23100	-0.017007
23150	-0.087694
23200	-0.082622
23250	0.050978
23300	0.001066
23350	-0.120689
23400	-0.145015
23450	0.008289
23500	0.034370
23550	0.125162
23600	-0.123535
23650	0.050049
23700	0.134697
23750	0.059177
23800	-0.134556
23850	-0.125219
23900	-0.101326
23950	0.049443
24000	0.071591
24050	0.230879
24100	-0.109313
24150	0.071951
24200	-0.027835
24250	0.066335
24300	0.079339
24350	-0.136967
24400	-0.229767
24450	0.096762
24500	0.044122
24550	0.071644
24600	0.071860
24650	0.089117
24700	0.113537
24750	0.017188
24800	-0.094382
24850	0.164910
24900	0.107192
24950	0.067479
25000	0.008514
25050	0.089272
25100	0.048736
25150	0.041204
25200	0.102970
25250	0.023979
25300	0.152018
25350	-0.111794
25400	0.061550
25450	0.149233
25500	0.023683
25550	0.043156
25600	-0.006642
25650	0.122453
25700	0.200218
25750	0.141837
25800	0.072975
25850	-0.029569
25900	0.018427
25950	0.115936
26000	0.080955
26050	0.019888
26100	0.013430
26150	-0.089899
26200	0.117146
26250	0.034013
26300	0.040287
26350	-0.008883
26400	0.012388
26450	-0.014912
26500	0.240394
26550	0.210495
26600	0.050517
26650	-0.057285
26700	0.024962
26750	0.281855
26800	-0.126888
26850	-0.017567
26900	-0.015976
26950	0.098057
27000	0.150178
27050	0.001221
27100	0.115022
27150	0.030341
27200	-0.006813
27250	0.038209
27300	0.075094
27350	0.013644
27400	-0.035260
27450	0.149040
27500	-0.049184
27550	-0.114452
27600	-0.048773
27650	0.059413
27700	-0.129880
27750	-0.175088
27800	0.090559
27850	-0.159436
27900	-0.060687
27950	-0.045284
28000	0.111021
28050	0.013132
28100	-0.102939
28150	0.078901
28200	0.026782
28250	-0.062710
28300	-0.040814
28350	-0.212339
28400	0.018692
28450	0.118323
28500	-0.048160
28550	0.092325
28600	0.082044
28650	-0.188625
28700	0.049669
28750	0.210289
28800	0.242754
28850	0.034509
28900	0.022357
28950	0.057899
29000	0.104729
29050	-0.032416
29100	-0.162712
29150	0.181497
29200	-0.138444
29250	-0.235985
29300	0.107911
29350	0.017509
29400	-0.086724
29450	0.130729
29500	0.044570
29550	-0.049761
29600	0.008891
29650	0.164323
29700	0.039701
29750	-0.004703
29800	-0.199234
29850	-0.019451
29900	0.080238
29950	0.279795
30000	0.085845
30050	0.079832
30100	0.144907
30150	0.113337
30200	-0.046695
30250	0.119602
30300	0.031929
30350	0.124603
30400	0.181774
30450	0.092601
30500	0.136938
30550	0.179315
30600	0.296030
30650	0.145859
30700	0.264586
30750	0.078111
30800	0.157315
30850	0.258035
30900	0.242557
30950	0.006589
31000	-0.072848
31050	-0.165668
31100	-0.130703
31150	-0.116799
31200	0.193463
31250	0.041987
31300	0.143519
31350	-0.051426
31400	-0.020570
31450	0.042471
31500	0.149246
31550	0.160808
31600	0.133493
31650	0.195960
31700	-0.055411
31750	0.169951
31800	-0.066339
31850	0.075474
31900	0.029385
31950	0.165276
32000	0.011110
32050	0.048638
32100	-0.057880
32150	-0.123919
32200	0.136855
32250	-0.143506
32300	0.085946
32350	0.080780
32400	0.126721
32450	-0.049043
32500	0.037285
32550	0.120044
32600	-0.098468
32650	0.214820
32700	-0.006312
32750	-0.076768
32800	0.141325
32850	0.080184
32900	-0.053042
32950	0.222871
33000	0.054305
33050	0.060423
33100	0.099132
33150	0.084248
33200	-0.110191
33250	-0.248676
33300	0.074765
33350	0.116100
33400	-0.052532
33450	-0.039902
33500	0.039951
33550	0.063204
33600	0.096176
33650	0.111681
33700	0.041340
33750	-0.044506
33800	-0.023767
33850	0.118236
33900	0.014355
33950	0.089272
34000	0.018455
34050	0.062783
34100	0.008055
34150	0.188516
34200	0.192667
34250	0.047212
34300	0.223966
34350	0.013575
34400	-0.125326
34450	0.245675
34500	0.174584
34550	0.002494
34600	0.072951
34650	0.303756
34700	0.034251
34750	-0.112009
34800	-0.232993
34850	-0.013717
34900	0.063231
34950	-0.135957
35000	-0.098690
35050	0.041137
35100	-0.079149
35150	0.079871
35200	0.027073
35250	-0.027910
35300	0.061254
35350	0.014103
35400	-0.010827
35450	0.050581
35500	-0.155201
35550	-0.124058
35600	0.035745
35650	-0.019009
35700	0.005517
35750	0.069540
35800	0.035888
35850	0.079722
35900	-0.138798
35950	-0.000989
36000	0.022255
36050	0.043113
36100	-0.035291
36150	-0.040594
36200	-0.092580
36250	0.078801
36300	-0.061639
36350	0.082333
36400	0.063923
36450	0.038869
36500	0.080911
36550	0.147426
36600	-0.099830
36650	0.115715
36700	0.083857
36750	-0.114179
36800	-0.041287
36850	0.053954
36900	0.092583
36950	-0.230597
37000	-0.137158
37050	0.191377
37100	0.122772
37150	-0.051687
37200	-0.007534
37250	0.040479
37300	0.141205
37350	0.118445
37400	-0.071186
37450	0.066683
37500	0.238779
37550	0.093500
37600	-0.064205
37650	-0.097218
37700	0.063547
37750	-0.013445
37800	-0.037098
37850	-0.058744
37900	0.000240
37950	0.204673
38000	-0.111169
38050	-0.071414
38100	0.214783
38150	0.075730
38200	-0.007269
38250	-0.093015
38300	-0.063535
38350	-0.043340
38400	-0.165700
38450	0.032307
38500	0.070314
38550	-0.090269
38600	-0.107209
38650	-0.121352
38700	-0.021223
38750	-0.093031
38800	0.058492
38850	0.005338
38900	0.037359
38950	0.100954
39000	0.055408
39050	0.037066
39100	-0.009491
39150	-0.000530
39200	0.115001
39250	0.155420
39300	0.209284
39350	0.106308
39400	-0.027434
39450	-0.108882
39500	0.095676
39550	0.071582
39600	0.061082
39650	-0.121623
39700	-0.062583
39750	-0.141774
39800	0.027486
39850	-0.130410
39900	0.029685
39950	-0.186798
40000	-0.228013
40050	0.186761
40100	-0.128103
40150	0.023874
40200	0.097847
40250	-0.161552
40300	-0.146847
40350	-0.075133
40400	0.097385
40450	0.063423
40500	0.102330
40550	-0.020986
40600	0.049277
40650	0.160523
40700	0.039168
40750	-0.050132
40800	-0.180943
40850	0.067422
40900	-0.025463
40950	0.034714
41000	0.000205
41050	0.034165
41100	-0.054997
41150	0.133484
41200	0.088807
41250	-0.004267
41300	-0.031425
41350	-0.039485
41400	-0.044717
41450	-0.005416
41500	0.051215
41550	0.121795
41600	0.070250
41650	-0.120394
41700	-0.109757
41750	-0.022473
41800	0.044638
41850	-0.041801
41900	0.128726
41950	-0.121371
42000	-0.036332
42050	0.145731
42100	-0.155221
42150	-0.105864
42200	0.042629
42250	0.074620
42300	0.024536
42350	-0.021066
42400	-0.096217
42450	-0.042308
42500	0.043948
42550	0.077692
42600	-0.025041
42650	-0.166603
42700	0.117277
42750	-0.074725
42800	-0.217100
42850	-0.179647
42900	-0.096593
42950	-0.073446
43000	0.019695
43050	0.053543
43100	0.014560
43150	-0.035986
43200	0.006298
43250	0.046908
43300	-0.034344
43350	-0.126352
43400	-0.219055
43450	-0.008093
43500	0.044796
43550	-0.016696
43600	-0.002050
43650	0.112946
43700	0.004224
43750	-0.047722
43800	0.035498
43850	-0.193651
43900	0.148569
43950	-0.010771
44000	-0.028078
44050	-0.050818
44100	0.005727
44150	0.050218
44200	0.014970
44250	0.046706
44300	0.087190
44350	-0.021829
44400	-0.090209
44450	-0.013152
44500	0.115386
44550	-0.113472
44600	0.099094
44650	-0.020742
44700	-0.054332
44750	0.122820
44800	0.157784
44850	-0.043910
44900	-0.120887
44950	0.026315
45000	0.098630
45050	-0.003719
45100	0.135704
45150	0.042266
45200	0.108581
45250	0.130019
45300	-0.054002
45350	-0.052205
45400	-0.016216
45450	0.066918
45500	-0.067564
45550	0.021540
45600	-0.004971
45650	-0.051389
45700	-0.026909
45750	-0.022325
45800	0.004063
45850	0.105149
45900	-0.061618
45950	0.050141
46000	0.144489
46050	0.047865
46100	0.245983
46150	0.002817
46200	-0.080745
46250	-0.102282
46300	-0.023586
46350	-0.056943
46400	-0.025903
46450	-0.066665
46500	0.027682
46550	-0.156180
46600	0.188157
46650	0.087614
46700	-0.084944
46750	0.078175
46800	-0.096281
46850	0.032116
46900	0.067523
46950	0.154195
47000	0.009292
47050	-0.037330
47100	-0.056056
47150	-0.096830
47200	-0.214131
47250	0.047408
47300	0.135735
47350	0.124913
47400	0.114523
47450	-0.040924
47500	-0.027897
47550	0.033818
47600	0.044209
47650	0.036777
47700	0.095053
47750	-0.051357
47800	0.190421
47850	-0.025696
47900	-0.135454
47950	0.042412
48000	0.060673
48050	0.197932
48100	0.064061
48150	0.122755
48200	-0.036060
48250	0.013300
48300	-0.030847
48350	-0.006742
48400	-0.093593
48450	-0.023040
48500	-0.068252
48550	0.244246
48600	0.058974
48650	-0.083462
48700	0.086708
48750	0.069965
48800	0.096845
48850	-0.071191
48900	0.087507
48950	0.138783
49000	-0.008191
49050	-0.139281
49100	-0.208522
49150	0.183502
49200	-0.008984
49250	-0.014487
49300	0.123899
49350	-0.217489
49400	-0.132361
49450	-0.015306
49500	-0.028779
49550	0.169974
49600	-0.126900
49650	0.136560
49700	0.055352
49750	0.069642
49800	0.124798
49850	0.228345
49900	0.054950
49950	0.079491
50000	-0.036277
50050	0.159957
50100	-0.072511
50150	-0.177908
50200	0.139043
50250	0.008297
50300	0.038677
50350	-0.029340
50400	-0.022388
50450	-0.104442
50500	0.042524
50550	-0.016164
50600	0.071381
50650	-0.065456
50700	0.083049
50750	0.006164
50800	-0.035232
50850	0.050974
50900	0.212096
50950	-0.046301
51000	-0.078119
51050	0.039264
51100	-0.059064
51150	-0.121108
51200	0.130148
51250	-0.024736
51300	0.046322
51350	-0.012641
51400	-0.080389
51450	0.110295
51500	0.088597
51550	-0.025939
51600	0.041378
51650	-0.142441
51700	-0.103627
51750	0.073493
51800	-0.174054
51850	-0.063692
51900	-0.026979
51950	-0.001778
52000	0.038663
52050	0.049931
52100	0.094269
52150	0.151686
52200	0.034631
52250	-0.009108
52300	0.067741
52350	0.088809
52400	-0.148094
52450	0.038928
52500	-0.118379
52550	-0.015164
52600	0.001895
52650	-0.142957
52700	-0.136845
52750	-0.044333
52800	0.181511
52850	-0.117123
52900	0.021636
52950	0.035127
53000	0.110115
53050	0.024561
53100	-0.107779
53150	0.051037
53200	0.035629
53250	-0.105687
53300	0.249200
53350	-0.089089
53400	-0.025969
53450	-0.136712
53500	-0.055059
53550	-0.020517
53600	-0.128157
53650	-0.000604
53700	0.117732
53750	0.093085
53800	-0.205661
53850	-0.025733
53900	-0.007020
53950	-0.033599
54000	-0.086859
54050	-0.098226
54100	0.122857
54150	0.161953
54200	-0.065855
54250	0.021555
54300	0.095763
54350	0.002487
54400	0.029183
54450	-0.188356
54500	-0.037367
54550	0.035256
54600	0.091672
54650	-0.062265
54700	0.060561
54750	0.075504
54800	-0.043907
54850	0.055441
54900	-0.076617
54950	-0.085951
55000	0.040183
55050	-0.151987
55100	0.100706
55150	0.118657
55200	0.094625
55250	-0.045655
55300	-0.052497
55350	-0.066392
55400	-0.037412
55450	0.112118
55500	0.045517
55550	0.061538
55600	-0.107340
55650	0.001724
55700	0.151079
55750	0.030973
55800	0.005971
55850	0.034263
55900	0.028830
55950	-0.031655
56000	0.046674
56050	0.014917
56100	0.040817
56150	0.094960
56200	0.039379
56250	-0.014171
56300	0.122453
56350	-0.028115
56400	0.070261
56450	-0.111865
56500	-0.079022
56550	0.006111
56600	0.002741
56650	0.125186
56700	0.049484
56750	-0.205325
56800	0.108443
56850	-0.102345
56900	0.049721
56950	0.025968
57000	-0.010221
57050	-0.097529
57100	0.062316
57150	-0.040746
57200	0.190047
57250	-0.197076
57300	0.074241
57350	0.089281
57400	0.067914
57450	0.083219
57500	-0.020370
57550	0.131845
57600	0.016553
57650	0.013406
57700	0.214540
57750	0.086900
57800	0.101460
57850	0.041394
57900	0.004363
57950	0.057397
58000	-0.005969
58050	0.028832
58100	-0.086776
58150	0.010187
58200	-0.017202
58250	-0.007969
58300	0.067522
58350	0.090696
58400	0.145976
58450	-0.129821
58500	0.059826
58550	-0.081601
58600	-0.096864
58650	-0.016954
58700	-0.007847
58750	0.083900
58800	0.052510
58850	0.015359
58900	0.258600
58950	0.011957
59000	0.008635
59050	-0.092617
59100	0.006612
59150	-0.179289
59200	0.025806
59250	0.058567
59300	-0.035709
59350	-0.045373
59400	0.107107
59450	0.215484
59500	0.064359
59550	-0.043241
59600	-0.083694
59650	-0.062270
59700	0.000560
59750	-0.152023
59800	0.001514
59850	0.136963
59900	0.135710
59950	-0.029980
60000	-0.191725
60050	-0.318652
60100	0.308463
60150	0.023689
60200	-0.135022
60250	0.079180
60300	0.018620
60350	0.117664
60400	0.018620
60450	-0.027993
60500	-0.185080
60550	0.131550
60600	0.124723
60650	0.316966
60700	0.025850
60750	-0.057173
60800	0.015049
60850	-0.032086
60900	-0.173086
60950	-0.260519
61000	0.028775
61050	0.083148
61100	0.102240
61150	-0.031939
61200	0.008852
61250	0.075454
61300	-0.103505
61350	0.182743
61400	-0.007771
61450	-0.091211
61500	0.143572
61550	-0.029719
61600	-0.035194
61650	0.068194
61700	0.016681
61750	0.034273
61800	0.062455
61850	0.042533
61900	-0.041100
61950	0.041907
62000	0.000735
62050	0.075609
62100	-0.049395
62150	-0.083528
62200	0.040373
62250	0.066952
62300	-0.099938
62350	0.006534
62400	0.029946
62450	0.079336
62500	-0.107804
62550	0.025205
62600	0.060552
62650	0.272816
62700	-0.034988
62750	-0.025172
62800	-0.063212
62850	0.059414
62900	-0.021104
62950	0.048805
63000	0.071692
63050	-0.118644
63100	0.009136
63150	0.078287
63200	0.061151
63250	-0.066385
63300	-0.209246
63350	0.018751
63400	0.011153
63450	-0.041177
63500	0.092909
63550	0.101141
63600	-0.088858
63650	0.124344
63700	0.026947
63750	-0.001729
63800	0.044760
63850	-0.123719
63900	0.003279
63950	0.139010
64000	-0.059924
64050	-0.013080
64100	-0.028898
64150	0.059349
64200	0.199796
64250	-0.114332
64300	-0.148529
64350	-0.000582
64400	0.182939
64450	0.143357
64500	-0.103582
64550	0.130278
64600	-0.177376
64650	0.062003
64700	0.082432
64750	0.109516
64800	0.051762
64850	0.047437
64900	-0.048440
64950	0.054278
65000	-0.029837
65050	-0.107294
65100	-0.097052
65150	-0.220279
65200	-0.130169
65250	0.027558
65300	0.199047
65350	-0.075750
65400	0.077654
65450	-0.101433
65500	0.024761
65550	-0.196764
65600	0.042384
65650	-0.041482
65700	-0.145888
65750	0.043418
65800	-0.054791
65850	0.193954
65900	0.010085
65950	-0.105938
66000	-0.165877
66050	0.019416
66100	0.153414
66150	0.047341
66200	-0.090158
66250	-0.013587
66300	0.029791
66350	0.055992
66400	0.042741
66450	0.277302
66500	0.286140
66550	0.016833
66600	0.036778
66650	-0.006237
66700	0.159220
66750	-0.076521
66800	0.171338
66850	0.129203
66900	-0.064011
66950	-0.040221
67000	-0.176449
67050	0.016272
67100	-0.211624
67150	0.080669
67200	0.115430
67250	0.113683
67300	0.149837
67350	0.133319
67400	0.178584
67450	-0.039078
67500	-0.203039
67550	-0.066657
67600	-0.072456
67650	-0.086772
67700	0.084416
67750	0.060755
67800	0.026079
67850	-0.271576
67900	0.033035
67950	-0.046261
68000	0.054615
68050	-0.302934
68100	-0.004920
68150	0.121866
68200	-0.037389
68250	0.228860
68300	0.098437
68350	0.019704
68400	-0.033485
68450	-0.043127
68500	-0.059675
68550	0.080963
68600	-0.228509
68650	0.033003
68700	0.001057
68750	-0.011092
68800	-0.008561
68850	0.004452
68900	0.043251
68950	0.040468
69000	0.105916
69050	0.074029
69100	-0.057028
69150	0.183605
69200	0.081987
69250	0.058872
69300	0.030670
69350	-0.049745
69400	0.049459
69450	0.127270
69500	-0.044115
69550	-0.161088
69600	-0.108591
69650	0.112540
69700	-0.059828
69750	-0.124671
69800	-0.048395
69850	0.053806
69900	-0.108969
69950	-0.169258
70000	0.092656
70050	0.192446
70100	-0.089738
70150	0.096796
70200	0.232443
70250	-0.068968
70300	0.083050
70350	-0.105786
70400	-0.095820
70450	0.066763
70500	-0.081478
70550	0.018456
70600	0.157231
70650	0.101705
70700	-0.044334
70750	0.128749
70800	0.009939
70850	0.084367
70900	0.088524
70950	0.147506
71000	0.133330
71050	-0.162852
71100	-0.032868
71150	-0.241857
71200	0.108840
71250	0.153382
71300	0.000192
71350	-0.037269
71400	0.197186
71450	0.030999
71500	0.124858
71550	-0.073166
71600	-0.045764
71650	-0.108464
71700	-0.011411
71750	0.021024
71800	-0.038218
71850	-0.007865
71900	0.149152
71950	0.008134
72000	-0.001612
72050	-0.091170
72100	-0.033133
72150	-0.013474
72200	0.125108
72250	-0.130834
72300	-0.180790
72350	-0.013305
72400	-0.031469
72450	-0.025792
72500	-0.024747
72550	0.000376
72600	-0.065544
72650	0.139882
72700	-0.058675
72750	0.108491
72800	0.062258
72850	-0.012515
72900	-0.032842
72950	0.070712
73000	0.053421
73050	-0.017840
73100	-0.050801
73150	0.001823
73200	0.192971
73250	0.150483
73300	-0.086121
73350	-0.003794
73400	0.199146
73450	0.041769
73500	0.150111
73550	-0.006295
73600	0.039060
73650	-0.024193
73700	-0.145446
73750	-0.071081
73800	-0.039986
73850	0.016070
73900	0.116454
73950	-0.126399
74000	-0.210213
74050	-0.025006
74100	-0.034054
74150	-0.114866
74200	0.136843
74250	-0.055406
74300	0.051252
74350	0.107873
74400	0.065492
74450	0.028867
74500	0.011439
74550	0.011387
74600	0.123757
74650	-0.106572
74700	-0.019797
74750	-0.212528
74800	0.054163
74850	-0.115300
74900	0.197841
74950	-0.073643
75000	0.086430
75050	-0.007771
75100	0.112691
75150	-0.135745
75200	0.077186
75250	0.087580
75300	-0.063888
75350	-0.094245
75400	0.092528
75450	0.087982
75500	-0.004728
75550	-0.089591
75600	-0.026490
75650	0.028430
75700	-0.037386
75750	-0.079681
75800	-0.124844
75850	0.015882
75900	-0.092992
75950	-0.325076
76000	0.020071
76050	0.232414
76100	-0.085132
76150	0.019090
76200	-0.010267
76250	0.121728
76300	0.015498
76350	0.069862
76400	-0.096098
76450	-0.000271
76500	0.162472
76550	0.155128
76600	0.120608
76650	0.000124
76700	0.084079
76750	0.021270
76800	0.034258
76850	0.074612
76900	0.196588
76950	0.411379
77000	-0.006403
77050	0.056353
77100	-0.180852
77150	-0.109600
77200	0.076357
77250	-0.053293
77300	-0.162570
77350	-0.115186
77400	-0.052416
77450	0.006722
77500	-0.064244
77550	0.108109
77600	0.001122
77650	-0.160852
77700	-0.049281
77750	0.128154
77800	0.226561
77850	0.048809
77900	-0.029774
77950	-0.024634
78000	-0.002855
78050	0.107631
78100	0.063251
78150	-0.072749
78200	0.104841
78250	0.128802
78300	0.153184
78350	0.163444
78400	-0.060657
78450	0.036954
78500	-0.064939
78550	-0.073113
78600	0.034525
78650	-0.029044
78700	0.051681
78750	0.041977
78800	0.035330
78850	-0.116943
78900	0.043514
78950	-0.072524
79000	0.023074
79050	-0.105098
79100	-0.088966
79150	-0.106722
79200	-0.099003
79250	0.142207
79300	0.071171
79350	-0.014548
79400	0.047589
79450	-0.109245
79500	-0.018965
79550	0.026676
79600	0.202786
79650	0.216588
79700	0.237555
79750	0.277373
79800	0.070210
79850	-0.107235
79900	-0.090013
79950	-0.186214
80000	-0.005012
80050	-0.083725
80100	-0.030864
80150	-0.097565
80200	0.171742
80250	0.007451
80300	-0.038927
80350	-0.051803
80400	0.104453
80450	0.120048
80500	0.036131
80550	0.085137
80600	0.132094
80650	0.179585
80700	-0.045656
80750	-0.058842
80800	0.178316
80850	-0.066874
80900	-0.083765
80950	-0.014878
81000	-0.119378
81050	-0.084870
81100	0.025263
81150	-0.244885
81200	-0.017428
81250	-0.123491
81300	0.007085
81350	0.030848
81400	0.086765
81450	0.176837
81500	0.126280
81550	0.018903
81600	-0.007822
81650	0.083273
81700	-0.060157
81750	0.025245
81800	0.052940
81850	0.187505
81900	-0.041694
81950	0.006141
82000	-0.084622
82050	-0.127461
82100	0.047674
82150	-0.230185
82200	-0.030809
82250	-0.094324
82300	-0.009037
82350	-0.041272
82400	-0.099192
82450	0.015158
82500	-0.017391
82550	-0.084604
82600	0.049356
82650	0.059719
82700	0.072924
82750	-0.070464
82800	-0.140657
82850	0.077218
82900	0.038475
82950	0.042692
83000	-0.079949
83050	0.100255
83100	-0.122704
83150	-0.028572
83200	-0.005115
83250	-0.021635
83300	-0.079699
83350	-0.198312
83400	0.071076
83450	-0.098190
83500	0.042578
83550	-0.112151
83600	-0.032435
83650	-0.199011
83700	0.031543
83750	-0.042479
83800	-0.032176
83850	0.043468
83900	0.108787
83950	-0.118611
84000	-0.189202
84050	-0.028524
84100	0.010932
84150	0.081600
84200	0.122018
84250	-0.191768
84300	0.047997
84350	0.030907
84400	-0.097091
84450	-0.062955
84500	0.037594
84550	0.132249
84600	0.024487
84650	-0.041991
84700	-0.061868
84750	-0.084650
84800	-0.074671
84850	-0.023152
84900	0.013057
84950	-0.043580
85000	-0.013022
85050	0.048092
85100	-0.179663
85150	-0.017758
85200	-0.054864
85250	0.069627
85300	0.186814
85350	-0.049719
85400	0.053057
85450	-0.005053
85500	0.143734
85550	-0.019818
85600	-0.079509
85650	0.248379
85700	0.109725
85750	-0.020304
85800	-0.137937
85850	-0.184049
85900	0.035951
85950	0.010127
86000	-0.218781
86050	-0.044045
86100	0.045250
86150	0.095631
86200	-0.063270
86250	-0.089661
86300	-0.016240
86350	0.009424
86400	-0.229387
86450	-0.147691
86500	0.066304
86550	-0.124137
86600	-0.032193
86650	0.039602
86700	0.015524
86750	0.032045
86800	0.064638
86850	-0.003012
86900	-0.042895
86950	-0.066858
87000	0.093263
87050	0.238867
87100	0.048010
87150	-0.058014
87200	0.029693
87250	0.158054
87300	0.191588
87350	0.189816
87400	-0.018447
87450	0.032590
87500	0.187136
87550	-0.228145
87600	-0.033206
87650	0.141806
87700	0.053413
87750	0.016006
87800	0.224101
87850	-0.013401
87900	0.056658
87950	-0.007039
88000	-0.050685
88050	0.044721
88100	0.030556
88150	0.222383
88200	0.132463
88250	-0.008615
88300	0.107625
88350	0.230381
88400	0.157132
88450	-0.098432
88500	0.062707
88550	0.050845
88600	-0.048401
88650	0.063531
88700	0.117147
88750	-0.058261
88800	-0.077616
88850	-0.040232
88900	-0.076993
88950	-0.007110
89000	-0.179334
89050	0.017365
89100	-0.012728
89150	0.104315
89200	-0.047703
89250	0.118904
89300	0.106839
89350	-0.027212
89400	0.029799
89450	-0.083478
89500	0.038249
89550	0.040302
89600	-0.143635
89650	-0.121543
89700	-0.161202
89750	-0.010692
89800	0.248059
89850	0.074194
89900	-0.048186
89950	-0.071041
90000	0.142222
90050	0.085824
90100	0.215095
90150	0.033961
90200	0.040250
90250	-0.084497
90300	0.078151
90350	0.098762
90400	-0.028117
90450	0.130070
90500	0.112793
90550	0.243158
90600	0.126332
90650	-0.032216
90700	-0.073240
90750	-0.164355
90800	0.027274
90850	0.047094
90900	0.020037
90950	0.108627
91000	0.093310
91050	0.142185
91100	0.021129
91150	0.104068
91200	0.153046
91250	0.031703
91300	0.133845
91350	0.050719
91400	0.118632
91450	0.107389
91500	0.091106
91550	-0.079624
91600	0.198733
91650	0.042173
91700	0.027199
91750	-0.039063
91800	-0.014652
91850	0.006867
91900	-0.002361
91950	-0.031530
92000	-0.107628
92050	0.115305
92100	0.126421
92150	0.178734
92200	-0.153948
92250	-0.036568
92300	-0.089776
92350	-0.083781
92400	-0.019963
92450	-0.026965
92500	0.192347
92550	0.028851
92600	-0.084341
92650	-0.041539
92700	-0.255540
92750	-0.054048
92800	-0.193903
92850	0.013236
92900	0.003941
92950	-0.246604
93000	0.036067
93050	-0.056192
93100	0.009099
93150	0.028598
93200	-0.021746
93250	-0.091432
93300	-0.139188
93350	-0.050173
93400	0.029615
93450	0.091145
93500	0.163672
93550	0.119723
93600	-0.055121
93650	-0.054339
93700	-0.036141
93750	-0.133214
93800	-0.004108
93850	-0.006413
93900	-0.012280
93950	0.169613
94000	0.088667
94050	-0.106471
94100	0.262122
94150	-0.005738
94200	0.117765
94250	0.162757
94300	-0.056994
94350	0.109422
94400	-0.112886
94450	-0.136154
94500	0.002444
94550	-0.059092
94600	0.145077
94650	0.135160
94700	0.107051
94750	-0.120310
94800	0.096864
94850	0.028641
94900	0.059422
94950	-0.026451
95000	-0.110585
95050	0.092019
95100	0.095945
95150	0.047127
95200	0.238801
95250	0.222900
95300	0.102611
95350	0.039686
95400	0.235416
95450	0.067043
95500	-0.082499
95550	-0.020789
95600	0.073770
95650	0.069561
95700	0.140970
95750	0.014233
95800	-0.075074
95850	-0.074090
95900	0.017091
95950	0.030659
96000	0.040992
96050	-0.140109
96100	-0.098915
96150	-0.015752
96200	0.001445
96250	0.000190
96300	0.120100
96350	0.059704
96400	0.086052
96450	0.044374
96500	0.161255
96550	-0.127019
96600	-0.116965
96650	0.056124
96700	0.074221
96750	-0.046187
96800	0.197180
96850	0.087179
96900	0.161816
96950	0.177605
97000	-0.095111
97050	-0.062929
97100	-0.002117
97150	0.011405
97200	-0.003716
97250	0.253874
97300	0.106293
97350	-0.015951
97400	0.239208
97450	0.071397
97500	-0.033437
97550	-0.052128
97600	0.042791
97650	-0.077763
97700	0.018011
97750	-0.027147
97800	0.197469
97850	0.111287
97900	0.040658
97950	0.159009
98000	-0.116354
98050	-0.030709
98100	-0.042456
98150	-0.010251
98200	-0.186186
98250	-0.085785
98300	-0.143444
98350	0.141865
98400	0.128800
98450	0.056482
98500	0.042159
98550	0.086894
98600	-0.014214
98650	0.025787
98700	0.100941
98750	0.142130
98800	-0.024171
98850	-0.013142
98900	-0.007049
98950	0.045717
99000	0.172751
99050	0.098884
99100	-0.033062
99150	0.072407
99200	0.063145
99250	-0.045450
99300	0.002744
99350	0.162690
99400	-0.056439
99450	-0.048571
99500	-0.017596
99550	0.101810
99600	0.004478
99650	-0.042307
99700	0.138796
99750	0.202112
99800	0.087565
99850	0.040485
99900	0.046756
99950	0.276625
100000	0.122347
100050	0.111701
100100	-0.073906
100150	0.115478
100200	0.097276
100250	0.266032
100300	-0.074956
100350	0.106695
100400	0.030096
100450	-0.024279
100500	0.114128
100550	0.125409
100600	0.030870
100650	-0.203084
100700	0.020825
100750	0.022379
100800	-0.036323
100850	-0.158000
100900	-0.098796
100950	0.038600
101000	0.081032
101050	-0.145816
101100	-0.102798
101150	-0.176322
101200	-0.089536
101250	0.081519
101300	-0.099551
101350	0.044544
101400	-0.105344
101450	-0.026293
101500	0.008128
101550	0.054240
101600	0.100701
101650	-0.143227
101700	-0.069424
101750	0.033252
101800	0.103531
101850	0.041714
101900	0.175440
101950	-0.170734
102000	-0.253825
102050	-0.108627
102100	-0.157738
102150	-0.049824
102200	-0.093091
102250	-0.165012
102300	0.016100
102350	0.017384
102400	-0.006356
102450	0.052755
102500	-0.082290
102550	-0.100081
102600	-0.087929
102650	0.137179
102700	-0.019816
102750	0.231915
102800	0.032880
102850	0.106434
102900	0.187413
102950	0.109022
103000	-0.085728
103050	0.077506
103100	0.086760
103150	-0.160668
103200	-0.100854
103250	0.060299
103300	0.210331
103350	0.157296
103400	0.110974
103450	-0.084015
103500	0.065189
103550	0.104923
103600	0.037549
103650	0.009404
103700	-0.018782
103750	0.155122
103800	0.153332
103850	0.181662
103900	0.054053
103950	0.008431
104000	-0.107580
104050	-0.064279
104100	-0.084002
104150	-0.022576
104200	-0.019472
104250	0.120355
104300	0.090921
104350	-0.079472
104400	-0.117118
104450	-0.032918
104500	-0.106354
104550	-0.191271
104600	0.087851
104650	-0.161346
104700	-0.118346
104750	-0.031796
104800	0.120098
104850	-0.146565
104900	0.074398
104950	0.090444
105000	-0.050639
105050	-0.079339
105100	-0.031096
105150	0.008931
105200	0.028063
105250	-0.000794
105300	0.042911
105350	0.024887
105400	0.037680
105450	-0.001910
105500	0.260236
105550	0.064974
105600	0.030225
105650	-0.099306
105700	0.044579
105750	0.028705
105800	0.032243
105850	-0.018261
105900	-0.185683
105950	0.031020
106000	-0.172746
106050	0.058608
106100	-0.123813
106150	0.143411
106200	0.121810
106250	0.018077
106300	-0.115418
106350	0.037249
106400	-0.007884
106450	-0.015454
106500	-0.060810
106550	-0.077909
106600	0.060143
106650	0.029546
106700	0.072944
106750	0.086086
106800	0.011966
106850	0.017001
106900	-0.096547
106950	-0.031468
107000	-0.178478
107050	-0.063576
107100	0.021084
107150	-0.009987
107200	-0.035388
107250	0.027042
107300	0.081749
107350	-0.080879
107400	-0.164213
107450	-0.158510
107500	-0.108902
107550	-0.260938
107600	-0.093017
107650	0.073424
107700	-0.272434
107750	0.102616
107800	-0.044685
107850	-0.164303
107900	-0.092295
107950	0.035070
108000	-0.163756
108050	-0.222127
108100	-0.075576
108150	-0.020105
108200	-0.200749
108250	0.177849
108300	-0.013272
108350	0.097165
108400	0.027605
108450	0.075716
108500	0.027640
108550	0.132352
108600	0.153520
108650	0.035088
108700	0.195436
108750	0.101859
108800	-0.199251
108850	-0.031919
108900	-0.023312
108950	0.042756
109000	0.105121
109050	-0.095200
109100	0.069879
109150	0.026657
109200	-0.089373
109250	0.054720
109300	0.001164
109350	0.123955
109400	0.117278
109450	0.150513
109500	0.062522
109550	-0.000060
109600	-0.154870
109650	-0.048632
109700	-0.009273
109750	-0.096274
109800	-0.018037
109850	-0.107868
109900	0.054876
109950	0.181714
110000	-0.046837
110050	-0.113342
110100	-0.061508
110150	-0.058489
110200	0.038654
110250	-0.281271
110300	-0.104020
110350	-0.185653
110400	0.130071
110450	0.108129
110500	0.021879
110550	0.048152
110600	-0.106419
110650	-0.089927
110700	0.069085
110750	-0.122411
110800	-0.022225
110850	0.076136
110900	0.107258
110950	0.059042
111000	0.118722
111050	-0.102158
111100	0.027598
111150	-0.096449
111200	0.064938
111250	-0.002092
111300	0.019359
111350	0.088938
111400	0.034933
111450	-0.018827
111500	0.114465
111550	-0.323224
111600	-0.087033
111650	0.190304
111700	0.054656
111750	0.067995
111800	-0.105766
111850	0.009357
111900	0.030715
111950	0.037347
112000	-0.041693
112050	-0.031339
112100	-0.207457
112150	0.065843
112200	0.270746
112250	-0.143762
112300	0.035310
112350	0.200076
112400	-0.001449
112450	-0.106439
112500	-0.071307
112550	0.053553
112600	-0.035030
112650	0.010712
112700	0.036970
112750	0.085157
112800	-0.011165
112850	-0.046976
112900	-0.154221
112950	-0.105866
113000	-0.170781
113050	-0.000765
113100	-0.050318
113150	0.087641
113200	-0.120694
113250	-0.209211
113300	-0.193677
113350	-0.057621
113400	-0.103281
113450	0.195634
113500	-0.302453
113550	0.011504
113600	-0.166428
113650	-0.017642
113700	-0.090245
113750	-0.013507
113800	-0.210940
113850	0.133734
113900	-0.024184
113950	-0.128474
114000	-0.018865
114050	-0.173074
114100	-0.158011
114150	-0.077029
114200	0.070954
114250	-0.176439
114300	0.090945
114350	0.121789
114400	-0.074175
114450	-0.000135
114500	0.118923
114550	-0.037234
114600	0.120933
114650	-0.024881
114700	0.211262
114750	-0.078160
114800	0.028159
114850	0.158894
114900	-0.079340
114950	0.129174
115000	0.103350
115050	-0.057394
115100	-0.061334
115150	-0.160313
115200	-0.216159
115250	0.126377
115300	-0.021458
115350	0.051555
115400	-0.144469
115450	0.004041
115500	0.013787
115550	-0.366388
115600	-0.057044
115650	0.064057
115700	-0.122544
115750	-0.100452
115800	0.060075
115850	-0.017274
115900	-0.196803
115950	-0.131572
116000	0.075021
116050	-0.184619
116100	0.083510
116150	0.118064
116200	-0.235063
116250	0.040688
116300	-0.024166
116350	-0.175055
116400	0.073609
116450	-0.162342
116500	-0.070259
116550	-0.185894
116600	-0.085574
116650	-0.056262
116700	0.067527
116750	0.121783
116800	0.142960
116850	0.057243
116900	0.100748
116950	0.069206
117000	-0.082324
117050	-0.077490
117100	-0.061719
117150	0.235567
117200	0.103046
117250	-0.107717
117300	-0.141992
117350	0.053839
117400	-0.089200
117450	0.003744
117500	0.092704
117550	-0.014775
117600	0.025313
117650	0.094999
117700	-0.091327
117750	0.108010
117800	-0.030758
117850	-0.037148
117900	0.183193
117950	0.193086
118000	0.070583
118050	0.010453
118100	-0.063054
118150	0.085728
118200	0.076619
118250	-0.022925
118300	0.078493
118350	-0.029080
118400	-0.187607
118450	-0.145792
118500	0.111780
118550	0.154762
118600	0.157193
118650	-0.009791
118700	-0.010902
118750	0.104233
118800	0.114166
118850	0.129321
118900	0.093381
118950	0.187760
119000	-0.186904
119050	-0.039896
119100	0.174056
119150	-0.119183
119200	-0.102440
119250	-0.053550
119300	-0.126380
119350	-0.092083
119400	-0.017091
119450	0.256348
119500	-0.070625
119550	-0.133663
119600	-0.102366
119650	0.045485
119700	0.087284
119750	0.054382
119800	-0.168832
119850	-0.309048
119900	-0.169970
119950	-0.102806
120000	-0.009254
120050	0.162064
120100	0.059803
120150	0.125178
120200	0.122601
120250	0.157159
120300	0.125931
120350	-0.068600
120400	0.111994
120450	-0.045830
120500	-0.018837
120550	0.147852
120600	0.105745
120650	0.178461
120700	-0.015813
120750	0.260036
120800	-0.045242
120850	0.010943
120900	-0.021437
120950	0.185738
121000	-0.059193
121050	-0.073601
121100	0.016230
121150	0.043726
121200	0.074507
121250	0.001074
121300	0.149820
121350	0.088431
121400	0.009495
121450	0.066314
121500	0.196111
121550	0.317726
121600	-0.255185
121650	0.125116
121700	0.052083
121750	-0.009951
121800	-0.125782
121850	-0.028952
121900	0.154387
121950	0.335370
122000	0.108470
122050	0.075155
122100	0.059564
122150	0.074677
122200	-0.049753
122250	-0.167838
122300	-0.032168
122350	-0.069876
122400	0.077515
122450	-0.147851
122500	0.198976
122550	-0.183591
122600	-0.058082
122650	-0.087201
122700	-0.115106
122750	-0.125136
122800	0.078158
122850	-0.162683
122900	-0.179695
122950	-0.043567
123000	0.186702
123050	0.200741
123100	0.100206
123150	-0.060826
123200	0.053375
123250	-0.036113
123300	-0.087278
123350	-0.027480
123400	0.105292
123450	0.091661
123500	0.089314
123550	0.057392
123600	0.007829
123650	-0.028798
123700	-0.071976
123750	0.122125
123800	-0.048365
123850	0.175798
123900	0.024398
123950	0.011250
124000	0.004954
124050	0.070189
124100	-0.148966
124150	0.088156
124200	0.153225
124250	0.123812
124300	0.061411
124350	0.144527
124400	0.058785
124450	0.078468
124500	0.076866
124550	-0.019254
124600	0.103771
124650	0.146775
124700	0.134202
124750	-0.007301
124800	0.101831
124850	-0.005275
124900	-0.186381
124950	-0.080248
125000	0.220274
125050	-0.028510
125100	0.013458
125150	0.018838
125200	0.164471
125250	-0.060066
125300	0.054697
125350	0.344680
125400	0.013727
125450	0.027714
125500	0.047665
125550	0.172633
125600	0.072368
125650	0.095042
125700	-0.020440
125750	0.008778
125800	-0.024388
125850	-0.063278
125900	-0.101676
125950	-0.152923
126000	-0.013872
126050	-0.019365
126100	0.062141
126150	0.058413
126200	-0.018808
126250	-0.032259
126300	0.096737
126350	0.054212
126400	0.104766
126450	0.152112
126500	0.070575
126550	0.029807
126600	0.057711
126650	-0.035067
126700	0.014196
126750	0.196309
126800	0.076315
126850	0.226650
126900	-0.011599
126950	0.009209
127000	-0.021560
127050	-0.001395
127100	0.142481
127150	-0.040145
127200	-0.004388
127250	-0.023767
127300	-0.089991
127350	0.143538
127400	0.005531
127450	-0.048107
127500	0.041376
127550	0.021088
127600	0.140653
127650	-0.025607
127700	-0.169190
127750	0.066807
127800	0.018193
127850	0.008690
127900	0.076368
127950	0.093869
128000	-0.167435
128050	-0.149700
128100	0.011266
128150	-0.149709
128200	0.085971
128250	0.095770
128300	-0.111648
128350	0.172624
128400	0.038929
128450	-0.103500
128500	0.098950
128550	0.091843
128600	0.028237
128650	0.015830
128700	-0.043693
128750	0.108213
128800	0.059911
128850	0.059392
128900	0.116485
128950	-0.026877
129000	-0.056352
129050	-0.003623
129100	0.001340
129150	-0.075419
129200	-0.080354
129250	0.017225
129300	-0.106398
129350	0.112028
129400	0.260050
129450	-0.075435
129500	-0.091190
129550	0.076834
129600	0.320014
129650	0.025201
129700	-0.066052
129750	0.080915
129800	0.054892
129850	0.057437
129900	0.131781
129950	-0.123391
130000	0.072504
130050	-0.049612
130100	-0.068046
130150	-0.026612
130200	0.081238
130250	0.004939
130300	-0.021564
130350	0.139147
130400	0.138618
130450	-0.024633
130500	-0.258085
130550	-0.062797
130600	-0.187125
130650	0.063699
130700	0.025255
130750	0.213649
130800	-0.048227
130850	0.062166
130900	-0.061789
130950	-0.143820
131000	-0.139422
131050	-0.198975
131100	0.035992
131150	-0.047867
131200	0.045346
131250	-0.068821
131300	-0.066515
131350	-0.082365
131400	0.173579
131450	0.079992
131500	-0.005119
131550	0.050158
131600	-0.009205
131650	0.010011
131700	0.122361
131750	0.033388
131800	0.187406
131850	0.063270
131900	-0.054250
131950	-0.025333
132000	-0.069464
132050	0.161134
132100	-0.166191
132150	0.012054
132200	-0.179276
132250	-0.145461
132300	-0.048611
132350	0.072379
132400	-0.059071
132450	0.034460
132500	-0.159280
132550	0.085131
132600	-0.007854
132650	-0.077622
132700	0.253236
132750	0.227021
132800	0.198418
132850	-0.133386
132900	0.100029
132950	-0.034994
133000	0.105428
133050	0.024664
133100	0.035271
133150	-0.066534
133200	-0.159613
133250	-0.071451
133300	-0.076667
133350	0.153939
133400	-0.049485
133450	0.010707
133500	-0.031722
133550	0.116035
133600	0.121591
133650	0.001701
133700	-0.017677
133750	0.065221
133800	0.128883
133850	0.018903
133900	0.006500
133950	-0.032372
134000	-0.167173
134050	0.042079
134100	0.002556
134150	-0.004708
134200	-0.075608
134250	-0.074290
134300	-0.191395
134350	-0.059010
134400	0.032827
134450	0.169008
134500	-0.013995
134550	0.022805
134600	0.056288
134650	-0.057145
134700	-0.079304
134750	0.217366
134800	0.010600
134850	-0.286475
134900	0.103239
134950	0.080071
135000	0.015498
135050	-0.028882
135100	0.101294
135150	-0.124168
135200	-0.066667
135250	-0.107202
135300	-0.023286
135350	0.074587
135400	-0.136018
135450	0.045059
135500	-0.059779
135550	-0.063603
135600	0.200221
135650	0.046840
135700	-0.067610
135750	-0.120638
135800	0.133483
135850	0.124738
135900	-0.109794
135950	0.007607
136000	-0.051296
136050	0.062195
136100	-0.171420
136150	0.071008
136200	-0.109850
136250	-0.325682
136300	0.044648
136350	0.287782
136400	-0.043902
136450	0.030181
136500	-0.042667
136550	-0.082222
136600	-0.010171
136650	-0.030830
136700	0.006118
136750	0.140489
136800	-0.006949
136850	-0.144712
136900	0.103984
136950	0.040278
137000	0.088850
137050	0.076098
137100	0.223958
137150	-0.043919
137200	0.247976
137250	0.015701
137300	0.209174
137350	0.111790
137400	0.034585
137450	0.077163
137500	0.081298
137550	0.039712
137600	0.056001
137650	-0.226174
137700	0.141195
137750	-0.042047
137800	-0.189057
137850	-0.294593
137900	-0.062134
137950	-0.105104
138000	0.124854
138050	0.051109
138100	-0.018795
138150	0.000338
138200	-0.140290
138250	0.136154
138300	0.070362
138350	0.109676
138400	-0.102120
138450	-0.021618
138500	-0.036403
138550	-0.036938
138600	-0.011834
138650	-0.173647
138700	-0.018696
138750	0.059242
138800	-0.052348
138850	0.026641
138900	-0.238154
138950	-0.113569
139000	-0.153924
139050	-0.196636
139100	-0.048385
139150	0.146248
139200	-0.020682
139250	-0.037645
139300	-0.037538
139350	0.057539
139400	-0.157267
139450	-0.039608
139500	0.049526
139550	-0.104746
139600	0.091153
139650	-0.041021
139700	0.011134
139750	-0.053304
139800	0.060067
139850	0.216441
139900	-0.065345
139950	0.019458
140000	0.001800
140050	-0.171534
140100	-0.025404
140150	-0.032501
140200	-0.009866
140250	-0.126875
140300	-0.108130
140350	-0.042249
140400	0.001568
140450	0.055445
140500	-0.216399
140550	-0.127692
140600	-0.071663
140650	-0.051148
140700	-0.147773
140750	0.001098
140800	0.002303
140850	-0.147125
140900	-0.020850
140950	0.059831
141000	-0.328805
141050	-0.154291
141100	-0.112780
141150	-0.153165
141200	-0.085048
141250	0.164670
141300	-0.046415
141350	-0.028005
141400	0.106983
141450	0.151382
141500	0.141428
141550	-0.060640
141600	0.052783
141650	-0.053754
141700	-0.111631
141750	-0.105153
141800	-0.200104
141850	0.050936
141900	-0.125908
141950	-0.067681
142000	-0.236810
142050	-0.159646
142100	0.010545
142150	-0.047618
142200	0.199850
142250	0.118343
142300	0.040964
142350	0.180064
142400	-0.053148
142450	0.123004
142500	0.215204
142550	0.043868
142600	0.060437
142650	0.182065
142700	-0.144123
142750	-0.024480
142800	0.098828
142850	0.116396
142900	0.065224
142950	-0.195440
143000	0.115240
143050	-0.163453
143100	0.018182
143150	-0.124284
143200	-0.016583
143250	0.034964
143300	-0.125240
143350	-0.217508
143400	-0.038522
143450	-0.011687
143500	-0.051680
143550	-0.089219
143600	-0.096361
143650	-0.170684
143700	-0.107457
143750	0.117724
143800	-0.037820
143850	-0.087272
143900	-0.047347
143950	-0.121222
144000	-0.054357
144050	0.094211
144100	0.113175
144150	0.134265
144200	-0.085553
144250	0.152317
144300	-0.141913
144350	-0.116571
144400	0.039935
144450	-0.068549
144500	-0.097177
144550	-0.166041
144600	-0.081078
144650	-0.093371
144700	-0.078674
144750	-0.138533
144800	-0.025625
144850	-0.051140
144900	-0.040104
144950	0.105350
145000	0.173336
145050	0.014215
145100	0.245206
145150	0.122753
145200	-0.066074
145250	-0.053274
145300	0.056666
145350	0.055567
145400	0.094256
145450	-0.110818
145500	0.006803
145550	-0.014111
145600	0.047948
145650	-0.082934
145700	-0.114727
145750	-0.172991
145800	0.093324
145850	0.143063
145900	-0.059583
145950	-0.023893
146000	-0.023665
146050	-0.212043
146100	-0.209571
146150	0.128657
146200	0.249000
146250	-0.121311
146300	-0.156232
146350	-0.163934
146400	-0.016043
146450	-0.002399
146500	0.052858
146550	-0.123276
146600	-0.121598
146650	0.068435
146700	0.130975
146750	-0.188139
146800	-0.090872
146850	-0.198403
146900	0.029278
146950	-0.104710
147000	0.045440
147050	0.055974
147100	0.000368
147150	0.028932
147200	0.157137
147250	0.222735
147300	0.159358
147350	0.001891
147400	0.037490
147450	0.097641
147500	0.086533
147550	-0.062286
147600	-0.008092
147650	0.059439
147700	0.014056
147750	-0.115807
147800	-0.151340
147850	0.044271
147900	0.115058
147950	0.100173
148000	0.046873
148050	-0.194903
148100	0.025671
148150	-0.013035
148200	-0.061734
148250	0.023002
148300	-0.017626
148350	0.079950
148400	-0.116853
148450	-0.133718
148500	-0.044573
148550	0.053296
148600	-0.001184
148650	-0.086248
148700	-0.069095
148750	0.035950
148800	0.077034
148850	0.094650
148900	0.085575
148950	0.134174
149000	0.148959
149050	-0.005811
149100	0.090921
149150	-0.023729
149200	0.051143
149250	-0.000509
149300	0.017253
149350	0.084159
149400	-0.106757
149450	0.259047
149500	-0.126513
149550	0.127284
149600	-0.038289
149650	-0.146505
149700	-0.101562
149750	-0.122191
149800	0.127505
149850	-0.015420
149900	0.022468
149950	-0.027190
150000	0.034007
150050	0.061595
150100	-0.039810
150150	-0.230630
150200	-0.273385
150250	0.010525
150300	0.035389
150350	0.012319
150400	0.061382
150450	0.180491
150500	0.112838
150550	-0.106711
150600	-0.008577
150650	0.128035
150700	-0.178156
150750	0.175960
150800	0.142164
150850	-0.064539
150900	0.056750
150950	-0.140543
151000	-0.045769
151050	0.006306
151100	-0.091975
151150	0.012774
151200	-0.026451
151250	-0.113333
151300	-0.042304
151350	0.102332
151400	-0.114155
151450	0.030532
151500	-0.066923
151550	0.047072
151600	0.183169
151650	-0.004452
151700	0.192721
151750	-0.064258
151800	0.100144
151850	0.017263
151900	-0.003763
151950	-0.030565
152000	-0.086580
152050	0.152356
152100	0.013070
152150	-0.115445
152200	0.003124
152250	0.064218
152300	-0.083528
152350	-0.030593
152400	0.064264
152450	0.113890
152500	0.259820
152550	0.059979
152600	0.074005
152650	-0.078162
152700	0.087225
152750	0.038988
152800	0.087761
152850	0.103489
152900	0.042594
152950	0.207809
153000	0.056329
153050	-0.118858
153100	0.132051
153150	0.168452
153200	-0.059123
153250	-0.086100
153300	-0.174923
153350	0.022151
153400	0.069893
153450	-0.090894
153500	0.001349
153550	0.260712
153600	0.136986
153650	-0.020335
153700	-0.042881
153750	0.039749
153800	0.020797
153850	-0.039085
153900	0.126403
153950	0.113617
154000	0.011621
154050	-0.044214
154100	-0.056180
154150	-0.010744
154200	-0.092769
154250	0.125942
154300	0.060624
154350	-0.127521
154400	0.006184
154450	0.083151
154500	-0.087766
154550	-0.021381
154600	0.052073
154650	0.135748
154700	0.131509
154750	0.042303
154800	0.190190
154850	0.088028
154900	-0.022397
154950	-0.164928
155000	-0.008657
155050	0.130937
155100	-0.084502
155150	-0.024882
155200	0.077926
155250	-0.081511
155300	-0.130478
155350	-0.204960
155400	0.076279
155450	-0.258332
155500	0.131176
155550	-0.052340
155600	-0.039071
155650	-0.059975
155700	0.031008
155750	-0.048884
155800	0.286381
155850	0.146853
155900	0.116637
155950	0.097623
156000	0.360010
156050	0.039473
156100	0.072125
156150	-0.081083
156200	0.078034
156250	-0.059739
156300	0.024247
156350	0.026973
156400	-0.007813
156450	0.092072
156500	-0.084398
156550	0.104805
156600	0.187033
156650	0.059540
156700	-0.025381
156750	-0.157907
156800	-0.006680
156850	0.060318
156900	-0.123978
156950	0.005344
157000	-0.097265
157050	0.024260
157100	-0.214048
157150	0.111297
157200	-0.017893
157250	0.045259
157300	0.271913
157350	0.243607
157400	0.101940
157450	0.016380
157500	0.088993
157550	0.154818
157600	-0.055468
157650	0.027765
157700	0.198556
157750	-0.037153
157800	-0.151568
157850	0.077186
157900	-0.034752
157950	0.085798
158000	0.030426
158050	0.174107
158100	0.114108
158150	-0.222582
158200	0.052359
158250	-0.180207
158300	0.209550
158350	-0.006997
158400	0.020137
158450	0.038658
158500	-0.078889
158550	0.076302
158600	-0.022313
158650	-0.105940
158700	-0.145001
158750	0.019788
158800	-0.000602
158850	0.128147
158900	0.144724
158950	-0.019977
159000	0.179014
159050	-0.126266
159100	0.147202
159150	0.035350
159200	0.150959
159250	-0.025030
159300	0.019432
159350	-0.021198
159400	0.014881
159450	-0.040839
159500	-0.162605
159550	0.016491
159600	0.288382
159650	0.077870
159700	-0.068268
159750	0.285646
159800	-0.064588
159850	0.028438
159900	-0.016468
159950	0.243898
160000	0.048187
160050	0.067104
160100	0.015688
160150	0.082004
160200	0.153733
160250	-0.097799
160300	0.075978
160350	-0.137946
160400	0.215627
160450	0.025426
160500	-0.006617
160550	-0.180457
160600	-0.165444
160650	0.131007
160700	0.194384
160750	0.070466
160800	0.042605
160850	0.118048
160900	0.129229
160950	-0.018819
161000	-0.133920
161050	-0.006718
161100	0.144190
161150	0.305982
161200	0.039430
161250	0.000788
161300	0.012205
161350	0.006758
161400	-0.068294
161450	0.191302
161500	0.099118
161550	0.030238
161600	-0.197006
161650	0.139688
161700	0.202080
161750	0.119285
161800	0.020142
161850	-0.086705
161900	-0.061743
161950	0.152211
162000	0.170434
162050	-0.064911
162100	-0.107086
162150	-0.094336
162200	-0.033278
162250	0.010862
162300	-0.068157
162350	-0.056875
162400	0.129783
162450	0.046338
162500	0.066567
162550	0.140996
162600	0.155855
162650	0.207728
162700	-0.078802
162750	-0.026609
162800	0.142326
162850	0.196093
162900	-0.063355
162950	-0.052663
163000	0.193206
163050	-0.118523
163100	0.186954
163150	-0.090527
163200	-0.038386
163250	0.202533
163300	-0.132804
163350	-0.012683
163400	-0.095267
163450	-0.228802
163500	0.146587
163550	0.069295
163600	0.041657
163650	-0.129404
163700	0.022462
163750	-0.057160
163800	0.232548
163850	-0.039834
163900	-0.099469
163950	-0.085356
164000	0.134249
164050	-0.050665
164100	0.083705
164150	-0.004400
164200	0.056762
164250	0.107581
164300	-0.108173
164350	0.054143
164400	0.244891
164450	0.154091
164500	0.009327
164550	0.109215
164600	-0.065815
164650	0.016460
164700	0.052971
164750	0.063670
164800	-0.040932
164850	-0.159637
164900	-0.186257
164950	-0.063049
165000	-0.111299
165050	0.023959
165100	0.097133
165150	-0.020020
165200	0.088381
165250	-0.156926
165300	-0.153392
165350	-0.079228
165400	0.050043
165450	0.008236
165500	0.055954
165550	0.039530
165600	0.162836
165650	0.152323
165700	-0.016832
165750	-0.056017
165800	-0.319557
165850	0.164371
165900	0.162403
165950	-0.017230
166000	-0.129267
166050	-0.023870
166100	0.079736
166150	-0.205734
166200	0.052275
166250	-0.087130
166300	0.203931
166350	0.235200
166400	-0.013310
166450	-0.006690
166500	-0.096071
166550	-0.091366
166600	0.001347
166650	0.011126
166700	-0.026762
166750	-0.187506
166800	-0.076656
166850	0.154487
166900	0.016763
166950	0.017278
167000	-0.109008
167050	-0.092809
167100	-0.090378
167150	0.167689
167200	0.020713
167250	-0.129894
167300	0.020037
167350	-0.013668
167400	0.123647
167450	0.015912
167500	-0.018400
167550	0.016689
167600	0.038750
167650	0.030366
167700	0.058035
167750	-0.100270
167800	-0.001047
167850	-0.111601
167900	0.070930
167950	-0.112864
168000	0.058899
168050	0.101616
168100	-0.027550
168150	0.116185
168200	0.084092
168250	0.074380
168300	-0.105839
168350	-0.007508
168400	0.023632
168450	-0.059674
168500	-0.243654
168550	-0.123651
168600	0.040709
168650	-0.024616
168700	-0.104547
168750	0.127764
168800	0.294453
168850	0.046159
168900	-0.219983
168950	0.002314
169000	0.046972
169050	-0.107551
169100	-0.193088
169150	-0.002929
169200	0.301726
169250	-0.025558
169300	0.147562
169350	0.086099
169400	0.076236
169450	-0.179397
169500	0.004378
169550	0.091261
169600	-0.151273
169650	-0.121483
169700	-0.266104
169750	0.139950
169800	0.007623
169850	-0.091434
169900	-0.131890
169950	-0.082747
170000	-0.087298
170050	-0.003414
170100	-0.109441
170150	0.036747
170200	-0.025683
170250	-0.086308
170300	-0.139531
170350	0.099938
170400	-0.074930
170450	-0.153945
170500	-0.058487
170550	-0.010770
170600	0.012958
170650	-0.047266
170700	-0.210753
170750	0.007826
170800	0.046508
170850	0.069744
170900	0.030688
170950	0.099710
171000	-0.217142
171050	-0.089262
171100	0.019168
171150	-0.017447
171200	-0.017130
171250	0.174510
171300	-0.122361
171350	-0.118627
171400	-0.107791
171450	0.108664
171500	-0.133081
171550	0.059210
171600	0.058160
171650	0.060967
171700	-0.103812
171750	-0.085357
171800	0.079235
171850	-0.090910
171900	-0.291049
171950	0.001868
172000	0.102072
172050	0.120442
172100	-0.062544
172150	0.037366
172200	0.038643
172250	0.303088
172300	-0.056094
172350	0.020987
172400	-0.307398
172450	0.065751
172500	-0.104122
172550	0.123017
172600	-0.017976
172650	-0.177344
172700	0.067548
172750	-0.064634
172800	0.024015
172850	0.169188
172900	0.056330
172950	-0.136222
173000	0.156952
173050	-0.009541
173100	0.045792
173150	0.138541
173200	0.095358
173250	0.051058
173300	0.046484
173350	0.082800
173400	0.073686
173450	0.121961
173500	-0.091061
173550	0.032453
173600	-0.006276
173650	-0.069433
173700	-0.110444
173750	-0.075565
173800	-0.010940
173850	0.158534
173900	0.061416
173950	-0.261676
174000	0.026410
174050	0.055278
174100	-0.048865
174150	-0.062303
174200	0.007416
174250	0.023194
174300	0.053206
174350	-0.173889
174400	0.134466
174450	0.129027
174500	0.217643
174550	0.055845
174600	0.044128
174650	0.052968
174700	-0.032822
174750	0.023530
174800	-0.070604
174850	-0.082427
174900	0.007622
174950	-0.320838
175000	-0.142695
175050	0.101476
175100	-0.050535
175150	-0.014262
175200	-0.146071
175250	0.219381
175300	-0.201415
175350	-0.060833
175400	-0.016500
175450	0.018290
175500	0.071737
175550	0.005541
175600	-0.147194
175650	0.016441
175700	0.069650
175750	0.004430
175800	0.112075
175850	0.047385
175900	-0.046361
175950	-0.168470
176000	-0.026672
176050	0.012955
176100	-0.131282
176150	-0.224700
176200	-0.232417
176250	0.108270
176300	0.059108
176350	0.062869
176400	0.048332
176450	0.115974
176500	-0.190338
176550	-0.008348
176600	0.007724
176650	-0.003832
176700	0.069137
176750	0.018016
176800	0.174914
176850	-0.044244
176900	0.029625
176950	-0.023180
177000	0.006583
177050	-0.217822
177100	-0.199741
177150	-0.130345
177200	0.095357
177250	0.144125
177300	0.219465
177350	0.069452
177400	0.081611
177450	-0.068662
177500	0.104729
177550	0.125383
177600	0.175971
177650	-0.070310
177700	0.000126
177750	0.067654
177800	-0.173522
177850	-0.044175
177900	-0.075292
177950	0.012076
178000	-0.195955
178050	0.134049
178100	-0.078423
178150	-0.075393
178200	-0.133388
178250	-0.121899
178300	0.011301
178350	0.016352
178400	-0.142692
178450	-0.027044
178500	-0.124683
178550	0.019898
178600	-0.073184
178650	-0.013405
178700	0.071500
178750	0.152427
178800	0.051635
178850	-0.055895
178900	0.104389
178950	0.114286
179000	-0.081424
179050	0.121979
179100	-0.100533
179150	0.018094
179200	0.101608
179250	0.070001
179300	-0.163634
179350	0.082044
179400	0.054635
179450	-0.068843
179500	-0.017023
179550	0.101738
179600	0.228323
179650	0.176349
179700	0.114507
179750	-0.048551
179800	0.050653
179850	-0.015603
179900	-0.028520
179950	0.147444
180000	-0.060160
180050	-0.187647
180100	-0.160477
180150	-0.034686
180200	-0.133300
180250	0.116659
180300	-0.033066
180350	-0.036108
180400	0.039155
180450	-0.128849
180500	0.000911
180550	-0.103547
180600	-0.208771
180650	0.074035
180700	-0.088656
180750	0.019348
180800	0.013028
180850	0.066885
180900	-0.006716
180950	0.025141
181000	0.037790
181050	-0.169782
181100	-0.058462
181150	0.042763
181200	-0.109292
181250	-0.106651
181300	0.031788
181350	0.071666
181400	0.002435
181450	-0.154281
181500	-0.010716
181550	-0.031086
181600	0.122520
181650	0.085349
181700	0.026328
181750	0.089656
181800	0.017630
181850	-0.018872
181900	-0.031307
181950	-0.006006
182000	-0.033908
182050	0.164979
182100	0.160464
182150	-0.011553
182200	-0.129312
182250	0.067762
182300	-0.010518
182350	0.101458
182400	0.017343
182450	-0.039261
182500	0.069692
182550	-0.042191
182600	0.197322
182650	0.167260
182700	-0.135475
182750	-0.169030
182800	-0.022216
182850	-0.001470
182900	0.035508
182950	-0.106272
183000	0.038457
183050	-0.052223
183100	0.025982
183150	0.023568
183200	-0.044552
183250	-0.091437
183300	0.273371
183350	-0.041860
183400	-0.096029
183450	0.036681
183500	0.112722
183550	-0.265893
183600	-0.133365
183650	0.126896
183700	0.043905
183750	0.063258
183800	-0.040719
183850	0.137266
183900	0.000420
183950	-0.102699
184000	-0.081634
184050	-0.116182
184100	-0.086397
184150	0.085300
184200	0.009812
184250	-0.024088
184300	-0.054424
184350	-0.177366
184400	0.047507
184450	0.063361
184500	0.076459
184550	-0.024575
184600	0.040624
184650	0.158850
184700	0.024737
184750	0.034908
184800	0.075530
184850	0.011641
184900	-0.101836
184950	0.059619
185000	-0.078741
185050	-0.137516
185100	0.076814
185150	-0.014080
185200	-0.005780
185250	-0.202864
185300	0.155069
185350	0.073556
185400	-0.058870
185450	-0.005151
185500	-0.000639
185550	0.091199
185600	-0.021968
185650	0.153250
185700	0.148403
185750	-0.006550
185800	0.020941
185850	0.107908
185900	0.083510
185950	0.154011
186000	0.046254
186050	0.022248
186100	0.049261
186150	-0.112398
186200	0.144671
186250	0.224918
186300	0.043593
186350	-0.064755
186400	-0.069134
186450	0.020382
186500	0.055754
186550	-0.078399
186600	0.070514
186650	0.051016
186700	0.105979
186750	0.240419
186800	0.036423
186850	0.004877
186900	-0.033830
186950	0.040323
187000	-0.108485
187050	0.189748
187100	0.011639
187150	-0.146634
187200	-0.086967
187250	0.080506
187300	0.064165
187350	-0.024605
187400	0.298293
187450	-0.073993
187500	0.106626
187550	-0.040877
187600	-0.118655
187650	-0.048569
187700	0.048809
187750	0.013408
187800	0.085729
187850	0.088211
187900	0.002407
187950	0.125891
188000	-0.031371
188050	0.094920
188100	-0.065072
188150	0.106310
188200	0.037754
188250	-0.137935
188300	-0.052167
188350	0.080273
188400	-0.090065
188450	0.061201
188500	-0.155979
188550	-0.023798
188600	0.049400
188650	0.033294
188700	-0.098139
188750	0.194223
188800	-0.134544
188850	0.091991
188900	0.145899
188950	0.146383
189000	-0.142640
189050	-0.126399
189100	-0.033928
189150	0.080832
189200	0.012188
189250	0.094657
189300	0.155435
189350	0.011182
189400	-0.149386
189450	-0.081620
189500	0.145209
189550	0.103537
189600	0.055340
189650	0.088942
189700	0.113450
189750	0.083954
189800	-0.051701
189850	0.206676
189900	-0.120886
189950	0.058963
190000	0.072439
190050	0.213302
190100	0.133336
190150	-0.044448
190200	0.146720
190250	0.081000
190300	0.008099
190350	-0.003240
190400	-0.152495
190450	-0.145325
190500	0.168246
190550	0.053133
190600	-0.058104
190650	-0.093749
190700	-0.248343
190750	-0.078120
190800	-0.215345
190850	0.011027
190900	-0.009827
190950	0.006885
191000	0.146882
191050	0.041313
191100	0.094547
191150	-0.114246
191200	-0.075826
191250	-0.089522
191300	-0.065036
191350	-0.073951
191400	0.107069
191450	-0.064226
191500	-0.068587
191550	-0.156070
191600	-0.015762
191650	-0.007107
191700	-0.073758
191750	-0.055301
191800	0.049921
191850	-0.035853
191900	-0.112367
191950	-0.173340
192000	-0.121645
192050	-0.024966
192100	-0.108831
192150	-0.035581
192200	0.023767
192250	-0.031581
192300	0.076060
192350	-0.174324
192400	-0.174301
192450	-0.073788
192500	0.124638
192550	-0.174458
192600	0.013626
192650	0.275489
192700	-0.053028
192750	-0.044904
192800	0.068738
192850	0.056962
192900	0.065061
192950	0.114206
193000	-0.114193
193050	0.050013
193100	-0.157281
193150	0.081161
193200	-0.221037
193250	0.096017
193300	0.118619
193350	0.086610
193400	-0.099848
193450	-0.171258
193500	-0.068036
193550	0.053129
193600	0.038196
193650	0.071392
193700	0.088122
193750	0.092248
193800	0.133467
193850	0.147156
193900	0.052230
193950	0.045202
194000	0.091579
194050	-0.076149
194100	-0.006205
194150	-0.121058
194200	-0.056435
194250	-0.004798
194300	0.054835
194350	-0.057053
194400	-0.086030
194450	-0.122590
194500	0.030024
194550	-0.250673
194600	0.063262
194650	0.185980
194700	-0.115647
194750	0.198341
194800	-0.069600
194850	0.181255
194900	0.042441
194950	-0.063629
195000	0.018280
195050	-0.077703
195100	-0.005343
195150	-0.013102
195200	0.085852
195250	0.068516
195300	0.178804
195350	0.235899
195400	0.085812
195450	0.159005
195500	-0.120377
195550	-0.157240
195600	-0.115800
195650	0.097582
195700	0.032692
195750	0.023050
195800	-0.017907
195850	0.101720
195900	-0.158812
195950	-0.149501
196000	0.044314
196050	0.105768
196100	0.004644
196150	0.005783
196200	0.012287
196250	-0.090519
196300	0.111809
196350	-0.049807
196400	0.090490
196450	0.013991
196500	-0.102593
196550	0.090961
196600	0.073917
196650	0.001061
196700	0.027831
196750	0.045967
196800	0.045545
196850	-0.082537
196900	-0.070560
196950	0.004353
197000	-0.006953
197050	0.138171
197100	0.028751
197150	0.052483
197200	0.175545
197250	0.103904
197300	-0.104868
197350	0.002207
197400	0.005166
197450	0.014850
197500	-0.071425
197550	-0.035449
197600	-0.173051
197650	-0.054856
197700	-0.229035
197750	0.039732
197800	0.026055
197850	-0.065016
197900	0.049110
197950	0.068051
198000	0.056460
198050	-0.134195
198100	0.074397
198150	0.021441
198200	-0.064404
198250	-0.077732
198300	0.008774
198350	-0.044731
198400	0.102706
198450	0.106174
198500	0.028263
198550	0.065343
198600	0.067593
198650	-0.039522
198700	0.150748
198750	-0.027200
198800	0.048310
198850	0.060137
198900	0.165984
198950	0.043792
199000	-0.023788
199050	0.048762
199100	-0.167038
199150	-0.224410
199200	-0.064369
199250	-0.070784
199300	-0.122217
199350	0.032083
199400	0.101775
199450	0.083613
199500	-0.027970
199550	0.091535
199600	0.246986
199650	-0.148317
199700	0.154884
199750	0.113348
199800	0.086264
199850	0.025336
199900	-0.006581
199950	0.032318
