2.623084
0.695305
0.650730
0.468503
0.284251
0.176627
0.284972
0.292475
0.194534
0.194610
0.149122
0.143643
0.115613
0.079206
0.061530
0.033862
0.046212
0.107525
0.174165
0.091660
0.066382
0.206006
0.112909
0.057947
0.067814
0.117587
0.041276
0.025896
0.011310
0.091460
0.098134
0.065329
0.037120
0.077096
-0.008533
0.030978
0.156660
0.051618
-0.033698
0.071106
0.027685
-0.060428
0.029375
0.022416
0.139962
0.081264
0.020245
0.027759
0.020836
0.074771
0.037735
0.036235
0.105091
0.038999
0.025543
0.015859
0.065393
0.177239
0.121912
0.040439
0.039050
0.139525
0.100118
0.139080
0.063683
-0.024137
0.125757
-0.011493
0.075572
0.168746
0.061187
0.136924
-0.061710
-0.035927
-0.002850
-0.018553
-0.028623
0.012017
-0.043838
0.074739
0.096060
0.016208
-0.045406
-0.030289
-0.020564
0.050450
0.010175
0.010117
0.006361
-0.026818
0.022102
0.071624
0.043884
0.061251
0.037782
0.031042
-0.095466
-0.041282
0.096852
0.036923
-0.053953
0.003938
0.024714
0.097586
0.089684
0.031531
0.062274
-0.009540
0.004888
0.108718
0.072674
0.128592
0.074896
0.038626
0.049866
0.194046
0.065296
0.088920
0.116049
0.108004
0.059492
0.065471
0.037582
-0.033399
0.032972
0.119770
0.054054
0.139432
0.125639
0.030642
0.123909
0.087474
-0.055130
0.069186
0.060970
-0.036151
-0.019692
0.057342
0.056654
0.066214
0.088500
0.000427
0.128522
0.074843
0.072558
0.113241
-0.022130
0.089486
0.116320
0.095162
0.113261
0.056769
0.085648
0.132944
0.091279
0.024824
0.034097
0.023749
0.006074
-0.041817
-0.017358
0.040495
-0.053256
0.093181
0.078815
0.065228
0.063344
-0.000723
0.023185
-0.045486
0.026440
0.061411
0.109526
0.019023
0.005431
0.056038
-0.024681
0.051691
0.108819
0.036730
0.007416
0.016253
0.096971
0.009250
0.002169
0.015899
0.024624
0.078241
-0.009861
-0.044727
-0.020466
0.001208
0.022826
0.042577
0.016383
-0.019237
-0.036998
0.070345
0.043005
-0.024252
0.032754
0.117463
0.059531
0.051336
0.023373
0.008890
-0.003418
0.079269
0.055299
0.003326
0.098990
0.020488
0.074191
-0.007474
-0.087863
0.044876
0.013326
0.056829
0.061938
-0.033830
-0.118325
0.034024
-0.082454
-0.063782
0.075831
0.037635
-0.050948
0.036281
0.026644
-0.087144
-0.062759
-0.017103
0.057990
-0.018135
0.000626
-0.048735
-0.024006
-0.031948
0.054156
-0.004748
-0.020727
-0.002857
0.032187
-0.060388
-0.036495
0.006425
-0.021143
-0.042545
0.025752
0.034383
-0.042988
-0.031944
-0.038321
-0.010056
-0.027834
-0.066906
-0.050782
-0.030307
0.044669
0.092082
0.034319
-0.021764
0.011718
-0.052490
-0.074630
0.019112
0.034752
-0.093699
0.032160
0.106238
0.010627
0.043359
0.011819
0.052644
-0.052019
0.068164
0.095096
-0.001678
0.034744
0.031629
-0.035563
-0.072724
-0.054283
-0.018356
-0.039216
-0.062418
0.046712
-0.007308
-0.009684
0.061326
-0.030499
-0.010229
0.055203
-0.067863
-0.005557
-0.056263
0.010871
0.057950
-0.005561
-0.031173
0.031706
-0.043144
0.000115
-0.021175
-0.066437
0.029625
0.004772
0.101747
0.049174
0.002360
-0.004090
-0.025880
0.048787
-0.003558
-0.014921
-0.047940
0.023646
0.037498
0.039683
-0.019743
-0.030972
-0.000895
0.014553
0.062304
-0.001318
0.054622
0.035687
0.015819
0.024984
-0.038252
-0.047228
0.057282
-0.023513
0.000399
-0.007441
0.075543
0.056597
-0.022487
0.084888
0.057610
-0.026397
0.062838
0.071020
0.037171
0.032505
0.029257
-0.021835
-0.005034
-0.052828
-0.004273
0.053158
-0.004939
-0.045705
0.008153
0.031497
-0.052833
0.073661
0.089918
0.047251
0.044446
0.048577
0.014588
-0.068622
0.004117
-0.080989
0.023078
0.076950
-0.040618
-0.014341
-0.021670
0.081426
0.073300
0.006340
-0.002507
0.029944
0.090384
0.027788
0.011848
-0.013799
0.005263
0.030973
0.051241
0.060425
0.051680
0.036356
0.042003
0.095274
-0.023273
0.015605
0.058567
-0.067009
0.044218
0.046831
-0.001877
0.034288
0.112066
0.120307
0.022995
0.077525
0.081357
0.034646
0.027239
0.025696
0.011961
0.039133
0.045327
0.037065
0.023832
0.018800
0.027574
0.023762
-0.011530
0.048758
0.100376
0.047945
0.006956
0.032560
0.035493
0.027489
-0.002738
0.002871
0.011142
-0.022815
0.049178
0.048573
0.034382
-0.001189
0.029840
0.024291
0.040823
-0.017216
0.062377
0.065537
-0.033076
-0.006150
-0.004182
-0.045222
0.020163
-0.018192
-0.040843
-0.044703
-0.038141
-0.037671
0.051091
0.080389
-0.063313
0.064385
0.021914
0.022574
0.096466
0.065827
0.032788
-0.011532
0.038896
0.063359
-0.019134
-0.001688
0.075292
0.040799
0.037199
-0.023656
0.006029
0.028657
-0.034615
-0.022766
-0.037079
-0.065738
0.109958
0.018775
-0.069652
0.030139
-0.011187
-0.020970
0.027181
-0.001174
0.101487
0.039736
0.037478
-0.013986
-0.050021
0.011782
0.064256
0.026856
0.024741
0.034458
0.071748
0.018066
0.010127
0.079440
-0.004566
0.030752
0.061135
0.089445
0.058157
0.042005
0.085117
0.044683
0.121740
-0.029434
0.007029
0.038207
0.060238
-0.007420
-0.044527
-0.007146
-0.014658
-0.000140
-0.006422
0.132584
0.025595
-0.050672
0.000224
-0.063397
-0.050323
0.002741
0.065432
0.056313
-0.034480
-0.006013
-0.006143
-0.022521
-0.024088
-0.030486
0.008234
0.100536
0.002222
-0.013562
0.062407
0.041374
0.054817
0.012609
0.006575
-0.009627
0.006657
0.064249
0.045600
0.039858
0.066495
0.012254
0.040513
0.069200
0.061646
-0.002999
0.038480
-0.008089
0.022644
0.041140
0.011099
0.068075
0.038709
0.087188
0.039195
0.039629
-0.000873
0.024076
0.022819
0.044869
0.107979
0.019348
0.034443
0.045144
-0.007636
0.058182
0.008943
-0.051433
0.032340
0.062252
0.046043
0.005867
-0.036699
0.063818
0.008124
-0.017088
-0.061475
0.001565
-0.026587
0.031670
0.066688
-0.031028
0.015985
0.066909
0.091387
0.051610
-0.039340
0.031535
0.007579
0.004476
0.063617
0.000775
-0.015908
0.064595
0.037842
0.070510
0.047452
0.060941
0.067783
0.075248
0.001862
-0.025144
0.121333
0.111320
0.037018
0.040356
0.023922
0.000249
0.011069
0.048951
0.089563
0.050416
-0.038315
0.070701
0.020677
-0.065396
0.016047
0.024823
0.061441
0.149039
0.041242
-0.079932
-0.001279
0.081168
0.001120
0.079857
0.003605
0.009397
0.048900
-0.079382
-0.006716
0.033166
-0.054814
0.010746
0.044758
-0.072911
-0.059384
-0.045615
-0.027756
-0.045601
0.050266
0.072535
-0.020559
-0.016444
0.005705
0.063183
0.022101
0.053175
0.003429
-0.010320
0.112124
0.045703
0.033672
0.097566
0.073021
0.032780
0.008550
0.036839
0.003031
0.107552
0.068324
0.003846
0.044762
0.025238
0.061828
0.013907
0.005735
-0.025288
-0.021586
-0.061149
0.035076
0.042726
-0.037709
-0.047793
0.024417
0.011551
-0.013700
0.030651
0.031074
-0.053474
-0.011478
0.063737
0.133433
0.001776
0.038451
0.057233
0.004897
-0.010033
-0.017945
-0.023810
0.047067
-0.003607
0.014242
0.015529
-0.049979
0.021190
-0.034379
-0.008294
-0.065765
-0.093515
0.068175
-0.002249
-0.048590
0.035591
-0.027829
-0.096851
-0.014934
0.126417
0.010155
0.050299
0.069276
-0.064664
0.010369
0.060865
-0.002273
-0.043622
-0.007372
-0.034809
-0.052089
-0.006796
0.068435
0.030883
-0.046656
0.069144
0.135919
0.016756
0.025348
0.008154
-0.078055
0.061361
-0.048100
0.016743
-0.016064
-0.070862
-0.010206
-0.007758
-0.001515
-0.001123
0.046250
-0.020181
0.109324
0.069201
-0.128220
0.006288
0.043875
-0.040450
-0.054726
-0.071214
-0.004539
-0.019291
-0.062662
-0.005861
-0.021294
-0.000695
0.043752
-0.011320
0.039081
0.019925
-0.082319
-0.018789
-0.002064
0.071309
0.003499
-0.021169
0.060649
-0.128235
-0.075501
-0.059662
-0.095508
-0.050341
-0.020701
0.017116
0.020069
-0.040595
-0.082107
0.032331
0.036643
0.095092
0.057075
0.030664
-0.044236
-0.074300
0.001549
0.005191
0.021653
-0.053675
-0.034593
-0.024395
-0.019036
-0.018747
0.015548
0.034488
0.017993
0.010257
-0.066423
-0.017338
-0.053501
-0.028153
-0.083594
-0.031570
0.034285
-0.093986
-0.055619
0.034157
0.009229
0.009916
0.025560
0.095102
0.064101
0.021324
0.013219
0.066287
-0.014620
-0.005179
0.085855
0.074538
0.061498
0.098789
0.060188
0.003325
0.038196
0.043434
0.036897
0.048689
0.123652
0.110831
0.033374
0.031796
0.039346
0.092201
0.102971
0.090432
0.023091
0.035925
0.091963
0.000768
0.024999
0.021813
-0.009619
-0.026564
-0.013040
0.085870
0.001397
-0.020122
-0.005964
-0.045239
-0.003398
-0.006366
-0.000727
0.072774
0.033409
-0.014363
0.004221
0.029499
-0.000362
-0.019925
-0.006241
0.010050
-0.025634
0.060404
0.033654
0.073143
0.028842
-0.025637
0.051292
-0.021028
0.018333
-0.004169
0.016513
0.040678
-0.016450
-0.020235
-0.031844
0.008300
-0.023294
0.021920
0.010089
0.001645
-0.023939
0.051334
0.025694
0.031704
0.050438
-0.056311
-0.031832
0.072123
-0.050572
-0.091549
0.037321
-0.004988
-0.047093
0.030805
0.020316
0.044235
0.124109
0.150187
0.014955
0.010018
0.051053
0.073993
-0.008019
0.028966
0.108174
0.031863
0.057921
0.109704
0.067454
0.068090
-0.004050
0.113431
0.072668
0.000591
0.000619
0.033078
0.034822
0.014104
0.120543
0.072883
-0.068614
-0.083911
0.113232
-0.070331
-0.006911
0.130967
0.017348
0.019913
0.032572
0.035943
0.012194
-0.019365
0.048879
0.010503
-0.004165
0.012020
-0.000658
0.005878
-0.019911
-0.041323
0.024246
-0.011467
-0.037515
0.050395
0.019514
-0.085314
-0.087440
-0.008194
-0.037879
0.033873
0.123324
-0.068498
-0.120790
-0.045108
-0.037176
0.042751
0.087312
0.029034
0.029303
0.002592
-0.010395
0.008520
-0.026435
0.041647
0.072162
0.040884
-0.030782
0.011035
0.021671
0.034795
0.007746
0.030588
-0.041139
-0.056035
-0.002027
0.086845
-0.053869
0.008669
-0.051530
-0.091785
0.024095
-0.000952
-0.019855
-0.068644
-0.001705
0.059819
0.045133
0.037730
0.023069
0.022631
0.048055
-0.021639
-0.108262
0.148763
0.067077
0.007625
0.057253
0.049861
0.002292
-0.053919
-0.073486
-0.034750
0.010613
-0.040031
0.041763
-0.030328
-0.066218
0.044195
0.013732
-0.019761
0.034767
0.014131
0.012001
-0.009215
-0.030469
0.046826
-0.023269
-0.058164
0.069498
-0.000536
-0.045858
-0.068065
-0.044923
-0.002773
-0.048653
0.035711
0.103776
0.042255
0.062004
-0.001021
-0.038382
-0.026954
0.023697
0.051730
0.062202
-0.001628
-0.048265
-0.036862
0.021029
0.083151
-0.027108
-0.039530
0.125075
0.038452
-0.001318
0.011808
-0.001792
-0.023332
-0.039046
-0.002371
0.013034
-0.017874
-0.054367
0.005934
-0.002756
-0.074594
0.005599
-0.033163
-0.078454
0.005384
0.034906
-0.024053
0.072688
-0.009119
0.007574
0.114921
-0.031030
0.059126
0.095530
-0.023519
0.062095
0.092529
0.022171
0.012407
-0.071252
0.001994
-0.019918
-0.085209
-0.007685
-0.049228
-0.127887
0.034764
0.012297
0.082332
0.074146
0.023799
0.068372
-0.016100
0.038132
0.062550
-0.028601
-0.056818
0.051359
-0.005369
-0.011844
-0.011704
-0.023886
0.027395
-0.042207
0.027766
0.032434
0.023128
0.061190
0.054272
0.056450
0.019136
0.040688
0.051367
0.061299
0.079996
0.027576
0.019553
0.010099
0.051689
-0.006243
-0.041522
0.041966
0.080371
0.066775
-0.007543
0.038041
0.079661
-0.018425
0.051904
0.101895
-0.093796
-0.027583
-0.005877
0.011136
0.045746
-0.046808
0.006359
0.072663
0.043558
0.069471
-0.012300
-0.055447
-0.070457
0.049848
-0.087514
-0.031299
0.000339
-0.005620
0.004897
0.058970
0.091252
0.021748
-0.014368
-0.013401
-0.043084
-0.087241
-0.024103
0.001270
-0.009376
0.005552
-0.001277
0.020268
0.080334
0.028948
0.057294
-0.065092
-0.032958
0.016624
-0.015214
-0.031374
-0.105267
0.018068
0.029168
-0.058837
0.003378
-0.006595
0.020540
0.039806
0.033662
-0.021408
0.029730
0.023274
-0.001311
-0.034829
-0.000492
-0.076243
-0.072597
0.012774
0.023778
0.055544
-0.016207
0.078452
0.022457
0.007179
-0.010846
-0.001327
0.018483
0.011264
0.031321
-0.099207
-0.030451
0.005859
-0.081691
-0.018967
0.037142
0.061232
0.044796
-0.053831
-0.074576
0.035306
0.012495
0.000911
0.100763
0.004595
0.005525
0.032197
0.029170
-0.020740
0.010645
0.040544
0.026408
0.088066
0.058676
-0.032777
0.031107
0.034752
-0.005434
0.014326
0.045637
0.035373
0.064207
0.061653
0.042910
0.026217
-0.013511
-0.064744
-0.007375
0.036657
0.008205
-0.018408
0.085362
-0.005772
-0.067911
0.027969
0.021526
0.024833
0.068828
0.101780
0.006388
0.030645
0.048226
0.050873
0.076056
-0.027136
-0.016187
0.019969
0.068207
0.023895
0.008933
0.073193
-0.045047
0.006408
0.047957
0.040430
0.048623
0.002879
0.034503
0.011115
-0.120589
-0.088909
0.016402
-0.032059
-0.027448
0.003635
0.007148
0.008135
0.006991
-0.041363
-0.116615
-0.007085
0.026210
-0.039332
0.008728
-0.051020
0.026530
-0.059676
-0.035675
0.015729
0.063605
-0.027213
-0.003099
-0.030610
-0.025941
-0.025029
-0.082334
0.036619
0.040846
-0.063974
0.030033
0.010866
-0.004278
0.055563
-0.083469
-0.003297
0.134928
0.064726
0.072783
0.058603
-0.006377
0.007123
0.052382
-0.013591
0.076354
-0.015345
0.036841
-0.027492
0.012300
0.049776
-0.051353
-0.017598
0.000692
0.046876
0.024440
0.013569
-0.030074
-0.038474
-0.016522
-0.005781
-0.042847
0.017043
0.024382
0.025783
0.002332
-0.011251
0.021499
-0.083116
-0.042514
-0.031083
0.017079
-0.057265
-0.034883
-0.006944
-0.002303
-0.016223
-0.012212
0.056713
0.074647
0.077459
-0.060728
0.010212
0.026563
-0.095290
0.014012
-0.036477
0.008513
0.010739
-0.016307
0.000974
-0.063466
0.037254
-0.015859
-0.029039
0.055300
-0.058228
0.013439
-0.006440
0.017434
0.057244
0.021010
0.012291
0.041655
-0.063734
-0.092582
-0.072544
-0.098195
-0.089816
-0.027083
-0.020070
-0.003264
0.031021
-0.047168
-0.037475
0.037960
-0.052607
0.006695
-0.085231
-0.068622
0.008511
0.013516
-0.022124
0.031591
0.010261
-0.005698
-0.027772
0.103814
0.087610
0.029943
0.039001
-0.028809
-0.000986
0.013330
-0.007786
0.034021
0.034065
-0.040566
-0.017715
-0.033652
0.062819
0.013839
-0.044697
0.091811
0.029715
-0.001861
0.096576
0.045153
0.032201
0.023845
0.063260
0.066501
0.017296
-0.016202
0.116808
0.035423
0.034847
0.048318
-0.055685
-0.035418
-0.059611
-0.040725
0.031958
0.031637
-0.020383
-0.005511
0.101501
-0.072444
0.017500
-0.027498
-0.011745
0.036869
-0.016522
-0.028848
-0.017755
0.017012
0.044804
-0.000554
0.118215
0.104286
0.073283
0.185424
0.131584
-0.000138
0.056586
0.060493
0.014423
-0.004609
0.053452
0.019221
-0.025867
0.019836
0.053913
0.025348
0.082794
0.024578
0.067517
0.045460
0.029506
0.014815
-0.047425
-0.037772
0.005017
-0.011477
0.002793
-0.056305
-0.013188
0.070616
0.036766
0.002356
0.079335
0.013601
-0.056370
0.033688
-0.037140
-0.007518
-0.008576
0.098289
0.048472
0.028161
0.044008
-0.059688
-0.000487
0.046274
-0.011302
0.020626
-0.036339
-0.049834
-0.059395
-0.013628
0.015258
-0.009653
0.015340
0.066039
-0.032393
-0.057580
-0.029216
0.014900
-0.026462
-0.048496
-0.089449
-0.003348
0.013108
-0.003794
0.047523
-0.014723
-0.127829
0.038100
0.033160
-0.000168
0.083246
0.038265
0.014383
-0.027521
-0.132257
0.000797
0.019259
0.016520
0.123184
0.015778
0.103266
0.090270
0.008458
0.019628
0.033047
0.035707
-0.010125
-0.006057
0.027158
-0.022201
-0.012410
0.107479
-0.035899
-0.004404
0.039988
-0.055015
-0.046507
-0.004948
0.016367
-0.036580
0.017303
-0.039895
-0.062202
-0.047167
-0.046806
0.002017
-0.120687
0.005051
0.004347
0.047934
-0.088132
-0.018902
0.060950
-0.008615
0.058834
-0.105052
0.025438
0.008598
-0.027068
0.088418
0.047091
0.024843
0.040179
-0.007888
-0.004759
0.053055
0.048542
-0.028660
-0.035400
-0.018441
0.028365
-0.108146
0.031225
-0.028395
-0.021669
0.012073
0.012233
0.123324
0.015969
0.046615
0.085334
-0.010473
0.001482
0.106274
0.022438
0.030433
-0.012822
-0.031977
0.042200
0.044074
0.016126
-0.022210
0.012151
-0.055076
-0.019612
0.014391
0.004660
-0.003249
-0.093731
-0.012841
-0.017574
-0.034460
0.037654
-0.029237
-0.036382
-0.062610
-0.027357
-0.092647
-0.094949
0.074061
-0.101765
0.032881
0.037965
-0.006932
-0.020094
-0.021682
0.034125
-0.010887
0.054379
-0.010005
0.020890
0.096349
0.030027
0.030666
0.062791
0.051093
0.031694
0.005574
0.072718
-0.020600
0.047056
0.043554
-0.026293
0.016969
-0.039427
-0.062615
-0.024466
-0.008289
-0.003439
-0.025162
0.029350
-0.022338
-0.053405
-0.086878
0.008857
-0.053172
-0.038770
0.008341
0.026354
0.050323
0.118234
0.098143
0.023369
0.071420
-0.041698
-0.038840
0.049511
-0.010174
0.019335
0.063600
0.045144
0.000935
0.040124
0.041361
0.073550
0.090432
0.034004
-0.030903
0.024635
0.013583
-0.015089
-0.031143
0.030329
-0.020838
0.028186
0.011415
-0.007639
-0.002278
-0.057230
0.139525
0.037841
-0.095068
-0.021054
-0.045049
-0.009733
-0.010504
0.013126
0.019222
-0.000642
-0.028512
-0.026530
0.020177
-0.031014
-0.046529
0.089191
0.017828
0.035691
-0.003284
-0.152173
-0.046455
-0.059888
0.030500
0.027255
-0.044502
0.048407
0.018907
0.048176
0.021873
-0.031934
-0.021961
0.034304
-0.077771
0.001750
0.078435
-0.053161
0.059592
0.074271
-0.053617
-0.016916
0.037158
0.014255
0.071200
0.051025
0.020034
0.106230
0.057557
-0.004410
0.042233
0.031387
0.039064
0.036139
0.089281
0.118751
0.047854
0.027103
0.110693
0.052551
0.043717
0.049297
-0.002070
-0.034461
-0.047951
-0.014468
0.042752
0.054766
-0.041258
0.006755
0.093303
0.049186
0.076168
0.006929
-0.125725
0.057881
0.066140
-0.036593
0.045345
0.030954
0.022830
0.026844
0.058106
0.046918
0.032213
0.066941
-0.042450
-0.039957
-0.001528
-0.001736
-0.067878
-0.001938
-0.042442
-0.002913
0.020772
0.008420
0.042068
0.070116
-0.018186
0.045917
-0.021122
0.047866
0.008106
0.062784
-0.000153
-0.006835
0.072446
-0.024883
0.005805
-0.004577
0.008326
0.063114
0.013169
0.015038
-0.038267
0.008765
0.029250
0.041713
0.058083
-0.007284
0.061271
0.088395
-0.030986
0.041311
-0.048729
-0.008184
0.070824
-0.039784
0.045909
0.055077
-0.057380
-0.023680
-0.097942
0.037614
-0.046059
-0.038790
0.003201
0.021339
-0.019591
0.040164
0.017480
-0.020116
0.016469
0.018642
-0.055064
0.032513
-0.039346
0.008178
-0.033164
-0.027837
-0.001729
-0.078071
-0.026266
0.007058
0.026195
0.026982
0.106181
0.015793
-0.048940
-0.064125
-0.018720
-0.092433
-0.133395
-0.066305
0.028882
0.055832
-0.039331
-0.060952
0.108373
0.086496
0.003653
0.107580
0.110006
-0.023603
0.039629
-0.009091
0.021944
0.066269
-0.046466
0.049120
0.094557
-0.001394
-0.051113
0.066918
0.031461
0.026027
0.076488
0.008154
0.078853
-0.010778
-0.023827
0.032637
-0.006104
0.058757
-0.028854
-0.035887
-0.064389
-0.034574
-0.004768
-0.008180
-0.009334
-0.013541
-0.021709
0.025861
0.037761
0.015436
-0.036666
0.024866
0.063751
0.028236
0.050808
0.069505
0.032993
0.060681
0.058575
0.041512
0.074329
0.061174
0.026071
0.031440
0.073711
0.057894
0.023973
-0.089269
0.005329
0.013866
-0.001629
0.052597
0.055999
0.099660
0.007328
0.034908
0.059738
0.023507
0.024193
-0.018385
0.011202
0.089823
0.039832
0.016398
0.033325
0.068248
-0.077438
-0.032612
0.007181
-0.014437
0.008551
0.021703
0.013616
-0.004560
0.034176
0.018516
-0.063103
-0.111593
-0.024237
0.001991
0.060985
0.028881
0.008418
0.006330
-0.027505
0.048430
0.116013
-0.000779
0.033803
0.012048
-0.030094
0.037381
-0.016435
0.059228
0.058585
0.051073
-0.049156
-0.031591
-0.022865
0.008004
0.052037
0.016788
0.044351
0.021186
-0.074190
-0.130153
-0.019850
0.073635
-0.016812
0.018927
0.086960
-0.004585
-0.007759
0.009378
0.031246
0.033776
0.044066
-0.072836
-0.059748
-0.002781
0.028783
0.004392
-0.044414
0.004733
-0.058146
-0.040422
0.012304
0.130919
0.035079
0.063100
0.126433
0.000703
0.011184
-0.004199
0.038135
0.046198
0.009919
0.032778
-0.038887
-0.003839
-0.055435
-0.088787
0.008039
-0.018890
-0.028415
-0.025062
-0.055886
-0.000791
0.053425
0.026681
0.024576
0.136326
0.008349
0.081026
0.068125
0.104173
-0.007248
-0.014850
0.051435
-0.014484
-0.015853
0.038449
0.005176
-0.046696
0.001380
-0.013240
0.008700
-0.003292
0.008353
0.018034
-0.004247
0.051361
0.032005
0.082256
0.060040
-0.056263
0.093521
-0.064714
-0.010603
0.032022
-0.058538
0.005828
0.042112
0.036614
0.022066
0.035995
0.005333
0.023097
0.002693
0.001038
0.011027
-0.078896
0.000489
-0.030337
-0.132770
0.004436
0.029864
0.049471
0.125961
0.076111
0.030621
0.022838
0.005918
-0.035071
0.036668
-0.069926
0.001178
-0.016294
0.018649
-0.007212
-0.032839
0.018268
0.027797
0.009100
-0.073209
-0.000849
-0.086856
-0.105572
-0.039836
-0.025335
0.077353
0.005915
0.003389
0.055695
-0.008333
-0.056138
0.023263
0.076817
0.059191
-0.010338
-0.007212
-0.007898
0.033049
0.010776
0.054678
0.052512
0.041737
0.037865
0.005955
0.054519
0.030013
0.026429
0.028246
0.009248
0.083468
0.018518
-0.027633
0.032814
0.000676
-0.039526
-0.000182
-0.024654
0.178441
0.048010
-0.007208
0.022484
-0.054429
0.003212
0.041537
0.054126
0.065754
-0.010314
0.047202
-0.078885
-0.047748
0.082833
-0.032339
0.000661
0.049246
-0.120951
0.015778
0.038084
-0.027620
0.002609
-0.012130
0.025077
0.036729
-0.026550
0.022506
-0.079393
0.008106
0.007151
-0.017027
0.050651
0.057973
0.067910
0.015303
-0.037769
-0.062476
-0.070416
0.027385
-0.031463
0.014042
-0.011032
-0.047792
-0.023907
-0.026069
-0.037798
-0.045456
0.046565
0.064686
0.027814
0.096281
0.023668
-0.008108
0.001602
-0.008454
0.004455
-0.000241
0.008074
0.034534
-0.008459
0.071477
0.003233
0.037669
-0.025100
-0.068463
0.023818
-0.055278
-0.003944
0.033025
0.036886
-0.027758
0.001107
0.017424
0.069223
0.071390
0.066880
0.046399
-0.033658
-0.033754
0.050300
-0.027670
-0.055292
0.016021
0.029057
-0.061662
-0.006415
-0.039658
-0.086509
0.006741
-0.048929
-0.038155
0.048904
0.034822
0.013850
0.074572
0.067275
0.044148
0.089227
-0.074236
-0.020507
0.007073
-0.049099
-0.086565
-0.003867
0.028366
0.007369
0.037398
0.025367
-0.000438
0.029800
-0.001352
0.058566
0.061859
-0.047073
-0.019009
0.049467
-0.013137
0.018766
0.017629
0.033709
0.042712
-0.011694
-0.021724
0.017148
0.010485
-0.036558
0.075827
-0.009272
0.054195
-0.040052
0.005607
0.067158
-0.052211
-0.129161
-0.022849
-0.030216
-0.105140
0.017202
0.038088
0.008229
-0.042288
0.006013
0.001715
0.021813
0.098661
0.025719
0.029525
-0.002735
-0.036715
0.024332
-0.019083
-0.002807
0.015766
-0.035392
0.053992
0.013491
0.080012
0.060190
0.059941
0.063463
0.017185
-0.036438
0.058577
0.064048
-0.049261
0.026007
-0.044606
0.013698
0.072174
0.064878
0.028019
0.007022
0.066979
0.075944
0.144771
0.098557
0.013492
-0.052769
-0.111655
-0.019278
-0.106490
-0.037184
-0.017924
-0.096324
-0.048753
-0.049700
-0.003760
-0.006200
-0.037777
-0.053098
0.046740
-0.089376
-0.066825
0.055169
0.018813
0.042750
-0.041909
0.037880
0.085970
0.052841
0.004876
0.031486
0.025792
-0.071158
-0.011151
-0.028622
-0.013035
0.074681
0.039932
-0.033212
-0.028577
-0.011562
-0.014491
0.036368
-0.075320
-0.012265
-0.018963
0.020406
0.029313
-0.008007
0.018402
-0.038830
0.093065
0.058458
0.010569
0.073283
0.010762
-0.014953
0.030758
0.015924
0.063613
-0.023763
-0.032108
-0.003235
0.031237
0.000456
-0.028792
-0.036873
-0.060436
-0.026148
-0.105747
-0.032379
0.041180
0.077232
0.024426
-0.063419
-0.077751
0.088467
0.058699
-0.083979
-0.014434
-0.030225
0.012882
0.035786
0.015604
-0.029833
-0.010348
0.033238
0.002628
0.059758
0.023788
0.051469
0.091941
0.042334
-0.022889
-0.019038
0.035921
0.063941
0.106691
0.051239
-0.000035
-0.018533
-0.032489
0.039405
-0.046088
-0.082816
-0.002340
0.033998
0.045467
0.047584
0.014935
0.080704
0.002274
-0.012488
0.042890
0.030106
0.053534
0.011206
0.035669
0.018985
0.021774
0.070687
-0.007805
0.037731
0.107543
0.028160
0.008015
-0.016324
0.053423
-0.011691
0.010537
0.010054
0.061650
0.012476
-0.009668
-0.009294
0.007001
-0.017036
0.045095
0.000432
0.054740
0.045697
-0.061086
0.008458
0.105307
0.061564
0.038251
0.049512
0.070029
-0.012837
0.019205
0.011616
-0.020497
-0.015942
0.003486
0.017581
0.085544
0.066354
-0.020166
-0.014498
0.045316
0.041548
0.077773
0.060217
0.110734
0.117443
0.051685
0.107445
0.101092
-0.001478
-0.013655
0.023709
0.022419
0.072052
0.049236
-0.012497
-0.032017
0.018981
0.044268
0.078441
0.079034
0.016897
0.040390
0.020283
0.025005
-0.011740
0.062780
0.043288
0.007197
0.003362
-0.037150
-0.017159
-0.002140
0.049118
0.005837
-0.029579
-0.041628
-0.010769
0.000431
0.030499
0.055345
0.044288
0.006174
-0.069160
-0.067958
0.008287
-0.013607
0.059890
-0.019676
0.048507
0.108993
0.050555
0.087433
0.072335
0.010283
0.065544
-0.004503
-0.020855
-0.021688
-0.058576
-0.030363
-0.007589
-0.044848
-0.026541
-0.030346
-0.057418
-0.028156
-0.010783
-0.044868
0.117958
0.107292
0.061725
0.072701
0.018121
0.048942
0.053216
-0.001106
-0.015769
0.014306
-0.031447
-0.027389
-0.058169
-0.054513
-0.058043
-0.058520
-0.006476
-0.081223
-0.120555
0.022399
-0.016519
0.046827
0.053960
0.017675
0.035326
0.007478
0.012995
0.004109
-0.037070
0.028901
-0.011998
0.006708
-0.061720
0.024848
-0.006377
-0.059746
0.133400
0.038964
-0.103009
0.053943
-0.065340
0.063012
-0.008686
-0.060428
-0.025141
0.033882
-0.012491
-0.050768
0.063819
0.012552
-0.006195
0.031946
0.078939
0.048987
-0.045421
-0.048219
0.013119
0.037270
-0.011107
0.026988
-0.001044
-0.012929
0.033619
0.053910
0.071566
0.085526
0.004656
-0.049714
0.077808
0.054568
0.098285
0.101815
-0.019082
0.002820
0.016162
-0.058345
-0.002058
0.093288
0.043121
0.096711
-0.013982
-0.007741
0.012583
-0.005068
0.001162
-0.037934
0.039322
0.027825
0.073727
0.041428
-0.007813
0.093524
0.020895
-0.010369
-0.020574
0.037201
0.076439
0.044415
0.000691
0.031369
-0.025431
-0.032595
-0.010727
0.024443
0.026333
0.035130
0.028397
0.000873
0.009814
0.071950
-0.073231
-0.053525
-0.026435
0.054558
0.033937
0.093727
0.034220
-0.014617
0.058081
0.010268
0.071985
0.075512
-0.006841
-0.013050
0.023011
0.046977
0.009851
0.032449
0.084645
0.063766
0.008629
0.024795
0.059777
-0.047531
-0.007909
0.112586
0.003862
0.036797
0.032807
-0.017678
0.062788
0.073708
-0.013274
-0.007604
0.093712
-0.019327
-0.098097
0.020571
0.052344
0.028109
0.024532
-0.014506
0.029389
0.091022
0.051833
0.027399
-0.004893
0.030056
-0.022403
0.033478
0.034680
0.050402
0.008481
-0.104320
0.106840
0.051466
0.028382
0.016421
-0.000762
0.043936
-0.048849
-0.070954
0.024039
-0.003142
-0.036416
0.038627
-0.069700
-0.021833
-0.013871
-0.056209
0.033056
-0.002503
-0.057388
0.021393
0.065734
-0.007315
0.017822
-0.107219
0.025758
0.089368
-0.000374
-0.004748
-0.039304
-0.004865
-0.036566
-0.032656
0.048350
0.071929
-0.092475
-0.054669
-0.073598
-0.040157
0.112123
0.029667
-0.046580
0.009945
-0.021088
-0.006886
-0.051047
0.008094
0.024736
0.059795
-0.002751
0.075215
0.042802
0.002906
0.040777
0.056536
0.048784
0.047475
-0.077636
0.065037
0.040708
0.012779
0.098764
0.021519
-0.021953
-0.076228
0.024289
0.041498
0.057136
0.113341
-0.003575
0.045872
-0.002620
-0.082911
-0.075139
-0.010874
-0.013084
-0.097208
-0.027117
0.041807
0.030579
0.025497
0.057040
-0.015499
-0.032247
0.038409
0.049275
-0.020489
0.036164
-0.058450
-0.019768
0.039789
0.008100
0.071902
0.014812
0.017026
0.012040
-0.018461
0.006150
-0.022148
-0.044210
-0.081735
-0.049549
0.031266
0.003307
0.006723
0.068953
-0.011528
0.019433
0.035289
0.009420
0.074345
0.029326
0.006339
0.013725
0.076305
0.009808
0.006344
0.071314
0.001963
0.057702
-0.032017
-0.014126
0.007324
0.035479
0.040061
-0.016096
-0.009573
0.003959
0.029746
-0.047777
0.041879
0.041781
-0.019276
0.036001
0.056214
0.015059
0.046736
0.007065
0.100564
0.035772
-0.042214
-0.019053
0.041283
-0.034054
0.085971
0.028991
-0.065852
-0.077625
-0.055452
-0.037061
-0.064944
0.000144
0.110981
0.079948
0.095694
0.076559
-0.003499
0.062713
0.137394
0.099443
0.028840
0.029546
-0.056329
-0.038146
0.000353
0.035145
0.041384
0.004566
-0.063701
-0.040713
0.033737
-0.042249
0.035613
0.023399
-0.008915
-0.025467
-0.034106
0.003932
-0.033558
-0.004593
0.030887
0.027677
0.034205
-0.061632
0.013635
0.060129
-0.039800
0.068748
0.060515
-0.046568
0.079516
-0.001145
0.053393
0.028109
-0.017502
-0.038106
-0.049897
0.028870
0.020841
0.065174
-0.014170
0.009189
0.057572
0.044006
0.032425
0.080946
0.044358
-0.044461
0.081545
0.081135
0.004368
0.007185
-0.101700
-0.054083
-0.026602
-0.006942
0.033742
0.014281
0.051853
0.045895
0.040057
0.031289
0.013561
0.074125
0.100058
0.026306
-0.044914
-0.006462
0.016289
-0.029598
0.008148
0.080094
-0.017025
0.078757
-0.013376
0.039486
0.079525
-0.034885
-0.007267
-0.046301
-0.062342
-0.029980
-0.034697
-0.019678
0.055666
0.120384
0.067964
0.083963
0.064710
0.030759
0.001545
-0.046439
0.010059
0.040389
0.004596
-0.061328
-0.021578
0.004044
0.008096
-0.000798
0.061878
0.024723
0.020163
0.115713
0.103589
-0.015953
0.080528
0.070156
-0.055250
0.046396
0.033454
0.016839
-0.003617
-0.007995
-0.015086
0.018801
0.005724
0.030850
-0.019725
0.037258
-0.054496
-0.067879
0.048372
0.029364
0.034123
0.003139
0.009139
-0.040789
-0.025775
0.038666
-0.134919
-0.085436
-0.009612
-0.060930
-0.041167
0.012239
0.009802
-0.022384
-0.044900
0.008253
0.029538
-0.060585
0.011662
0.009055
-0.020694
-0.107134
-0.078649
0.063430
0.094849
0.013732
-0.014667
0.003150
0.002373
0.009238
0.041298
0.037273
0.037859
-0.008168
0.018030
-0.035977
-0.053075
-0.103093
-0.049377
-0.008946
-0.082027
0.009614
0.031748
0.093671
0.025676
0.063764
0.005360
0.012356
0.007128
0.006788
-0.064320
-0.014880
-0.031623
0.003614
0.007738
-0.019177
-0.032462
0.011621
0.042233
-0.021741
0.001061
-0.043025
-0.054788
-0.012302
-0.018607
-0.009289
0.041759
-0.045984
-0.041116
-0.067442
-0.068670
0.046681
-0.062913
-0.027880
0.074778
0.051362
-0.034606
-0.116734
-0.036894
-0.002137
-0.060275
-0.046624
0.044420
0.078136
-0.036375
-0.015370
-0.027321
-0.055351
-0.055053
-0.091742
-0.052972
-0.075278
-0.070715
-0.031125
0.021795
-0.062935
-0.044741
-0.003790
-0.021096
-0.140758
-0.057694
0.044320
-0.080769
-0.013828
0.085763
0.049777
0.051826
-0.016022
-0.017499
0.020147
-0.029400
-0.006548
0.039834
0.063728
0.056331
0.047435
0.072456
0.023908
0.029073
0.020432
0.080661
0.054973
-0.009819
0.007449
-0.068347
0.032237
0.039787
0.093871
0.025153
0.023004
0.064943
0.004935
0.034041
0.031878
-0.007512
0.028797
-0.000670
0.044468
0.083033
-0.005151
0.021525
-0.024101
-0.034850
0.021982
-0.093702
0.015915
0.020325
-0.051961
0.078785
-0.062209
-0.023800
0.080168
-0.001933
-0.062556
-0.029389
-0.070361
-0.035410
-0.077305
-0.052909
-0.052251
-0.026633
-0.027956
-0.030116
-0.052791
-0.043380
-0.105332
-0.068312
-0.018973
-0.055190
-0.039341
0.020450
-0.050948
-0.018726
0.047116
0.036065
0.051585
-0.002227
0.006111
0.027026
-0.028687
-0.017191
0.023288
-0.092194
-0.077425
0.030498
0.008998
-0.055272
-0.022544
0.054447
0.000693
-0.069133
0.059212
-0.010212
0.001288
-0.010673
0.018946
0.059300
-0.024915
0.015119
0.103434
-0.038373
-0.046540
-0.097274
-0.151595
-0.005910
-0.017287
0.027814
0.059595
0.102288
0.055137
0.058301
0.014314
-0.037998
0.067452
-0.025916
-0.054688
0.053625
0.054772
0.072555
-0.006813
0.033316
0.054783
0.070417
0.020985
0.028464
0.024220
-0.021615
0.036985
-0.016668
-0.068779
-0.056648
-0.043292
0.069377
0.000168
0.077946
-0.015054
-0.069705
-0.033962
-0.036862
0.080475
-0.017872
0.016660
0.103299
0.017971
-0.072679
-0.023211
-0.006283
-0.013434
-0.004833
-0.054691
-0.037147
0.000460
0.078271
-0.011876
-0.018383
-0.009222
0.035193
0.065157
0.085799
0.021401
-0.068629
0.038216
-0.014149
0.017888
-0.005002
-0.001083
-0.013333
-0.057802
0.034853
0.016541
-0.056986
-0.019068
0.031450
-0.037626
0.034527
0.011718
0.036390
-0.041486
-0.022602
0.056244
-0.032306
-0.059072
0.020075
0.017236
-0.081692
0.005775
0.026211
0.019866
-0.005827
-0.014705
0.060214
-0.045228
-0.076131
0.092539
0.019275
-0.056998
-0.050676
-0.017982
-0.028324
-0.072427
-0.049657
-0.005816
-0.015830
-0.044639
-0.006572
-0.012755
0.027396
-0.017380
-0.023942
0.044741
-0.027596
-0.013004
0.014758
-0.055079
-0.047300
-0.030248
-0.098907
-0.025467
-0.104551
-0.035130
-0.026615
-0.100053
0.004980
-0.007373
-0.005416
-0.013817
-0.030824
0.037393
-0.034525
-0.009295
0.030653
-0.004766
-0.056653
0.005880
-0.028690
-0.072493
-0.006866
-0.084417
-0.011623
0.024539
0.013764
0.041361
0.036558
-0.014258
-0.063657
-0.021615
-0.007890
-0.026528
0.021455
0.048185
0.010410
0.076554
-0.000689
-0.030681
-0.020351
0.019794
0.047563
0.043425
0.049699
0.038733
-0.058730
-0.046387
0.043635
0.040625
0.030516
-0.034401
0.066980
-0.020752
-0.009218
-0.000823
0.067635
-0.038943
-0.045883
-0.018999
-0.037657
-0.056365
-0.115478
-0.071969
-0.082254
-0.056871
0.040030
-0.086675
-0.113800
-0.033682
-0.048625
-0.009679
-0.019984
0.007148
-0.036860
-0.049205
0.065392
-0.098824
-0.058804
0.072706
0.010153
0.016741
0.088125
0.042092
-0.022051
0.074735
0.022750
0.031660
0.010462
-0.064642
0.048070
-0.014865
0.033850
0.011905
-0.037545
0.100341
0.020285
-0.023136
0.055094
-0.021036
0.063266
0.074899
-0.103454
-0.039630
-0.015461
0.012667
-0.043162
-0.056164
-0.012700
-0.062800
-0.073015
0.023972
-0.058770
-0.047549
0.028940
0.059072
-0.018498
0.108189
0.085208
0.012524
0.086633
0.084130
0.015708
-0.041844
-0.009492
0.009984
0.007866
0.045140
-0.017087
0.015433
-0.017069
-0.045620
-0.017771
-0.042272
-0.035381
0.004463
0.024774
-0.041290
0.005270
0.052115
-0.049334
-0.003698
-0.038861
0.008136
0.049964
-0.036827
0.025929
0.050048
-0.057107
0.037493
-0.001305
0.007501
0.117150
0.019970
0.093057
-0.033453
0.004303
0.102184
0.002394
-0.024479
0.006704
-0.054106
0.035489
-0.047698
-0.014866
0.077597
-0.060121
0.012400
-0.025764
-0.002696
-0.018282
0.004256
-0.013740
-0.048286
-0.011354
0.029451
-0.038364
-0.011534
-0.065094
-0.047048
-0.089481
-0.007766
0.036181
-0.074780
0.008305
-0.044021
-0.048157
0.047428
-0.071259
0.042037
0.016164
-0.048707
-0.008601
-0.015377
-0.026878
-0.007456
0.014323
-0.053256
-0.003956
-0.004344
-0.112441
0.005390
0.081759
0.012394
-0.002977
-0.032647
0.019147
0.107209
0.021611
0.005340
0.036925
-0.037847
-0.106622
-0.025378
0.035120
0.061837
0.079792
0.046664
-0.038531
0.039473
0.015707
0.022731
0.017483
-0.016456
0.024793
-0.023990
0.081506
0.059673
0.010599
-0.018370
0.015641
-0.040914
-0.050774
0.024846
0.011695
-0.021639
0.013058
-0.020765
-0.079127
-0.028159
0.025509
0.051042
0.003775
0.014908
0.051317
-0.063009
-0.037462
-0.040585
-0.013731
-0.034516
-0.053086
-0.016022
-0.099641
-0.101071
-0.014095
-0.012126
-0.109653
-0.136332
0.017886
0.053897
0.084895
0.023126
-0.070380
0.009354
-0.044670
-0.017960
-0.069557
-0.023307
-0.064995
0.100895
0.039586
-0.025867
0.041867
-0.071401
-0.088535
-0.088277
-0.055726
-0.020502
-0.070563
0.009728
0.025862
-0.068765
-0.071217
0.019303
-0.048817
-0.045206
0.000789
-0.022792
-0.036225
0.005305
-0.013357
-0.002418
0.119300
-0.002650
-0.042923
-0.055360
-0.022478
0.002814
0.021794
-0.013976
-0.094699
0.046851
-0.027996
-0.066976
0.039479
0.006079
-0.000223
-0.003705
-0.049919
-0.048252
-0.043433
-0.061073
-0.009790
-0.044932
-0.088285
-0.044909
0.003257
0.007249
-0.025153
-0.032080
-0.022120
-0.043601
-0.022721
-0.001424
-0.016854
-0.034234
0.079771
0.075451
-0.119931
-0.050615
0.006160
-0.102022
0.080619
0.062674
0.010175
-0.034671
0.065554
0.073207
0.054158
0.127345
0.090324
0.002853
0.060402
-0.104256
-0.100568
0.060943
-0.031364
-0.002971
-0.017551
0.036110
0.028372
0.033395
0.080851
0.046720
0.085865
0.106815
-0.016129
0.053095
-0.018379
-0.034792
0.001695
-0.047260
-0.055143
-0.062438
-0.054704
0.106146
0.017434
-0.046317
-0.006289
-0.003620
0.101374
-0.071744
-0.048119
0.059556
-0.086076
-0.049115
0.058635
0.015399
0.122966
0.084906
0.003799
0.040020
0.000360
-0.076560
-0.133149
-0.055480
-0.043288
-0.014613
0.012182
-0.037660
-0.014907
-0.039005
0.063601
0.017545
-0.023192
-0.013555
-0.091721
-0.002825
0.029336
0.042630
0.048187
0.021590
-0.002091
0.073711
0.123339
0.029066
0.094288
0.085560
0.089108
0.062028
0.015407
-0.013500
-0.011595
-0.056421
-0.047126
-0.063212
-0.088316
-0.014217
-0.060261
-0.063469
-0.063001
-0.082938
-0.005833
-0.038152
0.044708
0.072562
-0.060992
-0.047559
-0.112836
-0.058632
0.058311
-0.044568
-0.010276
0.089127
0.069200
0.007855
0.045531
-0.045858
-0.051278
0.039819
-0.013542
0.036360
0.029039
0.038267
-0.004727
-0.024168
0.023511
0.036376
0.072793
0.094893
0.088460
0.082432
0.026744
-0.000576
-0.001005
0.032521
0.067577
-0.030084
0.023074
0.006805
-0.058861
0.015446
0.042022
0.041573
-0.081780
-0.052091
0.027781
0.017775
0.028127
0.002829
0.079955
-0.025497
-0.006208
0.026062
0.073979
-0.024469
0.024803
0.016131
0.030023
0.066922
0.058134
0.081783
0.026052
0.028737
0.074331
-0.011822
-0.030279
0.068195
0.032814
-0.051832
-0.058348
-0.081373
-0.022313
0.051146
-0.021877
-0.081619
-0.014502
-0.052043
-0.028490
-0.060231
-0.061928
0.075010
0.052746
0.026859
-0.022199
0.065950
-0.043384
-0.048030
0.014264
-0.017931
0.025868
-0.028772
-0.038431
-0.082562
-0.032296
-0.014737
-0.053894
0.058354
-0.003294
0.015397
0.001809
0.013470
-0.027456
0.053918
-0.033996
0.020023
0.086047
-0.012949
0.006061
-0.050934
-0.066924
-0.076585
-0.010883
0.013588
-0.051648
0.011766
-0.040856
-0.096577
-0.047637
0.023533
-0.018827
-0.012362
0.008147
-0.007790
-0.046221
0.043844
0.064624
-0.062330
0.059793
-0.016995
0.002426
0.044739
0.003271
-0.050113
-0.066243
0.010214
-0.025188
0.056818
0.046668
0.048759
0.087754
0.054572
-0.055034
-0.039415
-0.061746
-0.027586
0.069348
0.009874
0.103378
0.087242
0.026845
-0.069613
-0.046630
0.004003
-0.001131
0.059326
0.011190
-0.028856
0.051405
0.000865
-0.000398
0.033131
-0.079604
0.006261
-0.001516
0.069244
0.117112
0.006545
-0.019876
-0.001345
0.023567
-0.029882
0.024893
-0.004419
-0.059877
-0.087850
-0.036675
0.011756
-0.014880
-0.032777
-0.019150
-0.052015
-0.011695
-0.021912
-0.004833
-0.054068
-0.014698
0.007632
-0.105086
-0.024022
-0.025180
-0.040340
0.031615
-0.011501
-0.016758
-0.047299
0.018636
0.006795
0.025684
-0.031969
0.015094
0.085574
0.051868
0.010177
0.012549
0.094212
0.029920
0.055285
-0.001022
-0.066982
0.007390
-0.055451
-0.068204
-0.015570
0.039748
-0.008414
0.022887
0.043685
0.033067
0.014467
-0.083264
-0.019140
0.043784
-0.009781
-0.023480
0.027093
-0.005182
0.047836
0.025090
-0.084892
0.039539
0.097028
-0.043682
-0.085507
-0.005581
0.013147
-0.019240
0.025327
-0.005398
-0.060488
-0.036656
-0.086600
-0.074137
-0.035120
-0.088648
0.008875
-0.009818
-0.044123
-0.030031
-0.043741
0.071864
0.015179
-0.105767
-0.068282
0.006651
-0.033361
-0.025403
0.060339
0.042497
-0.053836
-0.019691
0.009612
0.049704
0.004239
-0.005747
0.017124
-0.037784
-0.003123
0.027946
-0.029559
-0.008450
0.001845
-0.064182
-0.047555
-0.043092
-0.041749
-0.054596
0.022367
0.010523
0.060098
0.070482
0.040583
0.076972
0.033762
0.045163
0.108267
0.018842
0.098714
0.069156
-0.028372
-0.008518
0.103739
0.104320
0.014602
-0.004265
0.006638
0.020492
-0.005561
-0.011510
0.007898
0.048260
-0.014856
0.051356
-0.004812
-0.018720
0.039241
0.082207
-0.077002
-0.000445
-0.004183
-0.106155
0.006340
0.008042
-0.094326
0.008417
0.006636
0.002718
0.119091
0.004509
0.026130
0.028614
-0.076463
-0.030379
-0.014219
-0.023327
-0.033910
-0.006154
0.015902
-0.024116
0.029863
0.011969
0.003874
0.067974
0.021230
0.001874
-0.031623
0.021681
-0.013082
-0.007157
0.002784
-0.023906
-0.019739
-0.034863
0.011632
0.029322
0.030791
0.105404
0.049623
0.004221
-0.028961
-0.071688
0.030876
-0.007874
0.013810
0.042897
-0.024234
-0.009490
-0.024857
0.011074
0.031983
-0.002403
-0.026022
0.019318
-0.019240
-0.025332
-0.040067
-0.062445
-0.005612
0.055151
0.027276
0.046553
0.028905
0.008259
0.024479
0.042331
0.001639
0.018806
-0.027538
0.017373
-0.021165
-0.013050
0.052947
-0.001257
-0.063469
-0.023692
0.066278
0.005254
-0.026883
-0.027135
-0.100214
-0.077141
-0.005313
0.018513
-0.026941
-0.017048
-0.056096
-0.006092
0.071949
-0.017793
-0.028608
0.001547
-0.029890
-0.018634
-0.071760
-0.040550
-0.002673
-0.063682
-0.081267
-0.031094
0.022603
-0.021805
0.056945
-0.099369
-0.090297
-0.016778
-0.052573
-0.050486
0.068328
-0.009080
-0.039576
-0.074972
-0.070541
-0.006730
0.030681
0.003986
-0.025960
0.083057
-0.067412
0.045111
0.066396
-0.057032
0.055697
0.009626
0.012357
-0.007898
-0.076579
-0.081172
-0.061780
-0.045487
0.013095
-0.020529
0.043499
-0.055845
-0.143059
-0.078907
-0.057776
-0.005430
-0.065056
0.005470
-0.006528
-0.030672
-0.035060
-0.079809
0.043000
0.020534
0.001102
0.072554
-0.002523
0.023953
0.028993
-0.009128
-0.000186
-0.012134
0.030854
0.042689
-0.061169
0.048510
-0.008435
-0.012110
0.043821
-0.004357
0.017476
-0.057690
-0.104101
0.000069
-0.001611
0.056266
-0.069431
-0.027009
0.058356
-0.029240
0.036373
-0.027812
0.002754
0.082054
0.066850
0.028581
0.023522
0.016695
0.073274
0.042742
0.021046
-0.011286
0.051580
0.058348
-0.032547
-0.076051
-0.004437
0.029856
0.073983
0.027023
-0.016932
-0.037495
-0.012001
-0.043314
-0.047469
-0.013007
-0.021557
0.050517
0.002887
0.057307
0.059537
0.011465
-0.038938
-0.060189
-0.096562
-0.055916
0.001832
-0.004089
0.043728
0.006978
-0.032413
-0.028298
-0.014712
-0.073120
0.002723
0.047287
-0.010334
0.051903
0.081597
0.014099
-0.037420
-0.042188
-0.046452
-0.022716
-0.018576
-0.121509
-0.134188
-0.062448
-0.013253
-0.030875
0.011323
0.006710
-0.021927
-0.041655
0.010483
0.043957
-0.008554
0.129862
0.005609
-0.054437
0.039866
-0.015117
-0.019913
0.013796
0.029217
-0.062301
-0.023460
0.003092
0.044439
0.029367
-0.008927
0.092316
-0.033897
-0.058657
-0.085938
-0.026019
0.033114
-0.072661
-0.074810
-0.017787
0.039315
0.066826
0.041169
0.033700
0.062275
0.016455
-0.047569
-0.036549
0.091300
0.018090
0.049162
0.050570
0.005364
-0.000871
0.014807
0.004949
-0.029472
-0.077180
0.018856
-0.008284
-0.016432
0.018987
-0.091044
-0.040838
0.005539
0.008310
0.056579
0.054897
0.021997
0.006567
0.004119
0.078505
0.010005
0.005659
0.048649
-0.043853
-0.049185
0.010565
-0.034475
0.025356
-0.014574
-0.047944
0.056280
-0.069953
0.050349
0.073075
0.049233
0.021583
0.054272
-0.035519
-0.049114
-0.000514
-0.008818
0.070683
-0.034213
0.016402
0.021250
-0.047458
-0.003579
-0.010092
-0.058027
0.014591
-0.117137
-0.017771
-0.002850
-0.063072
-0.071590
-0.036735
-0.029897
-0.053875
-0.059807
-0.101650
0.033983
0.114495
-0.021233
-0.054554
-0.080541
-0.006785
0.027824
0.012543
0.034275
0.048674
0.051565
0.030071
0.075918
-0.028277
0.000838
-0.028534
0.010859
0.060157
0.044596
0.060206
0.057179
0.051298
0.039611
-0.030232
0.019021
0.071776
0.017578
0.050917
0.024568
0.016031
0.003510
0.021654
0.074424
-0.014015
0.043346
0.047103
-0.007138
-0.011422
0.006794
-0.037155
0.023120
0.019135
0.026893
-0.028754
-0.017026
-0.003058
-0.009831
-0.018669
-0.002720
0.069893
0.016422
-0.021779
0.037721
-0.033190
0.031142
0.056388
-0.025062
0.004753
0.071160
0.030695
-0.088233
-0.023251
-0.010880
-0.134057
-0.060122
-0.045223
0.048772
0.017087
0.025488
0.071504
0.099012
-0.013916
-0.014410
0.020914
0.004037
-0.026465
0.044575
0.007757
-0.004382
0.044458
0.069487
0.086430
0.074357
0.012226
0.022770
0.048995
0.076092
0.043356
-0.052323
0.040965
0.028053
0.027544
0.131209
0.017772
0.026430
-0.021285
-0.103240
-0.048823
0.002274
0.063106
0.029318
-0.005420
0.023631
0.097378
0.042072
0.060928
0.113232
-0.018041
-0.040842
-0.021560
-0.086591
-0.024586
0.014509
-0.036646
-0.059683
-0.030742
-0.040770
0.028281
0.013667
-0.018433
-0.040109
-0.000612
-0.063033
0.019172
0.019302
0.007338
0.016281
0.026216
0.009553
-0.066861
0.067979
0.028665
-0.032384
-0.045159
-0.076093
-0.008616
0.005360
0.027258
0.042848
0.006653
-0.002662
-0.028554
-0.000133
-0.004894
0.006294
-0.011780
0.039143
0.075353
-0.014814
0.023503
-0.081233
-0.032269
-0.013954
-0.039901
0.073388
0.054554
-0.038950
0.029405
0.028339
0.010357
-0.065412
-0.017915
-0.023023
-0.019131
-0.022838
-0.063968
-0.060714
0.015116
-0.003318
-0.027534
0.053806
-0.002971
-0.121225
-0.011137
0.036835
-0.076891
-0.033220
-0.065008
-0.095120
-0.001890
0.031944
0.009375
0.008084
-0.009101
-0.031281
0.008376
0.011290
0.012546
0.004383
-0.011482
-0.007946
0.015921
0.010636
-0.035842
0.084820
0.108138
-0.014063
-0.008111
0.097578
-0.025585
0.008097
0.023920
-0.023544
0.065424
-0.035420
-0.008420
0.053124
-0.061222
-0.026861
0.059547
-0.044008
0.026386
0.048802
-0.035001
0.007873
0.033094
0.026938
-0.075218
-0.099204
-0.069616
0.037478
0.009342
0.102228
0.010433
-0.021581
0.053413
-0.034878
-0.034920
-0.058464
-0.092861
-0.026811
0.006740
-0.053118
-0.086202
-0.124493
-0.129764
-0.007389
0.003744
-0.042655
-0.065872
-0.049964
-0.126993
-0.148358
-0.081574
-0.017851
-0.004953
0.008419
0.034586
0.027530
0.026005
-0.053968
-0.001752
0.062873
0.041821
0.023166
-0.035013
0.005869
0.022277
0.108682
-0.003105
-0.000247
0.124341
0.023586
0.047671
0.080813
0.070475
0.012904
-0.040720
-0.008653
-0.014207
-0.023413
0.020297
0.041233
-0.040729
0.011448
0.073621
0.057192
0.042967
0.128673
0.084726
0.008374
0.070849
-0.019026
0.023838
0.068354
-0.007032
0.009923
0.050276
-0.032528
-0.038253
-0.034508
0.005044
-0.035207
-0.073505
-0.038297
-0.001045
0.035622
0.077799
-0.007693
-0.068984
-0.009669
0.005228
-0.031374
0.017280
-0.071196
0.001070
0.013382
-0.024242
0.031317
0.067488
0.015323
-0.021503
0.004139
0.002929
-0.039085
0.005058
0.011039
0.001949
0.028319
-0.051355
-0.043296
0.020475
-0.007896
-0.006432
0.071338
-0.054528
-0.008781
0.125249
0.036792
0.065973
0.058433
-0.031631
-0.033577
-0.034346
-0.029264
0.023383
0.032081
0.161603
0.045474
0.002038
0.023307
0.060456
0.053934
0.023040
-0.027721
-0.031636
0.094796
0.042972
0.019907
0.021907
-0.112834
-0.027962
-0.041270
-0.026917
-0.034190
-0.072523
0.000802
0.052031
0.037438
0.029242
-0.065091
0.088563
0.054011
0.014564
0.013515
0.056570
-0.025368
0.044613
0.072827
0.050841
0.013543
0.051811
0.015042
-0.069025
-0.040206
-0.020430
-0.062535
-0.060383
0.051324
-0.054929
-0.050780
-0.017085
-0.004105
0.015237
-0.053897
-0.102893
-0.031596
-0.015568
-0.021273
0.000365
-0.008501
0.024265
-0.007441
-0.062045
-0.015892
-0.078633
-0.052152
0.033595
-0.041432
-0.014379
-0.008938
0.008059
0.046406
-0.045517
0.034832
0.012064
-0.054549
-0.005411
-0.071687
-0.046052
-0.034779
-0.035078
0.076865
0.009572
0.005385
-0.113166
0.034093
-0.046749
-0.006448
0.094549
0.019642
-0.065270
0.018410
0.011647
-0.131061
-0.108126
-0.008678
-0.017766
0.053007
0.041327
0.098444
0.160490
0.091283
0.003838
-0.017235
-0.006414
0.043455
-0.058875
-0.019767
-0.046411
-0.033916
-0.014240
-0.018218
0.013561
-0.082192
-0.112287
0.055690
-0.025251
-0.015684
0.131499
0.053305
-0.003273
0.014680
0.022972
-0.009887
0.025073
0.015710
0.062908
0.031811
-0.025271
-0.040628
-0.074839
-0.047644
-0.043298
0.001739
0.048421
-0.010317
-0.009227
-0.039927
-0.023406
0.022182
0.023877
0.015461
0.030482
0.056200
0.000889
-0.005826
0.012030
0.013227
-0.062553
-0.040582
-0.050089
0.027406
0.031241
-0.038188
0.016039
0.083496
-0.024599
0.043363
0.019831
-0.023810
0.013385
-0.089745
-0.034582
0.001284
-0.072242
0.061376
-0.021033
0.074860
0.066995
-0.012385
0.054474
-0.018098
0.018299
-0.086096
-0.056055
0.025353
-0.053850
0.055782
-0.019445
0.027592
-0.026644
-0.039975
0.008793
0.027657
0.012750
0.054067
-0.029974
-0.071837
-0.056360
0.064641
-0.093978
0.037835
0.108702
-0.024813
0.047243
0.017522
-0.007288
0.034049
0.047531
0.017030
-0.028719
-0.003901
-0.053953
-0.045891
0.013146
-0.008645
-0.047867
0.001769
-0.095355
-0.073591
-0.009393
-0.061472
-0.002540
-0.015733
-0.035730
-0.029144
0.033469
0.053923
0.023346
-0.017983
-0.002989
-0.040903
0.041976
0.015286
-0.038171
0.069090
0.006908
-0.023234
0.011501
-0.010555
0.033538
0.026633
-0.000516
0.014162
0.054271
0.025475
0.025185
0.022116
-0.014862
0.008783
-0.067748
0.030890
0.039627
0.059294
0.043239
-0.062514
-0.042446
-0.021646
0.031457
0.019713
-0.013301
0.030443
0.006301
-0.015506
0.093670
0.006151
0.078864
-0.005788
-0.007491
0.057269
-0.070499
0.049192
0.070102
-0.004525
0.026860
-0.046531
-0.030596
-0.051547
-0.066294
-0.083930
-0.106568
-0.075813
-0.090408
-0.071508
-0.024503
0.044296
-0.030019
-0.109043
0.009287
-0.008716
-0.040096
-0.000878
0.000506
0.077091
0.050272
0.100935
0.006695
-0.050791
-0.050189
-0.021344
-0.036819
0.031627
0.025323
0.015205
0.035366
-0.033590
-0.030574
-0.008837
-0.055838
0.001870
0.031924
0.027490
0.015980
-0.065880
-0.058619
-0.080301
-0.036430
-0.054775
-0.062954
-0.012120
-0.055426
0.012037
0.084533
-0.018775
-0.002072
0.036116
-0.006962
0.008861
0.015004
0.002109
-0.011957
-0.063396
-0.005878
-0.019868
-0.076316
-0.071882
-0.036484
-0.085671
0.035836
0.104020
-0.023969
-0.033635
0.058948
-0.016247
0.024872
-0.087775
-0.076339
0.083309
0.060175
0.003636
-0.033471
-0.023849
-0.046653
0.017865
0.065310
-0.041040
0.000570
0.086069
-0.047012
-0.007196
-0.038245
-0.077242
-0.039427
-0.005783
-0.004943
0.010038
0.050569
-0.016102
-0.013873
0.035686
0.010766
0.028906
0.039424
0.053642
0.044596
-0.004756
0.062559
0.013527
-0.000806
0.017220
-0.079228
-0.067681
-0.084225
-0.071653
0.009581
0.079513
0.088746
0.072428
0.126954
0.057247
0.013136
0.042897
0.006924
-0.043619
0.018474
0.032897
0.091513
0.128214
0.049413
0.018843
0.137552
0.033830
0.001676
-0.036003
0.001419
0.050743
-0.082602
-0.040659
0.077872
0.021757
0.025623
0.067526
0.037440
0.106297
0.063978
-0.022978
0.089083
0.073116
0.051795
0.058019
0.036191
0.018090
-0.076214
-0.045977
-0.045583
0.052837
0.094458
-0.029510
0.015539
-0.009911
0.044470
0.018887
-0.028880
0.037876
0.004421
0.029674
0.017633
-0.152988
-0.009902
0.004938
-0.019138
0.027474
-0.002832
-0.017196
0.036626
0.023273
-0.039555
-0.005124
0.062404
-0.034094
0.085986
0.044502
-0.016428
-0.072688
0.054382
-0.027853
-0.053687
0.062802
0.071072
-0.045035
0.014693
0.039557
-0.016194
-0.087592
0.026773
0.041032
-0.046852
0.064944
0.005259
-0.049038
-0.028599
-0.045857
-0.047343
0.090859
-0.014096
-0.049198
0.076346
0.015332
0.041296
0.051047
0.102869
0.056139
0.053986
0.050959
0.051149
0.101375
0.027942
0.047545
0.022347
-0.002903
-0.043407
-0.007868
-0.083530
0.041472
0.059417
-0.034940
0.012172
0.023680
0.025592
0.020954
0.006806
-0.007960
-0.053164
-0.032662
0.016353
0.078351
0.005138
0.011888
0.036070
0.074334
0.009103
0.043581
0.051939
0.002400
0.058115
-0.058737
-0.077450
0.070161
-0.019595
-0.029973
-0.042388
0.066052
0.093876
-0.008480
-0.028041
-0.021739
0.004619
-0.051002
-0.029190
-0.011741
-0.032706
-0.088025
-0.131789
0.035497
0.047125
-0.004235
0.145195
0.022466
0.069164
0.019240
-0.049648
0.053991
0.031513
0.018898
0.027194
0.005477
0.043954
-0.006608
0.046258
-0.032786
-0.120739
0.063281
0.006862
0.004856
0.045542
-0.041372
0.012408
0.015206
-0.026625
-0.011354
0.022258
-0.077759
-0.036136
-0.061542
-0.079150
0.002359
-0.043984
0.052734
0.062301
-0.005995
-0.016263
0.029049
0.002178
0.035841
0.070558
-0.005612
-0.020185
-0.046773
-0.029762
-0.123391
-0.001519
0.106257
-0.028728
0.035135
-0.063679
-0.028240
-0.039325
-0.019431
-0.043079
-0.052452
-0.036452
-0.045778
-0.039994
-0.049804
-0.014444
0.070636
-0.018641
-0.022836
0.009280
0.013588
0.052199
0.024806
-0.066140
0.013605
0.002514
0.049811
-0.028039
-0.019248
0.016458
-0.040670
-0.004689
0.017643
-0.012132
0.055748
-0.001909
-0.000005
0.011921
-0.015700
0.029077
-0.020959
-0.022518
0.077158
-0.001733
0.004536
0.068318
0.015162
-0.030044
0.007749
0.037035
-0.000900
0.066284
0.055380
0.046527
0.039785
0.037646
0.002595
0.047704
-0.027998
-0.002782
-0.068272
-0.041767
-0.030715
-0.133436
-0.059382
-0.043405
0.018254
0.003792
0.013047
-0.043511
-0.044304
-0.007740
-0.029839
0.019419
-0.059426
-0.030315
-0.026776
-0.011787
0.006993
-0.031881
-0.042989
0.040316
0.052773
-0.057349
-0.052810
0.002801
0.055376
0.023383
0.009485
-0.035706
0.046081
0.054205
0.022495
0.070926
0.101490
0.037001
-0.069628
0.007331
0.041149
-0.050463
0.050011
-0.011182
-0.043868
-0.012447
-0.023400
0.027637
-0.024966
-0.021554
0.027319
0.010548
0.065700
0.009186
-0.046450
-0.036486
0.019160
0.002562
-0.071704
0.044074
0.004206
-0.010445
0.050658
0.008409
-0.011879
0.014065
-0.045251
0.059183
0.043911
0.014750
0.033558
0.075168
0.101970
0.071110
0.111527
0.117399
0.073678
0.041591
0.069197
0.026842
0.008295
0.114847
0.073861
0.049003
-0.016381
0.034806
0.012493
-0.041635
-0.064383
-0.010603
0.045786
-0.077623
0.009638
0.016692
-0.050066
-0.000724
-0.006590
0.048547
0.010009
-0.122089
-0.030390
0.021309
0.002018
-0.020081
0.066005
0.111786
-0.013653
-0.064081
-0.011430
-0.022067
-0.036600
0.096566
-0.020421
-0.141672
0.032622
-0.047942
-0.008078
0.046206
-0.043661
-0.009635
0.035198
-0.067294
-0.049326
0.037286
-0.026297
0.053640
-0.001376
-0.064505
-0.001472
0.079421
0.032194
-0.029712
0.008373
0.014684
0.017661
0.020182
0.090393
0.096764
0.072608
0.080082
-0.019767
-0.015555
-0.109374
-0.085859
0.068533
0.070163
0.030384
0.052029
-0.007707
-0.040262
-0.077631
-0.146461
-0.019021
-0.064746
-0.061842
-0.039276
0.034802
-0.021529
-0.072955
0.073168
0.064607
0.028850
0.012486
-0.005039
0.005878
0.007613
0.046260
-0.001737
0.037788
-0.033990
-0.027350
0.043131
0.012255
0.059153
0.038817
-0.003049
-0.036818
-0.012680
-0.070147
0.029330
0.045012
-0.042092
-0.015386
0.056072
-0.016218
0.031342
0.078349
-0.026236
0.019515
-0.056975
0.010967
0.089804
0.025616
0.013518
-0.003737
-0.012381
-0.013500
-0.010756
0.020580
0.039183
0.073847
0.045177
-0.053605
-0.018997
-0.031518
-0.012527
-0.029356
-0.051090
-0.020029
0.066710
-0.001063
0.011932
0.049865
0.034412
0.012876
0.047501
-0.038497
0.021286
0.087472
0.015019
0.051423
0.018460
0.038274
0.073700
0.038875
0.040170
-0.052558
-0.005603
0.004203
-0.003502
-0.073854
0.003694
0.007280
-0.002236
0.025163
0.022304
0.035705
0.055802
-0.029565
0.024422
0.024421
-0.021480
0.048422
-0.015194
-0.064953
-0.024702
-0.089906
-0.082205
-0.057745
0.001438
0.033160
-0.015861
-0.002702
0.075308
-0.047867
-0.007595
0.018302
-0.043825
0.098190
0.031797
-0.047044
0.036356
0.040854
-0.072658
-0.003068
0.027910
-0.018344
-0.014004
0.002199
0.073085
-0.009831
-0.080130
0.011573
-0.081009
-0.038554
0.143971
0.015812
0.032127
0.086108
0.063202
0.091974
0.070620
0.090340
0.084680
0.064207
0.073720
0.075781
-0.002558
0.047829
0.117748
0.094058
0.034794
0.004892
0.010238
-0.058346
0.001597
-0.048656
-0.024691
0.040177
0.019470
0.071536
0.028864
-0.046711
-0.046511
-0.032719
-0.080072
-0.050729
0.013402
-0.008097
0.018362
0.007445
-0.062162
-0.042686
0.054880
0.040503
-0.023722
-0.026917
-0.039228
0.033767
0.014608
0.017532
0.049793
0.012072
0.050474
0.019677
0.027813
0.049202
0.067335
0.093732
-0.020672
0.023939
0.080965
-0.053240
-0.046109
-0.013506
-0.042896
-0.046029
-0.046577
-0.049618
-0.053780
-0.011354
-0.030435
0.013542
0.025280
-0.023306
-0.029747
0.034257
0.035323
-0.037420
-0.013864
0.053423
-0.016070
0.019154
0.057448
0.046837
0.005300
-0.021691
0.104091
-0.000720
-0.007942
-0.012921
0.010671
0.089220
0.078243
0.030472
0.060885
0.038714
0.038023
0.073691
-0.034019
-0.005694
0.054717
-0.004070
-0.002494
0.005311
-0.054431
-0.035497
-0.009841
-0.071499
0.009577
-0.077281
-0.026162
-0.005616
-0.084330
-0.010798
-0.033732
0.049917
0.038623
0.005686
0.064935
-0.010658
-0.031353
0.004005
-0.065309
-0.068046
0.035096
-0.058789
-0.009125
0.019677
-0.031077
-0.035693
-0.014151
0.071319
-0.006035
0.003204
0.069044
0.050448
-0.078764
-0.023248
-0.078590
-0.041125
-0.006233
-0.035243
0.081677
0.057946
0.033844
0.051685
-0.031787
0.035819
0.080668
0.024187
-0.102647
-0.044070
-0.010982
-0.121461
-0.000762
-0.034275
-0.048521
0.025497
-0.057731
0.034840
0.044958
0.021299
0.048302
0.036051
0.004497
-0.057636
-0.078058
-0.098669
-0.075933
0.002903
0.010559
-0.062820
-0.020943
-0.056759
-0.097396
0.028823
0.045594
0.021199
0.054861
0.011370
0.009784
0.005209
-0.029418
0.013295
0.005692
0.073364
0.030120
0.006131
-0.012973
-0.015411
-0.023482
0.027648
0.089936
0.018462
-0.041417
0.036451
-0.014344
-0.006443
-0.014068
0.051650
0.017232
-0.024313
-0.066148
-0.047207
-0.095137
-0.042192
-0.022954
-0.065189
-0.021688
-0.017740
0.002124
0.085508
0.049050
0.013311
0.046256
0.013737
-0.057176
0.004978
0.033048
-0.103372
-0.073513
0.037088
0.015303
-0.015925
-0.041440
-0.012400
0.050849
-0.015191
0.028250
0.103576
0.090426
0.058663
-0.036238
-0.024882
-0.038124
-0.009179
-0.038162
-0.027658
0.018408
0.061853
0.055851
0.063342
0.075204
0.084799
0.023964
0.003683
-0.024153
-0.055762
-0.016703
0.030313
0.061857
-0.021689
0.074801
0.032911
-0.005632
0.032556
0.117974
-0.059773
-0.059005
0.028839
-0.034376
-0.095299
-0.124359
-0.105049
-0.087422
-0.012042
-0.059249
-0.103354
0.010001
-0.039904
-0.022118
-0.028783
0.008179
-0.061286
-0.034529
0.007553
-0.084684
-0.147597
-0.129155
-0.046703
-0.020191
0.054205
0.112999
0.051807
0.085804
0.090319
0.057895
0.102742
0.041612
-0.013166
-0.037612
-0.088865
-0.043793
-0.000635
0.004730
0.021723
0.003197
0.075867
0.059135
0.003141
-0.013889
0.056553
0.024397
0.044044
0.053177
-0.044888
0.054332
0.127582
-0.045670
-0.001823
0.026187
-0.013751
-0.008032
0.029061
-0.011603
-0.017235
0.138562
0.088959
-0.004400
0.006964
-0.047521
-0.041116
-0.020459
-0.013940
-0.041841
-0.072231
-0.010886
0.003963
-0.006788
-0.030819
0.000996
-0.003615
0.012412
0.007532
0.007750
-0.049397
-0.011684
-0.050296
-0.048264
0.020226
0.020752
0.032277
0.001498
-0.013734
-0.022651
0.011915
-0.066042
-0.004858
-0.052785
-0.157625
-0.014609
0.005438
-0.004169
0.073138
0.051384
0.092493
0.021504
0.090931
0.024177
-0.037618
0.031260
0.028198
0.007108
-0.060952
0.013483
-0.001612
-0.005463
-0.024244
-0.051733
-0.002160
-0.080445
-0.048083
-0.007535
-0.001130
0.004918
-0.073078
0.002453
0.018469
0.009525
0.073031
-0.012047
-0.054247
-0.044442
-0.047145
-0.045169
-0.061594
0.007217
-0.031900
0.016793
0.066244
0.063522
0.043995
-0.004858
0.049234
0.048185
-0.022936
0.046048
-0.042884
-0.082906
0.066575
0.062167
-0.013787
0.095769
0.007193
0.008516
0.081174
-0.018425
0.056868
0.122479
-0.060892
0.008886
0.081264
-0.011304
-0.078089
0.054055
-0.024731
-0.002234
-0.008624
-0.018899
0.051796
0.049783
0.089148
-0.032248
-0.019197
0.050672
0.050386
0.025875
-0.076472
0.040935
-0.035539
0.050338
-0.023868
-0.068038
0.010632
0.091709
-0.024858
0.015470
-0.035550
-0.065080
0.006482
-0.062556
0.059923
-0.044603
-0.055246
-0.018442
-0.102247
0.013236
0.044944
-0.049970
0.046678
0.100801
-0.032699
0.004086
0.027630
-0.043295
-0.029640
-0.118135
-0.062589
0.101862
-0.025544
-0.015433
0.073792
-0.024333
-0.076087
-0.021774
0.038970
-0.036603
-0.050161
-0.016023
0.048087
-0.008790
-0.056683
-0.017721
-0.091010
-0.098713
-0.072904
-0.060317
-0.016950
-0.016776
-0.024603
-0.013609
-0.042724
-0.058894
0.066868
0.091222
-0.033575
-0.015978
0.010344
-0.024443
0.058225
0.005866
0.103509
0.059242
-0.042014
0.018110
-0.048825
-0.034342
0.007426
-0.082013
0.039630
0.015765
-0.031845
-0.038739
-0.014270
-0.027617
-0.009027
0.009482
0.003753
0.065839
0.022005
-0.103816
-0.000390
0.075310
0.048382
0.069458
-0.032247
-0.016415
0.013984
0.022964
-0.037044
-0.042002
-0.025130
-0.013620
0.004714
-0.027757
-0.079326
-0.025103
0.039279
-0.002583
-0.018061
0.019172
-0.055931
-0.102134
-0.001461
0.056787
0.041168
0.139747
0.000618
0.035838
0.019930
-0.096789
-0.046118
0.041559
0.026837
0.051649
0.034747
-0.057188
0.031658
0.073590
-0.061916
-0.027041
-0.073013
-0.053286
0.061712
-0.009078
0.011547
-0.002489
-0.002598
-0.030016
-0.016956
-0.035894
0.001310
-0.005422
0.007640
-0.004124
-0.037213
0.010836
-0.020424
-0.050773
0.022096
-0.000323
-0.007877
-0.048112
-0.082062
-0.052908
-0.001086
0.070948
0.071994
-0.100410
-0.048595
0.011504
-0.053485
0.015526
-0.045213
-0.105521
-0.034634
-0.111445
-0.069082
0.012916
-0.022910
-0.008151
-0.052221
-0.011878
-0.014135
-0.035124
0.088586
-0.000564
-0.057693
0.067318
0.090539
0.069161
-0.031226
0.050811
0.003082
-0.009169
0.072231
0.086532
0.060961
0.038848
-0.002450
0.018615
-0.007391
0.009273
0.004078
0.009632
0.003003
0.084916
0.018480
0.028535
0.029269
-0.084905
-0.024861
0.024127
-0.056751
0.010940
0.027240
-0.026292
0.024796
0.008362
0.066657
0.019216
-0.033155
0.002014
-0.050158
-0.018675
-0.046345
-0.091959
-0.038221
-0.100300
-0.058409
-0.088172
-0.058432
-0.053323
-0.026328
0.025927
0.006136
0.034657
0.015200
-0.078747
0.004535
-0.038872
-0.094499
0.026662
-0.093108
-0.056658
-0.074579
-0.090434
0.022933
-0.134070
0.000310
-0.023548
-0.047432
0.042972
-0.032273
-0.044594
0.018456
0.017151
-0.016472
-0.110756
-0.042514
-0.035770
-0.002757
0.007502
-0.079528
-0.065053
-0.036617
-0.002291
-0.072527
-0.009508
0.028712
-0.016593
-0.031042
-0.049717
0.077029
-0.001543
-0.074555
0.049521
-0.043194
-0.015962
0.078966
0.014393
0.073670
-0.028550
-0.045683
-0.018955
0.019931
0.067806
-0.118894
-0.080276
0.055842
-0.002650
-0.047575
-0.015892
0.026510
-0.058855
0.011436
0.027855
0.032169
-0.017735
0.028316
-0.037113
-0.016562
-0.060027
-0.083986
0.000742
0.011973
-0.008552
-0.010159
-0.042633
-0.089343
-0.002396
-0.107161
-0.093098
0.020085
-0.010619
0.015417
-0.036006
-0.073883
0.004477
-0.010362
-0.070588
-0.078135
-0.015165
0.027195
0.008144
0.061348
0.026982
0.004917
-0.000042
-0.028040
0.026157
0.006491
-0.058981
0.017119
-0.024088
-0.020355
-0.029123
-0.015715
0.074863
0.017465
0.039240
-0.001810
-0.050270
0.057071
-0.072303
-0.050938
0.085014
-0.037295
0.041726
-0.015702
-0.040067
-0.088253
-0.060123
-0.075706
-0.092562
0.045157
0.009536
-0.034766
-0.061530
-0.058879
-0.076318
-0.079920
0.065052
-0.065647
-0.027885
0.048827
0.125803
0.011839
0.010663
0.120300
0.017491
0.061993
0.042293
0.057901
0.067038
0.008108
0.025567
0.067281
0.025941
-0.022202
0.063808
0.026792
0.014124
-0.043624
0.003476
0.091605
0.038759
0.101544
0.035186
-0.015944
0.069349
-0.024142
0.028951
0.055566
0.080703
-0.067287
0.038999
0.035360
0.010256
-0.009271
-0.050559
0.055875
-0.060842
-0.031364
-0.061519
-0.066364
-0.037892
-0.077177
-0.055811
-0.077344
-0.115936
-0.051809
-0.025822
-0.021603
-0.017840
0.011533
-0.065364
-0.012390
0.022478
0.090675
0.101335
0.050131
0.038124
0.061257
0.026673
-0.029364
0.102567
0.033557
-0.079727
0.056087
0.065377
-0.008152
-0.013992
0.030210
0.019508
-0.047367
-0.038489
0.041722
-0.023678
-0.036695
-0.044946
0.015695
-0.025829
-0.009492
-0.050171
-0.097692
0.003458
-0.063779
-0.056463
-0.113350
-0.047889
-0.056855
-0.059120
-0.014463
-0.003764
-0.028669
0.012427
-0.053330
0.041417
0.051985
-0.003784
0.015361
-0.032516
0.027449
-0.039659
-0.032333
0.004212
-0.033612
-0.049541
-0.012281
-0.029610
0.019517
-0.001649
0.104303
0.015614
-0.123793
0.018797
0.042004
-0.022624
-0.018952
0.000450
0.024708
-0.016455
-0.033221
0.028543
0.024243
-0.057479
0.000373
0.092523
0.022280
0.014232
0.055949
-0.005075
-0.001126
-0.027730
-0.042120
0.020659
-0.010460
0.086715
0.046041
0.057947
0.106910
0.064677
0.076989
0.010913
-0.077738
-0.021243
-0.041448
0.084048
0.019975
-0.041264
0.038767
-0.018370
-0.045249
-0.123510
-0.006784
-0.051372
-0.031591
0.056055
-0.045523
-0.012284
-0.042628
-0.036679
-0.046455
-0.058880
0.000224
-0.017739
-0.044305
-0.045904
-0.074405
-0.040781
0.001509
0.038119
-0.061256
-0.030228
0.031880
0.043094
0.021114
0.049394
0.026449
0.030400
0.013275
-0.019165
-0.003362
-0.058525
-0.009344
-0.051372
0.005497
-0.021021
-0.066887
-0.039565
0.025159
0.018190
-0.024558
0.027614
-0.044538
0.113830
-0.009529
-0.088307
-0.000118
-0.027642
-0.005183
-0.029912
-0.085533
0.029620
0.041945
0.059363
0.005760
0.055269
0.084465
0.000399
0.017011
0.012253
0.005119
0.050641
-0.032271
-0.063478
-0.004570
0.015320
0.002877
0.023741
0.080475
-0.005361
-0.087024
-0.052626
-0.033662
-0.066828
-0.015356
0.038325
0.026642
0.013435
0.011565
-0.001548
-0.002930
-0.041003
0.058995
-0.001714
0.006061
0.017973
-0.020514
-0.049243
-0.070534
0.029570
0.066104
-0.014983
-0.082294
0.029178
0.047711
-0.044907
-0.050347
-0.017998
-0.078696
-0.031172
-0.044404
-0.007995
-0.004512
0.022281
0.059215
0.037048
-0.023824
-0.046146
-0.017427
-0.002472
0.039102
0.018211
-0.055028
0.019772
-0.024733
-0.061969
-0.033167
-0.022135
-0.000528
-0.027656
-0.017118
0.024072
0.056388
0.031327
0.049361
-0.006830
0.098432
-0.006148
-0.041354
0.041368
-0.081024
-0.025400
-0.076353
-0.055996
0.001946
-0.049454
-0.018097
-0.003969
0.046328
-0.009139
-0.037276
0.086331
0.051833
-0.081074
-0.069256
-0.014287
-0.061385
-0.023713
-0.005649
0.010650
-0.003023
-0.080857
-0.049852
0.029801
0.059535
0.044177
0.015528
-0.045459
-0.065483
-0.100977
-0.021289
-0.045640
-0.022214
0.006027
-0.028196
-0.069661
-0.001415
-0.006738
-0.014115
0.041025
0.061290
-0.037936
0.003470
-0.007003
0.038508
0.101653
0.019900
0.032821
0.089747
-0.005031
0.046281
-0.006522
-0.034290
0.009171
-0.025535
-0.012211
0.057694
-0.092865
0.053959
0.042084
-0.067634
-0.008637
0.021347
-0.088967
-0.060653
-0.059969
-0.005719
-0.000730
0.018013
0.016389
-0.050469
0.008923
-0.031431
0.027706
0.058707
-0.091003
-0.031649
-0.009140
-0.077949
-0.024349
0.047537
0.008621
0.054993
0.062767
0.101459
0.062592
-0.035797
-0.020310
-0.022834
-0.016985
-0.013747
0.000959
-0.066492
-0.085205
-0.003491
0.044426
-0.036609
0.027839
0.023059
0.004387
-0.059522
-0.013284
0.044131
0.040099
-0.046545
0.009071
0.058866
0.037119
0.040534
0.069465
-0.004916
-0.006214
-0.007250
-0.022088
0.027033
0.016766
0.007085
0.010939
-0.035279
0.000240
-0.036036
-0.143136
-0.093244
-0.054986
-0.006236
0.049835
-0.095735
-0.041561
0.032200
0.059006
0.041485
0.040791
-0.018592
0.002091
-0.023202
-0.102822
-0.063941
-0.103674
-0.058858
-0.057675
0.016025
-0.019532
0.007961
0.086173
0.078670
0.019864
0.032264
0.005935
0.034917
0.004040
-0.103217
-0.079090
-0.043018
-0.016691
-0.027904
-0.072501
0.014012
-0.018712
-0.029486
-0.029798
-0.088932
-0.050320
0.027954
-0.071164
-0.047466
-0.033118
0.016244
-0.021413
-0.027029
0.003923
-0.053604
0.033073
0.090665
-0.089725
-0.031407
0.001142
0.009349
0.016386
-0.017717
-0.028149
-0.068329
-0.041686
-0.117194
-0.027117
-0.000958
0.007488
-0.043153
-0.027715
0.014178
-0.046094
-0.007700
-0.066401
-0.049348
0.072206
-0.075168
-0.047041
0.061608
-0.017637
-0.012983
0.004703
0.007180
-0.040652
-0.037465
-0.074563
-0.081007
-0.011898
-0.044813
-0.048244
0.073638
0.031786
0.077443
0.092681
-0.001934
-0.000781
0.042492
-0.069801
-0.004859
-0.021992
-0.117229
-0.039581
-0.048064
-0.047095
0.074663
0.004278
-0.002534
0.077501
-0.032508
-0.015369
0.030004
0.055925
-0.016661
-0.034048
-0.064694
-0.063432
-0.055095
-0.054746
-0.079342
0.042500
-0.057312
-0.081847
0.008741
0.037687
-0.046690
-0.032489
0.085864
0.038074
0.151676
0.029900
-0.006797
0.030196
0.051444
0.024374
-0.036382
0.021713
-0.057736
0.009988
-0.043196
-0.034090
-0.030119
0.026966
-0.015141
0.028375
0.049794
-0.032704
-0.030110
0.007652
0.043714
0.043378
0.061516
0.104033
-0.020137
-0.006095
0.023973
-0.009251
-0.033300
-0.001815
0.010386
-0.012679
-0.049509
0.011239
-0.020977
-0.131120
0.042063
0.025976
0.005224
0.101751
-0.073944
-0.017700
0.045937
-0.058564
0.035229
-0.018831
-0.016507
-0.027839
0.035270
-0.041088
-0.053686
-0.057545
-0.012885
0.020045
-0.143783
-0.009390
0.017502
-0.021949
-0.058336
-0.014878
0.032772
0.026008
0.010380
0.022201
0.095160
-0.034117
-0.052827
0.047652
-0.029093
0.028786
0.072817
-0.017003
-0.053472
0.047358
0.005942
-0.014114
0.115209
-0.006365
-0.023285
-0.048407
-0.073962
0.006737
-0.008436
-0.026773
-0.067313
-0.002531
-0.039753
-0.043627
-0.049447
0.042374
0.027610
-0.038325
-0.049922
-0.047986
-0.052974
0.048879
-0.028065
0.027430
0.100021
0.031071
-0.060849
-0.049942
0.000747
-0.047891
0.015455
0.044471
0.031132
0.000044
0.077704
0.062557
-0.027563
-0.036690
-0.023131
-0.006449
-0.007989
-0.017832
-0.004387
-0.061310
-0.089998
-0.021504
-0.067541
-0.022374
-0.037320
-0.020656
0.041232
-0.005183
-0.011468
0.007915
-0.006633
0.010648
-0.045112
0.007394
-0.014848
0.026979
-0.024407
-0.025176
0.025999
-0.049025
0.003542
0.034484
0.055386
-0.006591
-0.068240
0.032259
-0.105727
-0.044898
-0.065301
-0.096552
-0.103118
-0.031948
-0.053269
-0.091882
-0.015228
-0.010076
-0.113906
0.010376
0.045837
-0.038258
-0.055123
0.000665
-0.103366
0.005599
-0.088096
-0.071075
0.020783
-0.014161
0.057310
0.051236
-0.035651
0.022294
0.009107
-0.040573
-0.053271
-0.009727
-0.043594
0.063317
0.006933
0.045775
0.042451
-0.030656
-0.066964
-0.033940
0.019550
-0.039330
-0.018854
-0.060572
-0.066799
0.008828
-0.031253
-0.014769
-0.037632
-0.046302
0.023228
-0.076550
-0.053468
-0.042229
-0.052333
0.019558
0.058925
-0.000442
-0.060835
-0.045578
-0.002771
-0.009124
0.072570
-0.008955
-0.081180
0.019792
-0.062135
-0.067792
-0.032989
-0.114183
0.003469
0.060318
-0.069825
-0.028085
0.005754
-0.025947
0.019514
-0.059334
-0.031431
-0.038606
-0.031332
-0.067237
-0.016648
0.069349
0.032339
0.032592
-0.008059
-0.004049
0.017791
-0.093077
-0.021719
0.020012
0.010896
0.045036
0.004402
-0.039368
0.006294
-0.018207
-0.041550
-0.055914
-0.006521
-0.031730
0.051484
0.084112
-0.007455
0.063118
-0.022620
-0.136849
-0.027936
-0.063184
-0.040589
0.031091
-0.013747
-0.060798
-0.048075
0.044535
0.006480
-0.103110
-0.022301
-0.114759
-0.055562
0.058262
-0.002942
-0.070230
0.091925
0.119265
-0.002658
0.051628
-0.048375
-0.019020
0.093689
-0.014949
0.077928
-0.017167
0.001997
0.068026
-0.005867
0.053473
0.044440
-0.041449
0.047610
-0.008036
-0.016887
-0.023789
0.021018
0.014011
0.033966
-0.035270
-0.035498
-0.017023
-0.030572
0.038720
0.065523
0.056665
0.003315
-0.020547
0.034114
0.012769
-0.029699
0.037927
-0.023732
0.038250
0.064151
0.010563
0.009927
0.033721
0.064629
-0.062825
0.063643
0.144740
0.046787
-0.021025
-0.008932
0.091613
-0.005572
-0.001079
0.135745
0.041057
0.060940
0.089124
0.012196
0.034502
0.073256
0.009843
-0.033558
0.022567
-0.051344
0.026900
0.035910
0.098522
0.102974
-0.002481
0.043060
0.020817
0.033238
-0.041006
-0.103894
0.024533
-0.113691
-0.052998
0.024445
0.075353
0.005410
-0.109405
-0.075865
0.028324
0.019907
-0.044332
-0.034644
-0.039066
0.044728
0.049559
0.036628
0.036564
0.008531
-0.022819
-0.022626
-0.054152
0.022607
-0.018695
0.058924
0.042760
0.039028
0.070299
-0.028659
-0.024205
-0.009079
0.034771
0.012865
-0.025962
-0.058428
0.036199
-0.106789
-0.052369
0.116284
0.079479
-0.032265
0.042209
0.037605
0.049724
-0.009962
0.021708
0.046459
0.017162
-0.013977
0.044869
0.013219
0.004010
-0.072950
-0.013727
0.042769
0.053046
0.038241
0.019450
0.014900
0.040548
-0.013629
0.028230
0.035386
0.004732
0.035995
-0.104547
0.052993
-0.036530
-0.084856
0.052288
-0.022253
-0.011232
0.015132
-0.059618
-0.127447
-0.087459
0.002539
-0.034457
-0.025621
-0.048381
0.049244
0.077596
0.037979
0.102235
0.047338
-0.019058
0.059146
-0.012794
-0.019547
-0.035606
-0.026441
0.089062
0.061241
-0.007772
0.012472
0.001123
-0.024740
0.014003
-0.034156
0.010184
-0.011524
-0.015040
0.040619
0.128414
0.097309
-0.055919
-0.063737
-0.047356
-0.000647
-0.057828
-0.014556
-0.019994
0.058746
0.040367
0.026978
0.039388
-0.045536
0.004680
0.010813
-0.052677
-0.003341
-0.027412
-0.074887
0.021338
0.000714
0.060797
0.008482
-0.031713
0.009167
-0.058852
-0.076309
-0.090543
-0.073893
-0.054844
0.007724
0.004014
-0.055003
-0.110883
-0.038122
0.030920
-0.063630
0.011982
0.055801
-0.038708
0.036355
0.000125
-0.033423
-0.019553
0.016664
0.027654
0.038681
0.049328
-0.021644
0.010478
0.005213
-0.007544
-0.004149
-0.009123
0.045064
-0.048635
0.026335
0.074905
-0.057761
-0.005317
0.016752
-0.005174
0.004723
-0.028070
0.043981
-0.063319
-0.031215
0.131642
0.060861
0.069794
0.059291
0.002734
0.052892
0.058676
0.167652
0.086541
-0.067669
-0.027584
0.064709
-0.044775
0.002149
-0.046788
-0.041995
0.006744
-0.030626
-0.062582
0.030575
0.045420
0.058947
0.015169
0.046533
0.123667
0.000620
0.076021
0.003073
-0.015380
0.011015
0.067556
0.126211
-0.024235
0.073368
0.017140
0.018043
0.044869
0.026375
0.026701
-0.031674
0.079292
0.047030
0.017581
0.005041
0.000470
-0.002243
0.041931
0.096325
0.022154
-0.016229
-0.016206
0.064663
-0.071660
0.000067
-0.025340
-0.060506
0.048150
0.006876
0.019721
0.049455
0.017024
0.075106
0.038888
-0.001477
0.014169
-0.029060
-0.053436
-0.024467
0.001431
-0.061301
0.027533
0.019220
0.012554
-0.022946
0.096155
0.019283
0.031041
0.057247
-0.010716
0.008690
-0.073515
-0.021441
0.078865
-0.016399
0.044907
0.020064
0.001732
0.080120
-0.009345
0.026110
0.075108
-0.060544
0.048802
0.085687
0.058609
0.038111
-0.049841
0.004145
-0.024803
0.025611
-0.014348
-0.046381
-0.038239
0.023141
-0.016688
0.017318
0.069399
0.026499
-0.015629
0.129207
0.065538
0.013050
-0.041545
-0.044553
0.053993
-0.033159
-0.037899
0.044156
-0.045318
-0.116574
-0.072388
0.006055
-0.044338
-0.033640
-0.044267
-0.003096
-0.027629
-0.053659
0.022841
-0.001397
0.110747
0.038826
0.008948
0.033251
-0.083497
-0.035355
0.031066
0.004571
0.131681
0.097444
-0.025584
-0.057228
-0.074994
-0.024552
0.038998
0.072045
0.025667
0.022684
-0.042314
-0.023880
-0.076991
0.012550
-0.040084
-0.093296
-0.021686
-0.027752
-0.076786
-0.036103
0.058963
-0.014952
-0.049344
0.016068
0.053356
-0.070212
-0.004843
0.011223
-0.037050
0.008503
-0.025979
0.002741
0.090376
0.032251
0.012489
-0.053012
0.028187
0.011879
0.069677
0.025941
-0.008421
-0.003356
0.037427
0.087042
0.087359
0.056690
0.040967
-0.028823
0.060974
0.057434
0.052498
0.079867
0.032822
0.142855
0.056463
-0.019127
0.054554
0.068713
0.102754
0.059462
-0.007101
-0.013496
0.070115
0.036653
0.028263
-0.070960
-0.014760
-0.023341
-0.026090
0.005813
-0.003991
0.060503
0.080110
0.049801
0.039762
-0.003443
-0.037724
0.038729
-0.084223
-0.042536
0.068820
-0.066222
0.011364
0.059899
-0.039534
0.047155
-0.020890
0.026037
-0.003844
-0.032386
-0.051525
0.069434
-0.019825
-0.059645
-0.015331
-0.057784
-0.021183
-0.042931
-0.015676
-0.057380
-0.023449
-0.006316
0.015309
-0.004765
-0.035185
-0.029678
-0.016953
-0.032675
0.010414
-0.041737
-0.008160
0.002701
0.028763
0.017334
-0.017345
0.003092
0.025458
-0.022861
-0.028368
0.047976
0.134030
0.080615
0.064772
0.076470
0.139772
0.053414
0.018396
0.054375
0.023978
0.005808
0.039617
0.071779
0.075758
0.030643
-0.009689
0.011214
-0.036125
-0.040830
0.061749
0.008109
0.129366
0.097132
-0.016379
-0.025863
-0.038216
0.003960
-0.042396
-0.026680
-0.020002
0.020880
-0.056201
-0.058783
0.006851
-0.016767
0.010168
0.046227
-0.006733
0.087177
0.015302
-0.039001
0.085694
-0.081272
-0.043450
-0.065561
-0.041695
0.047759
0.007192
0.040645
0.042919
-0.005983
0.060193
0.145344
0.079424
-0.029899
-0.103757
-0.061757
0.046096
-0.018130
-0.004889
0.007707
0.011990
-0.054549
-0.044363
-0.098419
-0.027820
0.008124
-0.102658
0.076680
-0.012209
0.021383
0.019963
0.070346
-0.015229
-0.078675
0.062737
0.057064
0.038331
0.115211
0.057435
-0.035480
0.045157
0.071199
-0.036219
0.018211
0.020487
-0.067761
-0.048233
-0.005654
-0.067763
0.035775
0.016154
-0.013089
0.057729
0.011075
0.017165
-0.039266
-0.101119
0.014970
0.040745
-0.012300
-0.004682
0.002469
-0.020268
-0.019976
0.007342
0.036918
-0.039822
0.029151
-0.002441
-0.056512
0.048350
0.026575
0.032910
0.045257
0.096258
0.061774
0.076646
0.065028
0.089656
0.072201
-0.032913
0.005745
-0.001216
-0.108643
-0.029857
-0.029465
-0.036800
-0.009832
0.060005
0.023533
0.072026
0.050586
-0.014803
-0.039148
0.018351
0.075736
0.024665
-0.025615
-0.079170
-0.027642
-0.005490
-0.055602
0.090492
0.164457
0.052737
-0.022047
-0.017004
-0.046781
-0.000449
0.005561
0.008264
0.004605
0.054746
0.044253
0.038893
0.016308
-0.046045
-0.030051
-0.011764
-0.002105
-0.058083
0.022737
0.056373
0.022586
-0.000270
-0.062628
-0.019319
-0.011781
0.086547
0.001334
-0.006456
-0.053821
0.055660
0.047613
-0.058020
-0.008213
-0.056238
-0.040413
0.030346
0.016758
0.076232
0.088975
0.049125
0.043680
0.034814
0.114680
0.081317
-0.053007
0.014899
-0.085821
0.005496
0.017042
0.005129
0.062930
0.021318
-0.034679
0.017678
0.105759
-0.075344
0.066310
0.051409
0.030133
-0.002457
0.042879
-0.012607
-0.003542
0.008847
0.010792
-0.026036
-0.044307
0.016075
-0.015155
-0.057571
-0.023323
0.046444
0.002993
0.033824
0.058884
0.077894
-0.000891
0.018038
0.026851
-0.059758
-0.016760
0.005903
-0.010110
0.035059
-0.023221
0.039708
-0.061708
-0.010651
-0.053394
-0.069791
0.038679
0.006279
-0.003757
0.127214
0.113378
0.037239
0.080307
0.084757
0.038284
0.109378
0.137194
0.098632
0.042833
0.029495
-0.001632
-0.020795
0.106920
0.037138
0.002360
0.021125
0.078187
-0.002625
-0.005977
-0.050155
0.043759
0.053531
0.013104
0.014209
0.052797
0.076794
-0.030213
0.058938
-0.038651
-0.007441
-0.001769
-0.092205
-0.017617
0.019146
-0.010646
-0.092591
0.002859
0.090927
0.081546
0.086007
0.029098
0.008320
-0.032642
-0.034918
-0.005466
0.054098
-0.048761
-0.024231
0.011804
0.037105
0.058553
-0.016488
0.030662
-0.057171
-0.102178
-0.076031
-0.056803
0.067532
0.040684
-0.005515
0.015597
0.022885
-0.033819
0.058996
0.111771
0.017023
0.006561
0.032200
-0.021618
0.082329
0.022441
0.015512
-0.042859
-0.060760
-0.048742
-0.017113
0.048771
0.009784
0.039940
0.042441
-0.062776
-0.030832
0.003888
0.014780
0.006838
-0.056388
0.040119
0.061363
-0.007405
0.027103
-0.051232
-0.056550
-0.018766
0.077563
0.075298
-0.039288
0.063683
0.027269
-0.014330
0.060918
-0.039858
-0.075138
-0.030423
-0.020304
-0.044083
0.037767
-0.052938
-0.072324
0.031273
0.039121
0.027204
-0.067144
-0.008962
-0.048954
-0.040592
0.003897
0.005843
-0.045709
0.021358
0.017030
-0.083897
0.034631
0.020312
-0.091174
-0.067794
0.013020
0.009694
-0.026395
-0.014182
-0.029169
-0.047328
-0.025330
-0.060911
-0.049092
0.008357
-0.074379
-0.004337
-0.015947
-0.069514
0.057601
-0.040921
-0.013967
-0.058764
0.057372
0.116564
0.044586
0.047420
0.076149
0.139588
0.090879
0.037971
0.001570
-0.001588
0.056212
0.000071
0.015436
0.042595
-0.043340
-0.035054
-0.021455
-0.059453
-0.000150
0.035900
0.015497
0.023428
-0.026949
0.131750
0.021016
-0.002025
0.128936
0.040146
0.055627
-0.034293
0.004791
0.006471
-0.096838
0.031344
-0.020361
0.021536
-0.086364
-0.121236
-0.028763
-0.090062
-0.125187
-0.045532
-0.052649
-0.027593
0.053860
-0.011232
0.023733
0.045391
-0.009048
-0.030393
0.044086
0.018782
0.018516
-0.037692
-0.008289
-0.087841
-0.015589
0.091096
0.015613
0.103017
0.051517
-0.058710
-0.033578
0.002017
-0.008706
-0.009778
-0.018917
-0.086066
-0.083234
-0.042235
-0.140797
-0.114624
-0.055361
-0.007626
-0.019926
0.012071
0.055745
0.023813
-0.052249
-0.021548
0.100070
0.044603
-0.007300
0.026600
-0.025588
0.041461
0.050504
0.037153
-0.072203
0.016282
0.000321
-0.051403
-0.034453
-0.025481
0.017980
-0.006233
-0.066216
0.030246
0.072808
-0.002856
0.036991
0.035826
0.011504
0.073643
0.023069
-0.023389
0.029154
0.036463
-0.072816
-0.030965
-0.058554
-0.143806
-0.008950
0.054539
0.060750
0.049796
0.013776
0.053437
0.059026
0.036589
-0.062733
-0.035331
-0.052908
-0.044064
0.016697
0.002145
0.027019
-0.084325
-0.022325
-0.007949
0.030158
0.075095
0.065046
0.064186
-0.071530
0.067627
0.090488
-0.029359
-0.005544
0.000216
-0.015120
-0.049179
0.015759
0.020715
0.043558
-0.067691
0.018226
0.059908
-0.049466
0.072993
0.047405
-0.017840
0.022097
0.052576
0.019475
0.107534
0.033500
0.017330
-0.029568
0.008937
-0.046970
-0.049986
-0.031513
0.017315
-0.051297
0.039398
0.032979
0.022513
0.032758
0.008776
0.016908
-0.088595
-0.005457
-0.051137
-0.012905
-0.000026
0.047653
-0.026079
0.018720
-0.006340
-0.008478
0.027064
-0.021193
0.021785
0.008281
-0.024878
-0.018326
-0.076222
0.014068
-0.071839
0.004480
0.025664
-0.078035
0.003464
-0.030766
-0.041460
-0.029972
-0.027346
-0.025727
0.047167
-0.024159
-0.025941
0.053541
-0.028007
0.006650
0.062398
0.008291
0.053491
0.005862
-0.000985
0.026407
0.085351
0.073806
-0.018895
-0.025932
0.063132
0.093737
0.054909
0.012857
-0.005822
-0.055671
-0.079809
-0.032248
-0.046403
-0.027016
0.034734
-0.014445
-0.030473
0.067854
0.032662
0.072238
0.109887
0.043775
0.044481
0.113473
0.066698
0.082009
0.082306
0.153798
0.107814
0.121688
0.019381
0.002854
0.095821
0.025952
0.005796
0.069213
0.016083
-0.017961
0.031756
-0.040420
-0.052431
-0.026219
-0.033795
0.054422
0.102354
0.020233
0.014272
0.017698
-0.022516
-0.057221
0.015088
0.071157
0.007162
0.039190
-0.023904
-0.034015
0.013083
0.078217
0.052936
-0.001528
0.023632
0.021316
-0.032989
0.039280
0.115418
-0.041071
-0.000976
0.058277
0.003220
0.004875
0.015411
-0.033136
0.003423
-0.001921
-0.039260
0.127385
0.076161
0.059208
-0.027372
0.034920
0.022047
0.009714
0.028084
-0.027323
0.077692
0.008011
0.075007
0.031155
-0.056315
-0.000150
0.006404
0.036325
-0.017212
0.086246
0.014708
0.015785
-0.005370
0.002921
0.064189
0.006362
-0.040860
0.002172
-0.005947
-0.020980
0.003827
0.032732
-0.014591
0.036425
-0.121540
-0.059378
0.052205
0.041540
-0.069927
-0.054140
-0.107009
-0.068568
0.038408
-0.029774
-0.011249
-0.041196
0.024241
0.005675
0.045207
0.011790
0.030529
0.072064
-0.040525
-0.029448
-0.038927
-0.012654
-0.013534
-0.028927
0.021936
-0.010188
-0.008212
0.073899
0.102197
0.035674
0.034722
-0.043144
-0.064245
-0.054560
0.029303
-0.013462
0.025439
0.057791
-0.065970
0.012010
-0.092512
0.090171
-0.011864
-0.041991
-0.041077
0.108515
0.054392
-0.063297
0.015174
-0.050246
-0.012981
0.036274
0.019780
0.037834
0.009973
0.022969
0.065156
0.032134
-0.017890
0.038421
0.054357
0.003043
0.022684
0.042201
0.033735
-0.015908
-0.008419
0.012087
-0.055865
0.082981
0.100051
0.052114
0.047167
-0.068255
0.051626
0.063152
-0.075072
-0.074824
-0.086282
-0.000181
-0.069781
0.005123
-0.005411
-0.050779
0.023225
0.049878
0.082603
-0.012181
-0.033452
-0.013182
0.019360
0.016964
-0.023205
0.022747
-0.009439
0.003802
0.043055
0.024329
-0.049586
0.023631
0.020291
0.048320
0.007610
-0.015579
0.099717
0.073111
0.097746
0.015335
0.012547
-0.012767
-0.062600
-0.012827
0.064697
0.059403
-0.063744
-0.065983
0.007950
0.008265
0.082020
0.069984
0.017202
-0.002440
-0.025007
-0.031301
0.007116
-0.017626
0.008851
0.068577
0.046264
0.000724
-0.030670
0.039221
0.016855
0.057353
0.033903
0.012365
0.035763
-0.032416
0.015001
0.011907
0.033676
0.064608
0.060383
0.048774
0.046553
0.041187
0.011671
-0.002105
0.066554
-0.040641
-0.006976
0.031586
-0.060910
0.029435
0.047571
0.032420
-0.035912
0.021610
0.028330
-0.012646
0.060550
0.025015
0.054389
0.030532
0.105540
0.079763
-0.005582
0.020826
0.001447
-0.122318
-0.075027
0.053884
-0.049317
-0.063568
0.082444
0.109381
0.044260
0.107999
0.029055
-0.016849
0.003149
0.019889
-0.006606
-0.023054
-0.018034
0.027174
-0.041904
-0.074691
-0.008229
0.024641
-0.047472
-0.096210
-0.118025
-0.011458
-0.013514
0.002546
-0.029460
0.079935
0.005668
-0.058269
-0.026703
-0.030277
0.034597
0.001601
0.020470
0.037053
-0.016748
-0.018371
-0.029110
-0.022801
-0.085710
0.010474
-0.075568
-0.108189
-0.016035
0.012891
0.005485
0.018021
-0.007032
-0.045629
-0.029647
-0.025897
-0.104901
-0.004676
-0.059158
-0.133459
-0.019806
0.004499
-0.025848
-0.035339
-0.036468
-0.037596
-0.035264
0.021528
0.066421
0.062670
-0.028190
0.032773
0.061510
0.052314
0.037126
-0.033435
0.025020
0.010533
-0.007942
-0.051213
-0.115725
-0.037966
0.122596
-0.049134
-0.075116
0.011528
-0.084093
-0.044847
-0.092649
-0.071372
0.033159
0.015982
0.026312
0.045339
-0.001783
-0.014495
-0.057954
0.022555
0.041872
-0.059977
0.056483
0.078412
0.064767
0.039396
-0.007224
-0.087767
-0.056824
0.037590
-0.052189
-0.042466
0.071006
-0.019965
-0.076290
-0.014853
-0.080906
0.011948
-0.062432
-0.053341
-0.029387
0.024103
0.031370
-0.062766
-0.004782
-0.076560
-0.058828
-0.036421
0.011683
-0.032180
0.044426
0.046885
0.004471
0.031895
0.024953
-0.002216
-0.059972
0.019908
-0.086391
-0.033191
-0.001220
-0.007681
0.090950
-0.045597
-0.075768
0.023703
-0.027465
0.026831
-0.062522
0.000738
0.022614
-0.037128
-0.011865
0.017084
0.008879
0.018348
-0.073594
0.016132
-0.000247
-0.034547
-0.084546
-0.022675
-0.028830
0.030726
-0.011638
-0.007574
-0.001531
-0.029131
-0.009450
0.018588
-0.004445
0.022683
-0.074599
-0.048688
-0.025063
-0.084022
-0.028764
-0.073699
0.007166
0.025326
-0.006872
0.019036
-0.028026
0.001244
0.038115
-0.035146
0.074796
0.023804
0.005917
-0.026920
-0.027592
0.020163
-0.055982
0.033438
0.073316
0.051149
-0.040301
-0.029892
0.058918
0.031411
-0.037327
0.049578
0.041110
-0.042566
-0.036021
0.017111
-0.068107
-0.044092
0.030681
-0.001868
-0.027100
0.010897
0.032984
-0.008632
-0.053532
0.048916
0.019776
0.038996
0.054435
0.034338
0.037274
0.009375
-0.004000
0.034304
-0.033266
0.077721
0.090522
0.078541
0.066377
0.033614
0.038097
0.054242
0.000190
0.055442
0.102495
-0.034258
-0.042544
-0.003297
-0.010031
0.111287
-0.000976
0.022762
0.017926
0.011552
0.059638
-0.134332
-0.076582
-0.054476
-0.133845
-0.010374
-0.055697
-0.060142
0.041645
-0.015109
-0.012870
0.018788
-0.019379
-0.010690
0.013952
-0.059128
-0.045432
-0.046285
-0.078853
0.009477
0.010049
-0.024947
-0.013281
-0.040727
-0.007282
0.005301
-0.067695
-0.025924
-0.024640
0.042926
-0.026435
0.023154
0.029407
0.100267
0.007426
-0.010976
0.042419
0.119124
0.082278
-0.024041
0.032677
0.023143
-0.055766
0.021083
-0.028098
0.005177
0.063870
0.001550
0.026671
-0.035380
-0.029680
-0.026501
0.028687
-0.015692
-0.071396
-0.053832
-0.090693
-0.085893
-0.072160
-0.026852
-0.067236
0.035862
-0.021268
-0.053268
0.028466
-0.007621
0.014616
-0.007596
-0.078550
0.031428
0.007171
-0.023048
0.044397
-0.026029
0.019594
0.048639
0.005170
0.004176
0.024072
-0.017362
-0.011189
0.004702
-0.002574
-0.010129
-0.024608
0.048250
0.023236
0.006805
0.044764
0.047641
0.022629
0.031805
-0.073623
0.005974
-0.018366
-0.037442
0.056549
-0.009252
-0.002726
-0.009624
0.028254
-0.002524
0.038465
0.038425
0.001646
-0.000734
0.027196
0.051914
0.055811
0.014234
0.034207
-0.055127
-0.037370
-0.067782
-0.063889
-0.007602
-0.041744
-0.124486
-0.023122
-0.007966
-0.065782
0.016163
0.037456
0.006146
0.127189
0.032562
-0.004327
0.060278
-0.011355
0.033086
0.090602
-0.061249
-0.063026
0.074564
-0.012278
0.040814
0.071056
0.017696
0.057431
0.002106
-0.069483
0.039553
0.023282
0.064208
0.023644
0.092431
-0.022977
-0.088285
-0.004708
-0.105667
-0.055637
-0.027462
-0.013187
-0.005036
-0.069271
-0.065613
-0.025475
0.009989
-0.028195
-0.071453
-0.051145
-0.089902
-0.095493
0.045610
-0.011164
-0.060512
0.023802
-0.036995
-0.048267
-0.015450
-0.050250
-0.022418
-0.052919
-0.093983
0.018882
-0.007545
0.010275
-0.007078
-0.000328
0.042846
-0.075425
-0.022741
-0.035127
-0.060053
0.000235
0.050532
-0.009013
0.067276
0.029907
-0.006877
0.024077
0.010134
-0.005764
0.000212
0.084532
0.048545
0.003132
0.030303
0.032181
0.003735
0.026182
0.013803
-0.098042
-0.013013
-0.020260
-0.029806
0.029351
0.051810
0.092498
-0.004283
0.037204
-0.000009
-0.035156
-0.062386
-0.058660
-0.017368
0.040512
-0.009784
0.015560
0.025776
0.036350
0.057454
-0.042880
-0.093943
-0.034367
0.013194
0.005595
0.064576
0.124883
-0.018217
-0.000548
0.012654
-0.027154
-0.056546
-0.054054
-0.048151
0.008363
-0.036428
0.009993
-0.009095
0.024407
0.051458
0.028318
-0.044696
0.028422
0.018082
-0.025760
0.044125
-0.095849
-0.109255
-0.026409
-0.042742
-0.050286
0.030430
0.029285
0.010958
-0.007984
0.013467
0.055723
-0.065781
0.022500
0.091162
-0.032616
-0.024652
0.058484
-0.019558
0.027698
0.023825
0.110006
0.082000
0.014862
0.001184
0.005451
-0.065280
-0.007836
-0.048086
0.014536
-0.000186
-0.027998
-0.001298
0.023590
0.024004
0.038406
0.086548
-0.003808
0.017511
-0.060460
-0.088586
0.039587
-0.013520
0.004326
0.046139
-0.040149
-0.043720
-0.018598
-0.018718
0.046460
-0.013457
-0.073690
-0.063915
0.061558
0.028104
-0.032159
0.075058
0.067043
0.028594
0.021502
0.011709
-0.025890
-0.021148
0.031314
0.045585
0.013114
0.025999
0.032186
0.071110
0.050607
0.061676
0.037607
0.017127
-0.010742
-0.070336
0.003210
-0.025495
-0.030700
0.064133
-0.047401
-0.049753
-0.031649
-0.018121
0.073615
-0.116744
-0.013894
0.058482
0.020363
-0.004204
0.013634
-0.075426
-0.091074
-0.023102
-0.047628
0.011818
-0.066520
-0.033822
-0.050617
-0.015952
-0.014685
0.004561
0.045989
0.022370
-0.005931
0.035093
0.010202
-0.008473
-0.021435
0.047183
0.107756
-0.037152
-0.044366
-0.034936
-0.098217
0.055479
-0.039560
-0.058384
0.078617
-0.025675
0.018403
0.061862
0.063820
0.002065
-0.031211
-0.012875
0.051292
0.012455
-0.018381
0.085577
0.057912
0.033236
0.019052
-0.004915
0.014616
-0.017491
0.037191
0.102220
-0.008680
-0.017591
0.039124
-0.045732
-0.005341
-0.055878
-0.027381
0.055668
-0.017662
-0.004697
-0.028189
-0.020474
0.021108
-0.047970
-0.065164
-0.038448
0.037200
-0.040387
0.024699
0.045580
-0.005993
0.004608
0.014125
-0.056682
-0.067473
0.034746
-0.026280
0.097706
0.097593
-0.107666
-0.045521
-0.029631
-0.112380
-0.035979
0.000631
-0.033427
-0.118115
-0.000373
0.062747
0.015038
-0.073906
0.070693
-0.025186
-0.063319
0.035142
0.024651
0.047082
-0.001068
0.095874
0.072709
0.024349
0.102128
-0.094833
-0.043852
-0.040646
-0.019289
0.026163
-0.092465
-0.056353
-0.006237
-0.056314
-0.075085
-0.002883
0.026649
-0.051510
-0.051198
0.023210
0.031344
-0.008427
0.018499
0.018953
-0.031621
0.071543
0.038786
0.017885
-0.023438
0.048280
0.033890
-0.043123
-0.002138
-0.058391
-0.060864
-0.072701
-0.036130
-0.055099
-0.023479
0.015134
-0.050716
-0.035256
-0.036351
-0.071359
0.051501
0.009379
-0.002162
-0.068078
0.005577
-0.014362
-0.006410
0.090946
-0.050252
-0.040436
0.044502
0.021615
-0.013448
-0.011879
0.121904
0.067447
-0.050777
-0.039574
-0.009974
-0.098495
0.014421
-0.091301
-0.030107
0.067772
-0.060986
0.017208
-0.001787
-0.035742
-0.000157
-0.044267
0.000074
-0.043036
-0.044182
-0.072339
-0.119988
0.001661
0.008590
-0.041902
0.034409
-0.001416
-0.027916
0.015367
-0.021351
-0.039608
-0.060005
0.012681
0.029839
-0.045832
0.000903
0.024567
0.056687
-0.014426
0.014555
-0.050281
-0.004415
-0.034790
-0.007128
-0.032982
-0.006179
-0.010837
-0.038425
-0.041575
0.044130
-0.018362
0.060469
0.057026
-0.077393
-0.032662
0.000006
-0.011502
0.005622
0.000811
0.036763
0.052459
0.029121
-0.045158
-0.012061
-0.030716
-0.044104
0.045250
0.017064
-0.005255
-0.072583
-0.000567
0.068930
0.066308
0.112310
0.159202
0.067187
0.030129
-0.025699
-0.046661
0.112812
0.010075
0.066204
0.006684
-0.061221
-0.039166
-0.084662
-0.007932
-0.084863
-0.026012
0.043853
-0.023074
-0.040526
-0.009064
0.046886
-0.002609
0.007983
0.032247
-0.011706
0.058425
-0.004668
-0.024743
0.094561
0.010341
-0.026611
-0.054213
0.021813
0.008119
-0.088747
-0.044241
0.039195
-0.018455
-0.058452
-0.105502
-0.021200
0.028405
0.034402
-0.006957
0.041202
-0.072350
-0.051253
-0.000316
0.000531
-0.050909
0.027360
-0.055270
-0.021962
0.054201
-0.027586
-0.006063
0.018534
0.003223
0.070034
-0.037965
0.053540
0.002421
-0.064151
-0.016777
-0.022538
0.022253
0.103378
-0.007060
-0.032896
-0.033329
-0.012611
-0.071411
-0.004919
-0.049534
-0.080506
-0.075259
-0.029862
-0.083329
-0.021986
-0.025475
-0.048730
-0.014847
-0.026448
-0.012823
0.058520
-0.019220
-0.025604
-0.072641
-0.079523
0.045063
0.019922
0.083109
0.093833
0.010530
0.015952
0.012999
0.000475
-0.005657
0.033972
0.013535
0.020835
0.013019
0.023797
-0.016687
0.050136
0.095122
0.025303
-0.006180
-0.104471
-0.018963
-0.056456
-0.141009
0.018851
-0.107196
-0.111532
-0.000479
-0.065899
0.012183
0.009624
-0.045425
0.054831
-0.016745
-0.014976
-0.010347
-0.045665
0.037272
-0.003288
0.023286
-0.030527
-0.020616
0.074079
0.032191
0.003679
-0.005030
-0.067015
-0.067299
0.080931
-0.030011
-0.017124
0.036991
0.041092
0.120525
-0.035365
-0.053089
-0.046595
0.008183
0.078896
-0.041075
0.013382
-0.026408
-0.113052
-0.022767
-0.121531
-0.022399
0.066870
0.000812
-0.031880
0.020314
0.033396
-0.008473
0.012199
-0.005815
0.039132
0.023760
0.037595
0.044595
0.091462
0.025109
-0.003215
0.046613
-0.028522
-0.071521
-0.000518
-0.026616
-0.106203
0.032486
0.022688
0.086753
0.022724
-0.083847
0.014463
0.006945
0.042191
0.032184
0.066617
0.017016
-0.012319
0.026806
-0.060548
-0.025972
0.043399
0.018126
-0.001017
0.086742
0.010513
-0.029165
-0.025360
-0.051773
0.096383
0.027099
0.039234
-0.007452
0.015564
0.054738
-0.047268
0.036688
-0.015618
0.010649
0.054080
0.018575
0.097908
-0.016599
-0.002407
0.069590
-0.005585
-0.047456
-0.002650
0.010519
-0.070350
-0.062016
-0.017487
-0.083548
-0.017625
0.055048
0.005652
0.011543
0.021238
0.045265
0.027662
-0.032920
-0.030663
0.015764
-0.067489
-0.126964
-0.091231
-0.089912
-0.034787
0.007281
-0.042704
-0.014208
0.024125
-0.001864
0.077770
0.000424
0.064702
-0.056069
0.022695
0.035039
0.005529
0.044971
0.022307
0.094063
0.065490
0.023030
0.072039
0.042550
0.024827
0.065835
-0.005227
0.019328
0.113657
0.027971
0.039415
0.049089
-0.067875
-0.019871
-0.023153
0.032741
0.046176
-0.003679
0.011323
0.045322
0.013508
-0.051914
-0.050463
0.003296
-0.023369
-0.080164
-0.115133
-0.017560
0.056173
-0.043527
0.018862
0.094834
0.038109
0.033583
-0.002233
0.035707
0.091159
0.019524
0.009768
0.046330
0.006661
0.029210
-0.044882
-0.044735
-0.015216
-0.025817
0.019450
-0.023679
-0.000962
-0.004710
-0.062822
-0.035538
-0.114693
0.000621
-0.008477
-0.007563
-0.023491
-0.020710
0.005039
-0.037831
0.009442
0.038787
0.020535
0.065636
-0.002155
0.055284
0.020541
0.055312
0.206339
0.040446
-0.024340
0.030631
-0.019290
-0.007026
0.056498
0.078605
0.029246
-0.004926
0.017115
0.059838
-0.065220
-0.031531
-0.035231
-0.095146
-0.008195
-0.028548
-0.053854
-0.015275
0.014606
-0.021577
-0.013199
0.044338
-0.055388
0.019171
-0.043532
0.008343
0.015303
0.009969
0.023360
0.029132
-0.012473
0.019191
0.006538
-0.014447
0.048247
-0.004236
0.038222
-0.003102
-0.013190
0.038190
-0.002755
0.071482
0.109889
-0.033029
0.017233
0.075366
0.008608
-0.013271
0.108750
-0.038238
-0.054863
0.021530
0.063530
0.116356
-0.008164
0.089991
0.027004
-0.016315
0.139473
0.054134
-0.016955
-0.069321
0.057522
0.012865
-0.048082
0.050936
0.032012
-0.010156
0.040652
-0.050767
0.064491
0.062372
-0.032631
0.026851
0.056121
0.017266
0.034211
-0.084808
0.035285
-0.017930
-0.046753
0.030302
0.034729
0.072422
-0.070186
0.027758
0.089586
-0.055975
0.009170
0.047535
0.026473
0.045182
0.045549
0.041224
0.063416
-0.046661
-0.072298
0.054044
-0.061757
-0.008980
0.032958
-0.064875
-0.002595
0.039904
0.085885
0.040370
-0.034282
-0.062271
-0.001856
0.013767
0.017696
0.051487
0.002029
-0.066765
-0.000728
0.097856
0.087841
-0.050045
-0.015172
0.025307
0.019427
-0.082119
-0.041382
0.009576
0.112865
0.007840
0.012469
0.067293
-0.056829
-0.020362
-0.060057
0.042711
0.097507
0.082582
0.054362
0.036402
0.051631
0.052686
0.000892
-0.103954
0.032402
-0.022071
0.006629
-0.039986
-0.035611
0.008067
-0.061545
-0.041121
-0.054197
-0.032018
-0.098369
-0.000303
0.061356
0.005335
-0.006040
0.035056
-0.022798
-0.073298
-0.080485
0.039740
0.071588
0.060457
0.067169
-0.029074
0.037458
0.055999
-0.065270
0.027132
-0.016257
0.001988
-0.005676
0.015171
-0.056583
-0.089681
-0.005997
-0.056506
-0.081470
0.008420
0.000048
-0.078778
-0.057697
-0.010411
0.037638
-0.035353
-0.052144
-0.047362
-0.016370
-0.024558
-0.023189
-0.088435
-0.021276
0.001179
-0.035859
-0.077030
-0.030091
-0.008344
-0.016727
0.010512
-0.039274
0.018995
-0.002149
-0.010395
-0.006781
-0.092297
-0.106534
-0.041238
-0.010625
0.023658
0.015031
-0.010165
0.056516
0.108808
-0.015564
-0.099914
0.020276
0.000923
-0.071705
0.005957
0.001949
-0.032366
-0.014026
0.034657
-0.044792
-0.019527
-0.030006
-0.002303
-0.030947
-0.083448
-0.096943
-0.067502
-0.028006
0.037079
-0.039445
-0.021584
0.065089
0.019927
0.012358
-0.008511
-0.040660
0.048492
-0.014201
0.087856
0.059754
-0.092233
0.004316
-0.016076
-0.025718
0.042157
0.040801
-0.038848
0.031233
0.005052
-0.072693
0.054937
0.007070
0.058954
0.047136
-0.029992
0.017812
0.022104
0.002094
0.009779
0.001679
-0.013806
-0.020368
0.016066
0.008812
-0.006040
-0.073523
-0.122984
-0.029355
0.008102
0.060286
-0.016635
-0.058445
0.033936
0.017928
-0.012343
0.002568
0.035397
-0.006483
0.043439
0.011775
-0.017407
0.064105
0.113099
-0.007365
-0.010037
-0.005929
-0.085706
-0.053127
-0.035796
-0.060758
0.040409
-0.003320
-0.069470
-0.082914
0.017722
0.095707
0.032146
0.035759
-0.001964
-0.025644
0.044204
0.103513
-0.001028
-0.016623
-0.053074
-0.021132
-0.024497
0.009854
0.037858
0.009157
-0.068796
0.077365
-0.032182
0.027897
-0.056165
-0.024597
0.024305
-0.037830
-0.058236
0.063431
-0.046121
-0.052170
0.076627
-0.041328
-0.028635
-0.016625
0.020227
-0.007473
-0.073019
0.024270
0.041957
-0.024622
-0.027822
0.066494
0.012361
-0.022989
0.096093
0.022036
0.081493
0.028001
-0.004490
0.144550
-0.046915
-0.014098
0.031003
-0.124260
-0.071252
0.057702
-0.009529
0.016501
-0.036594
-0.098690
-0.006019
-0.058302
0.013081
0.040206
0.036917
0.051920
0.123231
-0.009980
0.063198
0.088019
-0.011851
-0.034116
-0.062827
-0.016202
0.055039
-0.090449
-0.049364
-0.015575
-0.037863
0.079387
-0.017575
-0.034457
0.018127
-0.006162
-0.001408
0.027267
0.056109
0.056873
0.012316
0.030286
-0.052220
-0.146219
-0.038362
0.019805
0.053386
0.078889
