0	35.249597
50	2.140418
100	0.516117
150	0.238371
200	0.162670
250	0.268619
300	0.297813
350	0.192342
400	0.148098
450	0.070562
500	0.015226
550	-0.015398
600	-0.155624
650	0.155349
700	-0.064725
750	0.090768
800	0.080103
850	0.132905
900	0.180841
950	0.151855
1000	0.091875
1050	-0.150888
1100	0.011107
1150	-0.127383
1200	0.171988
1250	0.201071
1300	-0.016601
1350	0.000208
1400	-0.061866
1450	0.041454
1500	-0.084581
1550	0.024318
1600	-0.002941
1650	0.118314
1700	-0.013116
1750	-0.014181
1800	-0.213686
1850	-0.122134
1900	-0.041200
1950	-0.000978
2000	-0.018870
2050	0.013881
2100	0.071892
2150	-0.187164
2200	0.094232
2250	0.039063
2300	-0.049360
2350	0.012044
2400	0.060069
2450	-0.051983
2500	-0.041345
2550	0.226472
2600	0.079202
2650	0.111204
2700	-0.015616
2750	-0.076519
2800	-0.291104
2850	0.071171
2900	-0.003707
2950	-0.048071
3000	0.121373
3050	0.153114
3100	0.100475
3150	0.159591
3200	-0.114841
3250	0.033759
3300	0.271983
3350	-0.090114
3400	0.044225
3450	0.131783
3500	-0.078654
3550	0.099761
3600	0.122700
3650	0.118758
3700	0.130552
3750	0.172322
3800	0.107259
3850	0.106904
3900	0.001979
3950	-0.061562
4000	0.068539
4050	0.160187
4100	0.089837
4150	-0.035589
4200	-0.013278
4250	-0.139087
4300	-0.035823
4350	-0.075643
4400	0.128741
4450	0.148304
4500	-0.072318
4550	0.071221
4600	-0.057373
4650	0.064312
4700	0.166692
4750	0.038271
4800	0.006124
4850	0.139778
4900	-0.149690
4950	0.016584
5000	-0.072827
5050	0.058741
5100	0.046531
5150	-0.001648
5200	-0.113497
5250	-0.195069
5300	-0.051504
5350	-0.046758
5400	-0.096136
5450	0.103694
5500	0.111516
5550	-0.123796
5600	-0.174542
5650	-0.184626
5700	-0.107431
5750	0.012647
5800	-0.004838
5850	-0.033186
5900	-0.004296
5950	-0.004577
6000	0.011291
6050	0.103573
6100	0.169643
6150	0.121502
6200	0.091992
6250	0.047258
6300	-0.084254
6350	0.008446
6400	0.117670
6450	-0.029092
6500	-0.076323
6550	0.015318
6600	0.071377
6650	-0.034700
6700	0.028410
6750	0.001915
6800	0.185019
6850	0.014307
6900	0.045854
6950	0.063497
7000	0.111425
7050	-0.120996
7100	-0.281279
7150	-0.194758
7200	-0.030561
7250	-0.041561
7300	-0.108287
7350	-0.139997
7400	-0.001686
7450	-0.108006
7500	0.041415
7550	0.195004
7600	-0.050249
7650	0.200510
7700	0.089344
7750	0.209189
7800	0.059075
7850	-0.052429
7900	0.002568
7950	0.031976
8000	-0.045956
8050	0.015013
8100	0.106652
8150	-0.204634
8200	0.144778
8250	0.030746
8300	-0.169585
8350	-0.017376
8400	0.003721
8450	0.062246
8500	0.069007
8550	-0.070029
8600	-0.014836
8650	0.039520
8700	0.200526
8750	0.195723
8800	0.164157
8850	0.232859
8900	0.041436
8950	-0.202526
9000	-0.076910
9050	0.028086
9100	-0.081232
9150	0.112567
9200	0.109602
9250	-0.012268
9300	-0.023429
9350	0.037632
9400	0.084848
9450	-0.146628
9500	-0.029218
9550	-0.049718
9600	-0.024934
9650	-0.018290
9700	0.077738
9750	-0.054815
9800	0.007396
9850	-0.021403
9900	-0.007663
9950	0.116470
10000	0.049909
10050	0.046772
10100	0.052493
10150	0.104432
10200	0.228062
10250	0.066246
10300	-0.075662
10350	0.064235
10400	0.042328
10450	-0.060261
10500	-0.025316
10550	-0.012885
10600	0.069194
10650	0.045754
10700	0.147348
10750	0.081169
10800	0.124817
10850	0.071160
10900	0.090847
10950	0.061712
11000	0.007833
11050	-0.112745
11100	0.126777
11150	-0.055777
11200	-0.162345
11250	-0.070621
11300	0.091588
11350	-0.015694
11400	0.066626
11450	-0.085037
11500	0.191327
11550	0.105110
11600	-0.076649
11650	0.001256
11700	-0.167033
11750	-0.079447
11800	0.178580
11850	0.195840
11900	-0.150556
11950	-0.111349
12000	0.010184
12050	-0.045951
12100	-0.047701
12150	-0.030184
12200	-0.097272
12250	-0.069261
12300	-0.003226
12350	-0.030381
12400	0.134208
12450	0.028372
12500	0.097961
12550	0.027575
12600	0.103269
12650	0.150813
12700	0.047797
12750	0.024572
12800	0.087682
12850	0.069625
12900	-0.112498
12950	0.071130
13000	-0.090024
13050	-0.069284
13100	-0.082484
13150	-0.022919
13200	0.119715
13250	-0.001945
13300	0.063250
13350	0.008421
13400	-0.134162
13450	0.117485
13500	-0.063210
13550	-0.013616
13600	-0.137948
13650	-0.058179
13700	-0.151042
13750	0.069125
13800	0.059802
13850	-0.029733
13900	-0.069252
13950	0.078825
14000	0.176518
14050	0.122684
14100	0.034315
14150	0.023431
14200	-0.093216
14250	-0.051148
14300	-0.010571
14350	0.056111
14400	0.091240
14450	0.176708
14500	0.105602
14550	-0.064515
14600	-0.015105
14650	0.071268
14700	0.128232
14750	0.255426
14800	-0.022304
14850	0.148399
14900	0.253916
14950	0.086092
15000	-0.044238
15050	0.003324
15100	-0.089958
15150	-0.077753
15200	0.019982
15250	-0.024826
15300	-0.107080
15350	-0.128273
15400	-0.044562
15450	-0.152009
15500	-0.077863
15550	0.020276
15600	-0.008791
15650	-0.039232
15700	0.066596
15750	-0.068775
15800	0.045806
15850	0.099080
15900	0.009669
15950	-0.161087
16000	-0.063609
16050	0.095413
16100	0.000389
16150	0.022890
16200	-0.092739
16250	0.028507
16300	0.061015
16350	0.005827
16400	-0.081001
16450	-0.063067
16500	-0.093474
16550	0.107474
16600	-0.081528
16650	-0.008696
16700	-0.034911
16750	-0.022979
16800	0.063764
16850	0.097794
16900	0.046339
16950	-0.074156
17000	-0.101528
17050	0.156267
17100	0.068803
17150	0.021610
17200	0.033505
17250	-0.106047
17300	-0.026877
17350	0.044900
17400	-0.027092
17450	-0.091437
17500	0.141230
17550	0.116975
17600	0.022814
17650	0.048087
17700	0.032489
17750	0.164414
17800	0.042823
17850	-0.043498
17900	-0.019292
17950	0.090301
18000	0.052820
18050	0.081917
18100	-0.057623
18150	-0.080482
18200	-0.096780
18250	-0.163596
18300	0.099592
18350	-0.055617
18400	-0.001567
18450	-0.061300
18500	0.055992
18550	0.083578
18600	0.002418
18650	0.058395
18700	-0.092702
18750	0.133213
18800	0.226703
18850	0.134129
18900	-0.097464
18950	-0.205940
19000	-0.050957
19050	-0.003764
19100	0.025979
19150	-0.126175
19200	0.162256
19250	-0.062955
19300	-0.121284
19350	-0.051842
19400	-0.114280
19450	0.018024
19500	-0.048411
19550	0.019665
19600	0.035873
19650	0.019816
19700	0.095071
19750	0.131444
19800	0.090130
19850	-0.104868
19900	-0.012634
19950	0.071507
20000	-0.014984
20050	0.149315
20100	0.027010
20150	0.024221
20200	-0.077129
20250	-0.170749
20300	0.057157
20350	0.052619
20400	0.120236
20450	-0.064075
20500	-0.006784
20550	-0.080597
20600	0.145612
20650	-0.057792
20700	0.112861
20750	0.014672
20800	-0.030134
20850	0.032233
20900	-0.053173
20950	0.033887
21000	-0.155321
21050	-0.030742
21100	-0.009350
21150	0.112419
21200	0.004172
21250	0.008762
21300	-0.171539
21350	0.013905
21400	-0.022393
21450	-0.168257
21500	-0.051033
21550	0.093043
21600	0.015345
21650	-0.035119
21700	0.082050
21750	-0.207542
21800	0.141907
21850	-0.083107
21900	0.095928
21950	-0.053956
22000	-0.055613
22050	-0.070295
22100	0.055870
22150	-0.082700
22200	-0.025084
22250	-0.210020
22300	-0.009183
22350	0.029713
22400	-0.059296
22450	-0.175836
22500	-0.120197
22550	-0.109338
22600	-0.076686
22650	-0.164702
22700	-0.071260
22750	-0.149888
22800	0.133003
22850	-0.057259
22900	-0.161357
22950	-0.111843
23000	-0.182237
23050	0.054138
23100	0.024462
23150	0.091841
23200	0.073021
23250	-0.010562
23300	-0.072689
23350	-0.053043
23400	0.023668
23450	-0.027559
23500	0.011325
23550	-0.099657
23600	0.040016
23650	-0.002504
23700	0.021670
23750	0.057428
23800	0.052942
23850	0.064303
23900	-0.043855
23950	-0.169586
24000	-0.082788
24050	-0.181092
24100	-0.120590
24150	-0.015878
24200	0.011030
24250	-0.041319
24300	0.032010
24350	-0.123649
24400	0.043025
24450	-0.080067
24500	0.012815
24550	0.118181
24600	-0.118718
24650	0.037914
24700	0.047870
24750	-0.025570
24800	-0.149646
24850	0.101233
24900	-0.035052
24950	0.053768
25000	-0.013662
25050	0.004669
25100	0.115319
25150	0.072588
25200	-0.093096
25250	-0.053883
25300	0.088257
25350	0.121556
25400	0.068897
25450	0.002699
25500	0.143999
25550	0.084427
25600	-0.090917
25650	0.024550
25700	0.159875
25750	0.003236
25800	0.020525
25850	-0.105679
25900	-0.109451
25950	-0.204698
26000	-0.013701
26050	0.211096
26100	0.106832
26150	-0.153612
26200	0.076598
26250	-0.082082
26300	-0.086290
26350	0.093714
26400	0.037990
26450	0.190109
26500	0.073948
26550	0.055128
26600	-0.099008
26650	0.050021
26700	0.218547
26750	0.070747
26800	-0.037783
26850	0.016862
26900	-0.161923
26950	-0.131904
27000	0.235796
27050	-0.051060
27100	-0.243413
27150	-0.149763
27200	-0.085492
27250	0.180233
27300	-0.106059
27350	-0.203187
27400	0.018423
27450	-0.022167
27500	-0.060679
27550	0.067183
27600	-0.010430
27650	0.059677
27700	-0.041930
27750	0.058105
27800	0.045241
27850	-0.051855
27900	-0.039459
27950	-0.037008
28000	-0.064442
28050	-0.027672
28100	0.073077
28150	0.024686
28200	-0.044081
28250	-0.095830
28300	-0.097324
28350	0.049697
28400	0.242462
28450	-0.024791
28500	0.192523
28550	0.008238
28600	-0.228244
28650	-0.094972
28700	0.018449
28750	-0.076692
28800	-0.096911
28850	0.074737
28900	0.022406
28950	-0.064485
29000	0.008748
29050	-0.090405
29100	-0.011596
29150	-0.073751
29200	-0.166945
29250	-0.132305
29300	0.076045
29350	0.014921
29400	0.167016
29450	0.015345
29500	-0.091260
29550	-0.025928
29600	-0.034644
29650	0.020789
29700	-0.201642
29750	0.062794
29800	0.069353
29850	-0.133476
29900	0.075751
29950	-0.139032
30000	-0.015412
30050	0.185856
30100	-0.063619
30150	0.045480
30200	-0.039034
30250	-0.028237
30300	0.052991
30350	0.026767
30400	0.155295
30450	0.062257
30500	0.047868
30550	0.068730
30600	0.033193
30650	-0.145375
30700	0.017665
30750	-0.100890
30800	0.025710
30850	0.046862
30900	0.087076
30950	0.152641
31000	0.133497
31050	-0.028653
31100	0.068508
31150	-0.086118
31200	0.114023
31250	0.087398
31300	0.186963
31350	0.001815
31400	0.023618
31450	-0.060613
31500	-0.007278
31550	0.060154
31600	-0.169345
31650	0.134496
31700	0.162500
31750	-0.165956
31800	0.004173
31850	-0.021432
31900	0.002844
31950	-0.012010
32000	0.046165
32050	-0.079631
32100	-0.016258
32150	0.171996
32200	0.047462
32250	0.083790
32300	-0.091395
32350	0.094942
32400	-0.063996
32450	0.207742
32500	0.115556
32550	-0.003420
32600	-0.088339
32650	-0.013025
32700	-0.020143
32750	0.114022
32800	0.066456
32850	-0.066018
32900	0.154656
32950	-0.018081
33000	0.063420
33050	0.039956
33100	-0.171927
33150	-0.103890
33200	0.111380
33250	-0.035507
33300	0.021982
33350	0.064749
33400	0.090660
33450	-0.146571
33500	-0.018800
33550	-0.149414
33600	-0.180086
33650	-0.086207
33700	-0.110967
33750	-0.048192
33800	0.086981
33850	0.143348
33900	0.019529
33950	-0.071180
34000	-0.184812
34050	0.001226
34100	-0.140976
34150	0.033633
34200	0.061053
34250	0.047502
34300	0.008653
34350	0.134930
34400	0.045096
34450	-0.037542
34500	-0.002273
34550	-0.030061
34600	0.025988
34650	0.036047
34700	0.055906
34750	-0.090311
34800	0.150329
34850	0.095161
34900	-0.230840
34950	-0.003880
35000	-0.056786
35050	0.025387
35100	-0.094889
35150	-0.069505
35200	-0.041599
35250	0.128451
35300	-0.126568
35350	-0.031900
35400	0.057825
35450	0.203619
35500	-0.069733
35550	0.266634
35600	-0.146043
35650	0.091330
35700	0.070322
35750	-0.038727
35800	-0.086968
35850	0.056689
35900	0.073546
35950	-0.053997
36000	0.233468
36050	0.040909
36100	0.060813
36150	0.131646
36200	0.093942
36250	0.064360
36300	-0.015351
36350	0.142567
36400	0.177353
36450	0.001442
36500	0.028142
36550	-0.095392
36600	-0.033318
36650	-0.093508
36700	-0.027009
36750	0.082364
36800	0.090916
36850	-0.082733
36900	-0.006897
36950	0.058572
37000	-0.142916
37050	-0.026181
37100	0.026430
37150	-0.077790
37200	0.106722
37250	-0.091756
37300	-0.059306
37350	-0.150209
37400	-0.083806
37450	-0.116392
37500	-0.044667
37550	-0.002187
37600	-0.084918
37650	0.028046
37700	0.059997
37750	0.178025
37800	0.062222
37850	-0.063152
37900	0.053270
37950	-0.004821
38000	0.213525
38050	0.006476
38100	0.011556
38150	0.143500
38200	0.011774
38250	0.032213
38300	-0.021352
38350	-0.015510
38400	-0.101954
38450	0.054896
38500	0.051812
38550	-0.177722
38600	-0.004696
38650	0.059377
38700	-0.075449
38750	-0.112450
38800	-0.032069
38850	0.096860
38900	0.061825
38950	0.040258
39000	-0.004968
39050	0.067038
39100	-0.026745
39150	-0.053993
39200	0.006528
39250	-0.033704
39300	0.009972
39350	0.068097
39400	0.052651
39450	0.128591
39500	0.031368
39550	0.108964
39600	-0.103388
39650	-0.019511
39700	-0.056482
39750	0.042228
39800	-0.051001
39850	0.101113
39900	-0.073527
39950	-0.138560
40000	-0.011066
40050	0.057931
40100	0.036018
40150	-0.004550
40200	0.182148
40250	0.088173
40300	-0.010989
40350	0.001274
40400	-0.002459
40450	0.117987
40500	-0.050166
40550	-0.075410
40600	0.034793
40650	0.017719
40700	-0.125880
40750	-0.064110
40800	-0.002036
40850	-0.041998
40900	0.098181
40950	-0.120781
41000	0.005652
41050	0.046837
41100	-0.014945
41150	0.056841
41200	-0.051159
41250	0.087184
41300	-0.123341
41350	0.060914
41400	0.010662
41450	0.081404
41500	0.059706
41550	-0.033802
41600	0.002237
41650	-0.075032
41700	-0.007974
41750	-0.235212
41800	0.011851
41850	-0.097983
41900	-0.041132
41950	-0.136443
42000	-0.038280
42050	-0.017616
42100	0.102922
42150	0.186995
42200	0.062750
42250	-0.017495
42300	0.011186
42350	-0.095500
42400	0.042523
42450	0.193555
42500	-0.117675
42550	0.077069
42600	-0.037507
42650	-0.087009
42700	-0.122393
42750	-0.033111
42800	-0.034754
42850	0.069343
42900	0.039035
42950	-0.010272
43000	0.014769
43050	0.019731
43100	-0.009455
43150	0.200045
43200	0.096920
43250	0.210198
43300	-0.083517
43350	0.044502
43400	-0.041480
43450	0.233965
43500	0.079452
43550	0.044235
43600	-0.079993
43650	-0.013452
43700	-0.180137
43750	-0.143743
43800	-0.139351
43850	0.003778
43900	0.083269
43950	0.080134
44000	-0.212200
44050	0.112741
44100	0.131789
44150	0.185648
44200	0.103586
44250	0.024801
44300	0.068662
44350	0.093007
44400	-0.015888
44450	-0.002922
44500	-0.070122
44550	0.074886
44600	-0.171628
44650	-0.200927
44700	-0.135537
44750	-0.021802
44800	0.038481
44850	0.003168
44900	0.103894
44950	-0.081950
45000	-0.009261
45050	-0.148559
45100	-0.145302
45150	-0.049739
45200	-0.091142
45250	-0.030474
45300	0.051812
45350	-0.098933
45400	0.164050
45450	-0.053583
45500	0.048884
45550	0.110537
45600	0.110010
45650	0.116647
45700	0.017014
45750	0.004664
45800	-0.048233
45850	0.031238
45900	-0.065908
45950	-0.074337
46000	-0.002444
46050	-0.385698
46100	0.064128
46150	-0.095188
46200	-0.079294
46250	-0.042335
46300	-0.216328
46350	-0.017465
46400	-0.034134
46450	0.010095
46500	-0.066975
46550	0.003469
46600	0.116754
46650	-0.029729
46700	-0.194547
46750	-0.239327
46800	0.008438
46850	-0.014206
46900	-0.067504
46950	0.028978
47000	0.139692
47050	-0.009460
47100	-0.126264
47150	-0.003393
47200	0.179610
47250	-0.011139
47300	0.081611
47350	0.152540
47400	-0.093496
47450	-0.054940
47500	-0.230123
47550	0.028884
47600	0.146180
47650	0.066223
47700	-0.138487
47750	-0.152686
47800	-0.116109
47850	0.093727
47900	0.242196
47950	0.020694
48000	-0.121841
48050	0.072355
48100	0.094894
48150	-0.032083
48200	-0.009334
48250	0.003502
48300	-0.007560
48350	0.020739
48400	-0.110859
48450	0.078769
48500	0.120971
48550	0.076475
48600	-0.087930
48650	0.023438
48700	-0.102200
48750	-0.072370
48800	0.118261
48850	-0.129244
48900	-0.134998
48950	0.005002
49000	-0.117374
49050	0.063702
49100	-0.122564
49150	-0.209210
49200	-0.008971
49250	0.062639
49300	0.071765
49350	-0.032098
49400	-0.003334
49450	-0.067252
49500	0.235816
49550	-0.015673
49600	-0.083115
49650	0.010342
49700	-0.076240
49750	0.018962
49800	0.118401
49850	0.067658
49900	0.089197
49950	-0.160687
50000	-0.000937
50050	0.090137
50100	-0.032527
50150	-0.125241
50200	-0.161486
50250	0.100839
50300	0.070450
50350	-0.001989
50400	-0.095029
50450	-0.001240
50500	0.002134
50550	-0.004277
50600	0.028702
50650	0.010448
50700	-0.055000
50750	0.215976
50800	-0.034157
50850	-0.113518
50900	-0.020282
50950	-0.054911
51000	-0.020873
51050	-0.094496
51100	-0.194731
51150	0.082972
51200	0.083823
51250	0.050964
51300	-0.010804
51350	-0.242712
51400	-0.181477
51450	0.136447
51500	-0.040384
51550	-0.006424
51600	-0.085657
51650	-0.003500
51700	-0.097246
51750	0.123082
51800	0.173936
51850	0.074626
51900	0.045043
51950	0.212823
52000	0.090173
52050	-0.069970
52100	0.083736
52150	-0.092966
52200	0.182612
52250	-0.028557
52300	0.008795
52350	-0.269327
52400	0.163959
52450	-0.179119
52500	0.105796
52550	-0.164081
52600	-0.097842
52650	-0.031191
52700	0.101440
52750	-0.039967
52800	-0.081691
52850	-0.106384
52900	-0.189320
52950	0.013525
53000	-0.078365
53050	-0.117777
53100	-0.082227
53150	-0.125266
53200	0.052952
53250	-0.013477
53300	-0.080197
53350	-0.132048
53400	0.040126
53450	-0.109750
53500	-0.016281
53550	0.049570
53600	0.176297
53650	-0.044954
53700	0.051680
53750	-0.065852
53800	0.087936
53850	0.084991
53900	-0.046872
53950	-0.129416
54000	0.081542
54050	0.115644
54100	-0.099097
54150	-0.054745
54200	0.197968
54250	-0.060530
54300	0.035276
54350	0.093752
54400	-0.065010
54450	0.007532
54500	-0.083442
54550	-0.120479
54600	-0.061011
54650	-0.072104
54700	-0.214259
54750	0.025738
54800	-0.037807
54850	-0.078379
54900	-0.045802
54950	0.094366
55000	-0.062723
55050	-0.086809
55100	-0.157129
55150	-0.213713
55200	-0.205800
55250	-0.065043
55300	-0.093519
55350	-0.173583
55400	-0.093992
55450	-0.060274
55500	-0.018764
55550	0.179655
55600	0.083937
55650	0.157525
55700	0.172355
55750	0.010514
55800	-0.067088
55850	-0.043867
55900	-0.024997
55950	-0.058175
56000	0.053436
56050	0.093104
56100	-0.100968
56150	-0.037719
56200	0.021016
56250	-0.152976
56300	-0.004279
56350	-0.080388
56400	-0.091344
56450	-0.013523
56500	-0.035215
56550	0.098259
56600	0.069533
56650	-0.041139
56700	0.084736
56750	-0.105602
56800	0.221178
56850	-0.131379
56900	0.018529
56950	-0.097351
57000	0.143075
57050	-0.066469
57100	-0.219514
57150	-0.057631
57200	-0.255809
57250	-0.013228
57300	0.097042
57350	0.077745
57400	-0.013138
57450	0.082780
57500	-0.153084
57550	-0.039226
57600	-0.031699
57650	0.077502
57700	0.025592
57750	0.061828
57800	0.089825
57850	-0.246265
57900	-0.044601
57950	0.068843
58000	-0.040469
58050	-0.114683
58100	0.134317
58150	0.061373
58200	-0.129457
58250	-0.051885
58300	-0.112511
58350	0.045199
58400	0.077500
58450	-0.093832
58500	-0.051693
58550	0.168921
58600	-0.068085
58650	-0.134731
58700	-0.046990
58750	-0.095224
58800	-0.254331
58850	-0.104526
58900	-0.175011
58950	-0.129214
59000	-0.126310
59050	-0.092611
59100	-0.113812
59150	-0.056596
59200	-0.037357
59250	-0.106917
59300	-0.005443
59350	-0.049123
59400	0.056680
59450	-0.042934
59500	-0.145729
59550	-0.110270
59600	0.015342
59650	0.189457
59700	0.125127
59750	0.074966
59800	-0.088865
59850	-0.044084
59900	0.054885
59950	0.025052
60000	0.099132
60050	0.104656
60100	-0.208959
60150	-0.215485
60200	-0.201679
60250	-0.000717
60300	0.145699
60350	0.056420
60400	0.000756
60450	-0.146168
60500	0.168402
60550	0.148886
60600	0.146738
60650	0.148114
60700	0.004172
60750	0.109334
60800	0.035218
60850	0.076714
60900	-0.023519
60950	-0.097449
61000	0.049820
61050	0.011980
61100	-0.050116
61150	0.063222
61200	0.026134
61250	-0.015058
61300	0.117759
61350	-0.089812
61400	-0.062809
61450	0.159129
61500	-0.078814
61550	0.011144
61600	-0.071143
61650	0.106869
61700	-0.020026
61750	0.088663
61800	0.104197
61850	-0.007909
61900	0.037709
61950	-0.076955
62000	0.025987
62050	-0.157850
62100	-0.037850
62150	-0.098103
62200	0.050100
62250	-0.073438
62300	-0.140598
62350	-0.036835
62400	0.059491
62450	0.075345
62500	-0.115500
62550	0.046102
62600	0.057146
62650	0.193680
62700	0.026103
62750	0.079386
62800	0.088018
62850	0.173094
62900	0.092585
62950	-0.145186
63000	-0.210798
63050	-0.071061
63100	0.013544
63150	-0.118191
63200	0.109088
63250	0.002054
63300	0.073911
63350	-0.001418
63400	0.175849
63450	0.060962
63500	-0.064763
63550	0.039375
63600	0.096254
63650	0.153585
63700	0.024150
63750	0.051225
63800	-0.029751
63850	0.037795
63900	0.079484
63950	-0.069306
64000	-0.213647
64050	-0.022372
64100	0.027271
64150	0.094425
64200	0.018881
64250	0.004067
64300	-0.107867
64350	0.049110
64400	-0.035787
64450	-0.060369
64500	0.060655
64550	0.068518
64600	0.103360
64650	0.022091
64700	0.076923
64750	0.049368
64800	0.024582
64850	0.017553
64900	0.049864
64950	0.179182
65000	0.108838
65050	0.122099
65100	0.081560
65150	0.030728
65200	0.100493
65250	-0.064906
65300	-0.065226
65350	-0.001394
65400	-0.092596
65450	-0.010050
65500	0.133556
65550	-0.028430
65600	-0.051428
65650	-0.045351
65700	0.080256
65750	-0.006022
65800	0.098966
65850	0.018314
65900	-0.003716
65950	-0.017386
66000	0.052388
66050	0.018882
66100	-0.065337
66150	-0.092063
66200	-0.168293
66250	0.051791
66300	0.254088
66350	0.106067
66400	0.047850
66450	0.000318
66500	-0.004021
66550	-0.039311
66600	0.039729
66650	0.037601
66700	-0.016099
66750	-0.185908
66800	0.013188
66850	0.035166
66900	-0.066191
66950	-0.044860
67000	0.081517
67050	-0.103381
67100	0.068084
67150	0.026550
67200	0.051259
67250	0.012888
67300	0.123014
67350	0.034742
67400	-0.126454
67450	0.118271
67500	0.034049
67550	0.042550
67600	-0.105742
67650	0.131207
67700	-0.010963
67750	0.048730
67800	-0.047963
67850	0.018321
67900	-0.063355
67950	-0.015083
68000	-0.034491
68050	-0.213028
68100	-0.100409
68150	-0.158700
68200	-0.065686
68250	0.129365
68300	0.075291
68350	-0.062271
68400	0.026820
68450	-0.188036
68500	-0.040189
68550	-0.033529
68600	-0.002992
68650	-0.059995
68700	-0.117594
68750	-0.098932
68800	-0.039135
68850	-0.170227
68900	-0.009795
68950	-0.002350
69000	-0.001058
69050	0.160424
69100	0.007888
69150	0.061394
69200	-0.120418
69250	0.055659
69300	0.166382
69350	0.096979
69400	-0.093191
69450	0.024487
69500	0.080357
69550	0.110311
69600	0.117068
69650	0.100308
69700	0.023313
69750	-0.120692
69800	-0.079231
69850	0.046152
69900	-0.048494
69950	0.032508
70000	0.116188
70050	-0.080172
70100	-0.041258
70150	-0.036701
70200	-0.049716
70250	0.043312
70300	0.145222
70350	-0.067549
70400	0.012790
70450	-0.006765
70500	0.095386
70550	0.094786
70600	0.198493
70650	0.186722
70700	-0.210803
70750	-0.193409
70800	-0.151059
70850	-0.050971
70900	0.056276
70950	0.146734
71000	-0.022086
71050	0.135184
71100	0.010947
71150	-0.125185
71200	0.067732
71250	0.083013
71300	-0.088166
71350	-0.066993
71400	-0.047524
71450	0.255766
71500	-0.086794
71550	-0.004390
71600	0.090497
71650	0.131772
71700	-0.004694
71750	0.060400
71800	0.060950
71850	0.216050
71900	0.137779
71950	0.027645
72000	-0.040011
72050	-0.117539
72100	0.070809
72150	-0.053628
72200	-0.111674
72250	-0.228280
72300	-0.065557
72350	0.076358
72400	0.030094
72450	0.185935
72500	0.108247
72550	-0.047899
72600	-0.093505
72650	0.100610
72700	-0.019717
72750	0.094517
72800	0.070495
72850	-0.109248
72900	-0.097217
72950	-0.051094
73000	-0.039545
73050	-0.053477
73100	-0.056312
73150	0.022131
73200	-0.064475
73250	-0.032076
73300	-0.179471
73350	0.017603
73400	-0.004975
73450	0.052893
73500	-0.010330
73550	0.125924
73600	0.041640
73650	-0.071700
73700	-0.040551
73750	0.025311
73800	-0.079176
73850	0.009642
73900	0.020567
73950	0.087404
74000	0.136854
74050	0.153666
74100	0.059838
74150	0.025499
74200	-0.241438
74250	-0.147998
74300	0.280203
74350	0.162097
74400	-0.071465
74450	-0.109881
74500	-0.153008
74550	0.118876
74600	0.029055
74650	-0.029212
74700	0.014648
74750	0.257419
74800	0.007722
74850	-0.051854
74900	0.002914
74950	0.143795
75000	-0.072525
75050	-0.069616
75100	0.032946
75150	0.116849
75200	0.087189
75250	0.060554
75300	0.104333
75350	0.070995
75400	0.047346
75450	-0.032819
75500	0.112730
75550	0.226112
75600	0.064103
75650	0.215104
75700	0.002607
75750	0.059701
75800	-0.169901
75850	-0.003621
75900	-0.144437
75950	0.082460
76000	-0.067176
76050	0.114925
76100	-0.102839
76150	-0.090249
76200	-0.001119
76250	-0.242912
76300	-0.068601
76350	-0.089761
76400	0.004614
76450	-0.229177
76500	-0.078152
76550	0.102586
76600	-0.000194
76650	-0.108536
76700	-0.019981
76750	0.197893
76800	0.082648
76850	-0.009971
76900	-0.125732
76950	-0.124854
77000	-0.065020
77050	0.164017
77100	-0.087315
77150	-0.013536
77200	-0.119094
77250	-0.137802
77300	0.096301
77350	0.059915
77400	0.047619
77450	-0.127283
77500	-0.119620
77550	-0.046632
77600	0.015306
77650	0.109766
77700	0.089343
77750	0.119652
77800	-0.104570
77850	0.128312
77900	0.162185
77950	-0.019437
78000	-0.113734
78050	-0.046400
78100	-0.162031
78150	-0.169537
78200	0.093033
78250	-0.032928
78300	0.054671
78350	0.128535
78400	0.135110
78450	-0.165966
78500	-0.172120
78550	-0.006112
78600	0.047818
78650	-0.058978
78700	0.058381
78750	-0.070146
78800	-0.143000
78850	-0.165410
78900	0.077832
78950	0.228347
79000	0.046782
79050	0.074930
79100	-0.046772
79150	0.191955
79200	0.107709
79250	-0.066415
79300	0.039415
79350	-0.128377
79400	-0.028208
79450	0.015953
79500	0.171910
79550	-0.123924
79600	0.123809
79650	-0.023222
79700	0.057079
79750	0.064161
79800	0.014456
79850	0.049311
79900	0.069552
79950	0.156878
80000	0.013602
80050	0.136241
80100	0.163523
80150	0.071112
80200	0.163895
80250	0.087244
80300	0.120358
80350	-0.043446
80400	0.093735
80450	0.012583
80500	0.027874
80550	-0.028137
80600	0.080643
80650	0.063809
80700	0.040167
80750	0.076829
80800	-0.042177
80850	0.031427
80900	0.080801
80950	0.063401
81000	-0.107207
81050	0.002824
81100	-0.004346
81150	0.083241
81200	0.043987
81250	-0.066669
81300	-0.066709
81350	0.110604
81400	-0.011272
81450	-0.222126
81500	-0.028397
81550	0.149957
81600	0.107030
81650	-0.223866
81700	0.066213
81750	0.020579
81800	-0.232623
81850	0.033435
81900	0.023366
81950	0.099925
82000	0.094117
82050	0.015594
82100	0.104220
82150	0.075789
82200	-0.114193
82250	0.074185
82300	-0.060316
82350	-0.003852
82400	-0.035103
82450	0.198351
82500	-0.144040
82550	-0.095937
82600	-0.106808
82650	-0.018676
82700	0.078653
82750	-0.057675
82800	-0.033353
82850	-0.173531
82900	-0.040513
82950	-0.013364
83000	0.102037
83050	-0.197737
83100	0.008226
83150	0.109701
83200	0.094846
83250	0.085404
83300	-0.011468
83350	0.057970
83400	0.009539
83450	0.285157
83500	-0.005333
83550	0.061256
83600	0.035016
83650	0.107068
83700	0.038977
83750	0.025695
83800	0.054775
83850	-0.202476
83900	0.031447
83950	0.024744
84000	0.066416
84050	-0.144367
84100	-0.149322
84150	-0.004620
84200	-0.186696
84250	-0.203152
84300	0.233101
84350	0.241594
84400	0.030440
84450	-0.040283
84500	-0.060177
84550	-0.008550
84600	-0.130940
84650	0.019261
84700	0.046946
84750	0.023828
84800	0.059138
84850	-0.139517
84900	0.048480
84950	0.058067
85000	-0.062315
85050	0.083695
85100	0.076501
85150	0.154188
85200	0.062733
85250	-0.093522
85300	-0.052472
85350	-0.069282
85400	-0.006181
85450	0.104205
85500	-0.004225
85550	-0.055910
85600	-0.021127
85650	-0.127327
85700	-0.242397
85750	-0.099437
85800	0.152420
85850	0.022585
85900	-0.027369
85950	0.298737
86000	-0.003198
86050	0.069583
86100	0.159532
86150	-0.158590
86200	0.012084
86250	0.086339
86300	-0.092843
86350	0.043059
86400	-0.005503
86450	0.037625
86500	-0.003411
86550	-0.104935
86600	-0.221430
86650	-0.097825
86700	-0.016926
86750	0.062939
86800	-0.049891
86850	-0.033037
86900	-0.245440
86950	-0.180706
87000	-0.041496
87050	0.113500
87100	-0.066679
87150	-0.054853
87200	-0.120008
87250	0.095169
87300	-0.083402
87350	-0.025382
87400	-0.047761
87450	-0.056555
87500	-0.089898
87550	0.026560
87600	0.055049
87650	0.337664
87700	0.004987
87750	-0.013185
87800	0.089993
87850	-0.297297
87900	0.103799
87950	0.114809
88000	-0.007243
88050	-0.001997
88100	-0.138328
88150	-0.176240
88200	-0.015692
88250	0.109965
88300	-0.019796
88350	0.018759
88400	-0.123649
88450	0.041496
88500	0.075223
88550	-0.068140
88600	-0.231512
88650	-0.054528
88700	-0.059909
88750	-0.064841
88800	0.281789
88850	-0.125257
88900	0.082050
88950	-0.085366
89000	0.091852
89050	-0.033496
89100	0.029363
89150	0.062288
89200	-0.075490
89250	-0.142975
89300	0.020064
89350	-0.042290
89400	-0.120128
89450	-0.039359
89500	0.159422
89550	-0.088651
89600	0.160926
89650	0.027223
89700	0.091099
89750	0.197134
89800	0.029308
89850	-0.149771
89900	0.064784
89950	0.115675
90000	-0.183979
90050	0.047967
90100	0.038488
90150	-0.172515
90200	-0.052217
90250	-0.170612
90300	-0.051222
90350	0.053975
90400	-0.115652
90450	0.007229
90500	-0.123011
90550	0.074103
90600	0.218871
90650	0.242448
90700	0.122276
90750	-0.070196
90800	-0.074226
90850	0.059304
90900	-0.081518
90950	-0.149500
91000	-0.159564
91050	-0.180258
91100	0.036945
91150	0.195082
91200	-0.017937
91250	0.049321
91300	0.126869
91350	-0.035663
91400	0.012564
91450	-0.164439
91500	0.100021
91550	0.084595
91600	-0.000744
91650	0.136580
91700	0.298838
91750	0.066318
91800	0.221747
91850	0.141331
91900	-0.100236
91950	0.098534
92000	0.007327
92050	-0.036745
92100	0.068707
92150	0.074212
92200	0.174959
92250	0.197958
92300	0.111217
92350	0.027300
92400	0.040039
92450	-0.007763
92500	-0.055044
92550	-0.060259
92600	0.011638
92650	0.134156
92700	0.142639
92750	0.067814
92800	0.149008
92850	-0.084774
92900	-0.003388
92950	-0.013050
93000	-0.162129
93050	-0.054145
93100	0.076383
93150	-0.046913
93200	-0.168508
93250	-0.061726
93300	-0.208360
93350	-0.124350
93400	0.015661
93450	0.048345
93500	0.058790
93550	-0.099818
93600	0.056456
93650	0.100898
93700	-0.132603
93750	0.180947
93800	-0.104249
93850	0.043374
93900	0.095885
93950	0.152501
94000	-0.106878
94050	-0.110701
94100	-0.088122
94150	-0.017240
94200	-0.029624
94250	-0.020064
94300	0.038919
94350	-0.030693
94400	-0.104262
94450	0.024958
94500	0.143226
94550	-0.064923
94600	-0.014253
94650	0.110395
94700	0.087767
94750	0.031556
94800	0.020608
94850	-0.000270
94900	-0.246804
94950	-0.025467
95000	-0.155827
95050	-0.078707
95100	0.002015
95150	0.183970
95200	-0.028557
95250	0.108804
95300	-0.011172
95350	-0.218086
95400	-0.077839
95450	-0.250937
95500	0.013608
95550	-0.022443
95600	-0.004161
95650	0.012061
95700	-0.135249
95750	-0.212625
95800	-0.080456
95850	0.095200
95900	0.135003
95950	0.055794
96000	-0.024624
96050	0.010907
96100	-0.066706
96150	0.011794
96200	0.217509
96250	0.002607
96300	0.033095
96350	-0.036469
96400	-0.169640
96450	0.034682
96500	0.137902
96550	-0.146324
96600	-0.008682
96650	0.038190
96700	0.106563
96750	0.126225
96800	-0.010420
96850	-0.076063
96900	0.083909
96950	-0.000927
97000	-0.004765
97050	-0.009987
97100	0.042131
97150	0.148942
97200	0.009697
97250	0.084113
97300	0.014230
97350	0.116416
97400	0.162337
97450	-0.071957
97500	-0.043679
97550	0.006646
97600	0.100444
97650	0.041608
97700	0.108268
97750	0.015109
97800	-0.123072
97850	0.108519
97900	0.242515
97950	-0.187213
98000	-0.046021
98050	0.070469
98100	0.212000
98150	-0.124998
98200	-0.025156
98250	-0.105767
98300	0.070895
98350	-0.102829
98400	-0.228423
98450	-0.168364
98500	-0.245463
98550	-0.176281
98600	0.042787
98650	0.039358
98700	0.103640
98750	-0.061273
98800	-0.157170
98850	0.025751
98900	-0.143041
98950	-0.005306
99000	0.100323
99050	0.004958
99100	0.110322
99150	0.097411
99200	0.063982
99250	0.078920
99300	0.099564
99350	-0.074140
99400	-0.166986
99450	-0.063683
99500	0.065517
99550	-0.005547
99600	0.006592
99650	-0.108826
99700	-0.146844
99750	-0.074729
99800	0.011347
99850	-0.135710
99900	-0.038961
99950	0.006654
100000	-0.023994
100050	0.131100
100100	0.234669
100150	0.062281
100200	0.310926
100250	0.190809
100300	0.094180
100350	-0.096239
100400	0.121772
100450	0.000406
100500	0.004962
100550	0.055755
100600	-0.105201
100650	0.153241
100700	-0.019470
100750	-0.085523
100800	0.042996
100850	0.062930
100900	-0.078785
100950	-0.035426
101000	-0.177878
101050	-0.154012
101100	0.040239
101150	0.050783
101200	-0.176959
101250	-0.130990
101300	0.036813
101350	-0.162596
101400	-0.025272
101450	0.034745
101500	0.085661
101550	-0.086913
101600	-0.055581
101650	0.049415
101700	0.055887
101750	0.004111
101800	-0.190559
101850	0.016575
101900	-0.254190
101950	-0.182996
102000	-0.130095
102050	-0.108150
102100	-0.084357
102150	-0.027684
102200	-0.107227
102250	-0.034366
102300	0.031064
102350	-0.155328
102400	0.041349
102450	-0.130979
102500	0.194805
102550	0.255677
102600	0.061220
102650	0.029451
102700	0.021850
102750	0.030509
102800	-0.023794
102850	0.202526
102900	0.005912
102950	0.148985
103000	0.167509
103050	0.108052
103100	0.038082
103150	0.021502
103200	0.081680
103250	-0.104239
103300	-0.053122
103350	0.086792
103400	-0.040693
103450	-0.126481
103500	-0.035525
103550	-0.138431
103600	0.160964
103650	0.015330
103700	-0.140534
103750	0.030527
103800	-0.018443
103850	0.151171
103900	0.052192
103950	0.150167
104000	0.132899
104050	0.021425
104100	0.057716
104150	0.026831
104200	0.047087
104250	0.043329
104300	-0.022438
104350	0.049691
104400	-0.173408
104450	-0.180336
104500	-0.121822
104550	-0.254216
104600	0.101060
104650	0.001071
104700	0.040805
104750	0.042211
104800	0.053762
104850	-0.087749
104900	-0.043399
104950	-0.045372
105000	-0.117402
105050	0.093572
105100	-0.001066
105150	-0.004641
105200	-0.243561
105250	-0.093091
105300	0.190572
105350	0.304358
105400	0.055649
105450	0.049557
105500	-0.057167
105550	-0.100755
105600	0.071450
105650	0.108722
105700	0.070683
105750	0.046385
105800	-0.105791
105850	-0.111592
105900	-0.139088
105950	-0.039263
106000	0.223402
106050	0.032448
106100	-0.002980
106150	0.154781
106200	0.022845
106250	0.148457
106300	0.044119
106350	-0.102876
106400	0.209367
106450	0.102366
106500	0.102039
106550	-0.031360
106600	-0.001558
106650	-0.086026
106700	0.034134
106750	0.011756
106800	-0.036606
106850	0.044373
106900	0.063121
106950	-0.010925
107000	0.086580
107050	0.122366
107100	0.184694
107150	0.110077
107200	0.027382
107250	-0.008012
107300	-0.029440
107350	-0.021522
107400	-0.023022
107450	0.079791
107500	0.168078
107550	0.024727
107600	-0.001155
107650	0.153920
107700	-0.165878
107750	0.072770
107800	0.032421
107850	0.092051
107900	0.045294
107950	-0.008840
108000	-0.145777
108050	0.023111
108100	0.022937
108150	0.042426
108200	-0.038143
108250	0.118079
108300	-0.105572
108350	0.127393
108400	0.158330
108450	-0.092547
108500	-0.143604
108550	0.201557
108600	-0.036275
108650	-0.111108
108700	0.032024
108750	0.116301
108800	0.102057
108850	0.090063
108900	0.025454
108950	-0.027682
109000	-0.110083
109050	0.036305
109100	-0.031648
109150	0.080485
109200	0.133869
109250	-0.195055
109300	-0.042609
109350	-0.282935
109400	0.147748
109450	0.104986
109500	0.002615
109550	-0.062241
109600	0.071285
109650	-0.025943
109700	-0.150632
109750	-0.098803
109800	0.093171
109850	0.201001
109900	0.051422
109950	-0.021393
110000	0.118255
110050	0.000827
110100	0.017394
110150	0.112717
110200	-0.091552
110250	0.006248
110300	-0.089985
110350	0.044430
110400	0.153800
110450	0.033847
110500	0.068418
110550	0.045221
110600	0.022239
110650	-0.141440
110700	-0.020941
110750	-0.011651
110800	0.228485
110850	-0.027342
110900	-0.014313
110950	0.170352
111000	0.008454
111050	-0.108227
111100	-0.013615
111150	-0.004963
111200	0.088372
111250	0.036010
111300	0.024748
111350	0.090008
111400	0.092444
111450	-0.025303
111500	0.059393
111550	-0.057703
111600	0.034998
111650	0.079434
111700	-0.106315
111750	0.122121
111800	0.072517
111850	0.119810
111900	0.003647
111950	0.209490
112000	-0.047092
112050	-0.072780
112100	-0.063517
112150	0.137173
112200	0.091692
112250	-0.137924
112300	0.142136
112350	-0.059243
112400	-0.066009
112450	0.006285
112500	0.066142
112550	0.082906
112600	-0.029652
112650	-0.193404
112700	-0.021676
112750	0.098400
112800	0.098219
112850	-0.061579
112900	0.005530
112950	-0.059269
113000	0.058099
113050	-0.004508
113100	0.054072
113150	-0.097304
113200	-0.287366
113250	-0.051755
113300	0.050347
113350	-0.189854
113400	-0.232609
113450	-0.141012
113500	-0.134118
113550	-0.106683
113600	-0.162759
113650	-0.123123
113700	-0.216660
113750	0.130446
113800	-0.169197
113850	-0.028355
113900	0.055865
113950	0.116151
114000	-0.045618
114050	-0.028878
114100	0.264995
114150	0.121108
114200	-0.122415
114250	-0.171160
114300	-0.089055
114350	-0.077233
114400	-0.000377
114450	0.194861
114500	0.156311
114550	0.141871
114600	0.153109
114650	-0.003594
114700	-0.018168
114750	-0.138786
114800	-0.032981
114850	0.036652
114900	0.208660
114950	0.034778
115000	0.027217
115050	-0.186773
115100	-0.042270
115150	-0.139658
115200	0.037777
115250	-0.028846
115300	-0.020029
115350	-0.090870
115400	-0.014855
115450	0.305187
115500	0.108223
115550	-0.040526
115600	0.029783
115650	-0.039036
115700	0.059222
115750	-0.025837
115800	0.086513
115850	0.223356
115900	-0.223062
115950	0.146095
116000	0.098747
116050	-0.120340
116100	-0.105625
116150	0.070528
116200	-0.025729
116250	0.002589
116300	-0.057292
116350	0.131623
116400	-0.065254
116450	-0.159203
116500	-0.172380
116550	-0.010212
116600	-0.188686
116650	-0.118303
116700	-0.016504
116750	-0.070308
116800	-0.027734
116850	-0.329255
116900	-0.050459
116950	-0.092705
117000	0.201774
117050	0.117889
117100	0.030218
117150	-0.200059
117200	0.075056
117250	0.100145
117300	0.013327
117350	0.049036
117400	0.036722
117450	0.117405
117500	-0.128852
117550	0.045452
117600	-0.108223
117650	-0.164296
117700	-0.006406
117750	0.135125
117800	0.027587
117850	0.071153
117900	-0.099460
117950	0.059854
118000	-0.036418
118050	-0.226999
118100	0.027504
118150	-0.133831
118200	-0.004375
118250	0.202433
118300	-0.012777
118350	-0.218250
118400	-0.094892
118450	-0.156368
118500	0.050087
118550	-0.171157
118600	-0.160662
118650	-0.050209
118700	-0.173540
118750	-0.100883
118800	-0.045792
118850	0.174287
118900	-0.013091
118950	-0.070635
119000	-0.059904
119050	-0.127103
119100	0.202981
119150	-0.099585
119200	0.285528
119250	0.036784
119300	-0.309773
119350	0.114217
119400	0.053519
119450	0.057978
119500	-0.163671
119550	-0.114057
119600	0.064452
119650	-0.191928
119700	-0.164681
119750	-0.039573
119800	-0.120366
119850	-0.001616
119900	-0.120982
119950	0.044964
120000	0.109006
120050	-0.051761
120100	0.059177
120150	0.076090
120200	0.039322
120250	-0.205057
120300	-0.085452
120350	-0.153466
120400	-0.296719
120450	-0.228163
120500	0.116584
120550	0.049375
120600	-0.090198
120650	-0.044333
120700	0.046186
120750	0.187865
120800	-0.014757
120850	-0.011239
120900	0.185290
120950	0.149021
121000	0.087933
121050	0.184437
121100	-0.042773
121150	-0.165103
121200	-0.062926
121250	-0.110889
121300	0.076564
121350	-0.032254
121400	0.048962
121450	0.037476
121500	0.180316
121550	-0.020728
121600	0.011343
121650	-0.033702
121700	-0.027152
121750	-0.012495
121800	0.090487
121850	0.078181
121900	-0.088666
121950	0.012585
122000	-0.062365
122050	-0.126235
122100	-0.209762
122150	-0.220992
122200	0.011178
122250	0.120075
122300	0.012484
122350	-0.067797
122400	0.006830
122450	-0.056680
122500	0.052825
122550	0.122595
122600	0.122486
122650	-0.150279
122700	-0.042231
122750	-0.081885
122800	-0.099418
122850	-0.146722
122900	-0.186353
122950	-0.236249
123000	-0.131976
123050	-0.025557
123100	-0.019538
123150	-0.129989
123200	0.034284
123250	0.009587
123300	0.041627
123350	-0.051689
123400	-0.153014
123450	0.144339
123500	-0.010739
123550	0.142638
123600	0.114639
123650	-0.034935
123700	-0.105722
123750	0.069767
123800	-0.015042
123850	-0.006248
123900	0.053802
123950	0.102532
124000	0.010812
124050	0.004137
124100	0.186474
124150	0.009904
124200	-0.062921
124250	-0.076892
124300	0.114085
124350	-0.065575
124400	-0.104324
124450	-0.150054
124500	0.043635
124550	-0.105070
124600	-0.003404
124650	0.035307
124700	-0.063004
124750	-0.048915
124800	0.107388
124850	-0.038215
124900	0.048836
124950	-0.033525
125000	0.120960
125050	0.075773
125100	-0.212188
125150	0.007984
125200	-0.073318
125250	-0.136456
125300	-0.025111
125350	0.017419
125400	-0.006913
125450	-0.101117
125500	0.003855
125550	-0.099564
125600	-0.292424
125650	0.117757
125700	-0.047130
125750	-0.129438
125800	0.002995
125850	-0.130193
125900	-0.064617
125950	0.139609
126000	-0.071679
126050	-0.049261
126100	0.078009
126150	-0.071379
126200	0.031099
126250	-0.066879
126300	-0.093219
126350	-0.339933
126400	-0.117205
126450	-0.121044
126500	-0.115699
126550	-0.162293
126600	0.104940
126650	0.097829
126700	0.008924
126750	-0.022891
126800	-0.008049
126850	-0.035374
126900	-0.066281
126950	0.002027
127000	-0.123143
127050	0.020503
127100	-0.032387
127150	-0.109447
127200	-0.037071
127250	0.115614
127300	-0.273822
127350	-0.173633
127400	0.005679
127450	-0.130383
127500	-0.007302
127550	-0.040132
127600	-0.168187
127650	-0.156245
127700	0.149293
127750	-0.140977
127800	0.143186
127850	0.056705
127900	0.171129
127950	0.090317
128000	0.153944
128050	-0.006972
128100	0.141380
128150	0.052566
128200	0.099033
128250	0.026250
128300	0.000801
128350	-0.065872
128400	0.069672
128450	-0.062356
128500	-0.197030
128550	0.061129
128600	-0.077577
128650	-0.070158
128700	0.077159
128750	-0.130205
128800	-0.018653
128850	0.049159
128900	-0.107250
128950	0.008985
129000	-0.047416
129050	0.213502
129100	-0.005141
129150	0.170238
129200	0.064244
129250	0.008945
129300	-0.119761
129350	0.049434
129400	-0.237110
129450	-0.055684
129500	-0.111676
129550	-0.052901
129600	0.050216
129650	0.043418
129700	-0.048023
129750	0.002683
129800	-0.062564
129850	-0.109640
129900	-0.086854
129950	-0.120843
130000	-0.039853
130050	-0.036207
130100	-0.024570
130150	-0.064725
130200	-0.267140
130250	0.120366
130300	0.050892
130350	0.124912
130400	-0.045099
130450	0.082727
130500	-0.163308
130550	0.015967
130600	-0.117716
130650	-0.181874
130700	-0.059760
130750	-0.154987
130800	-0.152204
130850	0.027371
130900	-0.060662
130950	-0.086443
131000	0.074101
131050	0.156908
131100	0.113376
131150	-0.224186
131200	-0.157115
131250	0.149959
131300	0.113326
131350	-0.074338
131400	0.137203
131450	-0.099313
131500	0.054207
131550	0.034677
131600	0.058666
131650	-0.034598
131700	0.062123
131750	0.011862
131800	-0.120471
131850	-0.002475
131900	-0.016622
131950	-0.064339
132000	-0.060808
132050	0.053483
132100	-0.072075
132150	-0.023975
132200	-0.028565
132250	-0.036398
132300	0.059103
132350	-0.080007
132400	-0.055921
132450	-0.045682
132500	0.029134
132550	-0.129731
132600	0.175864
132650	-0.116426
132700	-0.020757
132750	0.076598
132800	-0.038421
132850	-0.159649
132900	0.044078
132950	-0.048589
133000	-0.051218
133050	0.100990
133100	-0.165932
133150	-0.073941
133200	0.102640
133250	0.007635
133300	0.016569
133350	-0.122511
133400	0.038852
133450	-0.134421
133500	-0.147569
133550	-0.017858
133600	-0.188229
133650	-0.163492
133700	-0.104185
133750	0.099363
133800	-0.221103
133850	0.087341
133900	0.044005
133950	-0.054507
134000	0.058228
134050	-0.019098
134100	0.049564
134150	-0.013292
134200	-0.011662
134250	0.016627
134300	0.102915
134350	0.028259
134400	-0.142867
134450	0.104951
134500	-0.091307
134550	-0.056190
134600	-0.026018
134650	0.016520
134700	0.007199
134750	0.081224
134800	-0.043274
134850	0.019687
134900	0.042200
134950	-0.040235
135000	0.072096
135050	0.180088
135100	0.061690
135150	-0.071074
135200	0.081582
135250	0.065711
135300	-0.008172
135350	0.044598
135400	0.048253
135450	-0.163866
135500	0.128858
135550	0.092202
135600	0.030517
135650	-0.114613
135700	-0.189301
135750	0.023327
135800	0.099800
135850	-0.042053
135900	0.104091
135950	0.110295
136000	0.096993
136050	0.002979
136100	-0.086370
136150	0.087179
136200	-0.148744
136250	-0.022696
136300	0.206184
136350	0.164583
136400	-0.135554
136450	0.044263
136500	-0.070129
136550	-0.126190
136600	0.060276
136650	0.021155
136700	-0.047301
136750	0.060982
136800	-0.050040
136850	-0.037198
136900	-0.170121
136950	0.099782
137000	-0.236125
137050	-0.051087
137100	-0.156454
137150	-0.007883
137200	-0.014994
137250	0.078172
137300	0.164779
137350	0.002861
137400	0.016843
137450	0.074983
137500	-0.051731
137550	-0.080834
137600	0.016439
137650	0.101166
137700	0.156506
137750	0.022586
137800	-0.054671
137850	-0.055254
137900	-0.074338
137950	0.020344
138000	-0.236507
138050	-0.113529
138100	-0.023159
138150	0.183609
138200	0.126338
138250	0.106714
138300	-0.000888
138350	-0.180770
138400	-0.027116
138450	-0.074045
138500	0.004025
138550	-0.139787
138600	0.049218
138650	-0.065725
138700	-0.001115
138750	-0.115615
138800	-0.084042
138850	-0.083300
138900	-0.170827
138950	-0.138072
139000	0.004486
139050	0.025505
139100	0.137476
139150	0.185200
139200	0.088079
139250	0.108336
139300	-0.145513
139350	-0.130963
139400	-0.184438
139450	-0.082476
139500	-0.140626
139550	-0.010772
139600	0.128113
139650	0.138066
139700	-0.047193
139750	-0.114570
139800	0.195385
139850	-0.118271
139900	-0.041358
139950	-0.113604
140000	-0.047572
140050	-0.014668
140100	0.097644
140150	-0.002773
140200	-0.011097
140250	0.146226
140300	-0.076840
140350	0.050515
140400	0.013330
140450	-0.175169
140500	0.059399
140550	0.010315
140600	0.047179
140650	0.080364
140700	0.001922
140750	-0.060707
140800	-0.131244
140850	-0.002703
140900	-0.005915
140950	0.015819
141000	-0.058972
141050	0.037107
141100	-0.011842
141150	0.016926
141200	-0.116102
141250	0.063728
141300	0.060672
141350	0.256728
141400	-0.101901
141450	0.015852
141500	-0.039635
141550	-0.048188
141600	-0.006012
141650	0.055054
141700	-0.027399
141750	0.084935
141800	-0.021166
141850	-0.235306
141900	0.014487
141950	-0.030040
142000	-0.110608
142050	-0.207510
142100	-0.117457
142150	-0.181250
142200	-0.074416
142250	0.043026
142300	0.047237
142350	-0.065581
142400	-0.003045
142450	-0.102452
142500	0.060886
142550	0.225959
142600	0.029859
142650	-0.151504
142700	0.014091
142750	-0.104018
142800	-0.070791
142850	-0.129476
142900	0.081173
142950	-0.031348
143000	0.010975
143050	0.047959
143100	-0.024696
143150	-0.012857
143200	0.103738
143250	-0.043908
143300	-0.131631
143350	-0.231360
143400	-0.160551
143450	-0.081063
143500	0.036090
143550	0.069473
143600	-0.114873
143650	0.112703
143700	0.167962
143750	-0.045081
143800	-0.140165
143850	0.032627
143900	0.037999
143950	-0.066456
144000	0.063902
144050	-0.220753
144100	-0.050217
144150	0.016695
144200	-0.075089
144250	0.156596
144300	0.074666
144350	-0.042363
144400	0.029517
144450	0.135196
144500	-0.008441
144550	-0.127794
144600	-0.033498
144650	-0.011987
144700	0.082183
144750	-0.060256
144800	0.125718
144850	0.158708
144900	-0.248724
144950	-0.105571
145000	0.150883
145050	0.093687
145100	-0.138088
145150	-0.097204
145200	-0.061815
145250	0.011541
145300	0.057005
145350	0.009307
145400	0.173812
145450	0.276855
145500	0.086903
145550	0.005389
145600	0.010929
145650	0.020086
145700	0.017325
145750	0.079157
145800	0.141316
145850	0.170437
145900	0.005691
145950	-0.063896
146000	-0.067728
146050	-0.077211
146100	0.106487
146150	0.056446
146200	-0.052134
146250	0.087810
146300	0.015960
146350	0.055539
146400	0.093202
146450	-0.123559
146500	-0.062853
146550	0.061015
146600	0.093481
146650	0.005048
146700	-0.066843
146750	0.225587
146800	-0.091075
146850	0.094304
146900	0.106954
146950	-0.075434
147000	0.238151
147050	-0.042974
147100	-0.074177
147150	0.095075
147200	0.004589
147250	-0.106056
147300	0.116674
147350	0.058813
147400	0.191262
147450	-0.271074
147500	-0.013833
147550	0.056889
147600	-0.058815
147650	-0.058622
147700	0.013668
147750	0.073223
147800	0.085333
147850	0.072858
147900	0.117884
147950	-0.020240
148000	0.048241
148050	-0.080525
148100	0.252400
148150	-0.170676
148200	0.024635
148250	0.032819
148300	0.240304
148350	0.054282
148400	0.110320
148450	0.011648
148500	0.052978
148550	-0.068196
148600	-0.059038
148650	-0.021867
148700	-0.141544
148750	0.088179
148800	-0.104180
148850	-0.243037
148900	0.016806
148950	0.189262
149000	0.167786
149050	0.035237
149100	-0.023663
149150	0.073841
149200	0.046199
149250	0.053744
149300	-0.046974
149350	0.033287
149400	-0.161237
149450	0.016550
149500	-0.116702
149550	-0.076687
149600	-0.025183
149650	-0.033906
149700	0.052446
149750	0.037916
149800	-0.022114
149850	-0.023266
149900	0.036516
149950	0.107937
150000	0.186150
150050	0.116879
150100	0.303883
150150	0.005147
150200	-0.048433
150250	0.118210
150300	0.008453
150350	0.068947
150400	0.032968
150450	0.064105
150500	0.002590
150550	0.179187
150600	-0.160295
150650	0.150382
150700	-0.061692
150750	-0.017556
150800	0.086873
150850	0.005605
150900	0.075383
150950	0.021464
151000	-0.051926
151050	-0.009696
151100	0.027966
151150	0.028434
151200	-0.009656
151250	-0.161945
151300	0.160138
151350	-0.010108
151400	0.230779
151450	0.106633
151500	0.088047
151550	0.118912
151600	-0.031143
151650	-0.034716
151700	-0.140438
151750	-0.104277
151800	-0.210697
151850	-0.029863
151900	0.043118
151950	0.107142
152000	0.022944
152050	-0.022918
152100	-0.064643
152150	-0.028717
152200	-0.078756
152250	0.056896
152300	-0.012362
152350	0.095611
152400	0.064109
152450	0.167715
152500	-0.015752
152550	0.010672
152600	0.233312
152650	0.185817
152700	-0.118944
152750	-0.083843
152800	-0.150341
152850	-0.154526
152900	0.134269
152950	0.111079
153000	-0.021059
153050	0.079852
153100	-0.008544
153150	-0.037336
153200	0.062633
153250	-0.025425
153300	0.037760
153350	0.181050
153400	0.090561
153450	-0.023153
153500	0.127479
153550	0.091105
153600	-0.023660
153650	0.106845
153700	-0.142565
153750	-0.055630
153800	-0.106203
153850	0.119510
153900	-0.160543
153950	0.129488
154000	0.097308
154050	-0.046911
154100	-0.125306
154150	-0.148773
154200	-0.028737
154250	0.079465
154300	-0.114962
154350	0.127116
154400	0.075047
154450	-0.011547
154500	-0.177004
154550	0.208998
154600	-0.023941
154650	0.125801
154700	0.056623
154750	-0.100475
154800	-0.057445
154850	-0.077988
154900	-0.054166
154950	-0.230207
155000	0.107420
155050	-0.052460
155100	-0.152934
155150	-0.122620
155200	-0.040185
155250	-0.004477
155300	-0.175617
155350	0.004259
155400	0.059170
155450	-0.078033
155500	0.033470
155550	0.148781
155600	0.014185
155650	-0.186748
155700	-0.026154
155750	-0.129490
155800	-0.077198
155850	-0.029312
155900	0.157185
155950	-0.085885
156000	0.048570
156050	-0.075840
156100	0.095000
156150	-0.147462
156200	0.135996
156250	0.002330
156300	-0.036690
156350	0.250704
156400	-0.104234
156450	-0.019081
156500	0.015983
156550	-0.008531
156600	-0.045007
156650	0.064159
156700	-0.074700
156750	0.008334
156800	0.001935
156850	-0.120366
156900	0.114614
156950	0.049156
157000	-0.056699
157050	0.009760
157100	-0.054672
157150	0.005486
157200	-0.053344
157250	0.067689
157300	0.095074
157350	0.136828
157400	0.144819
157450	0.114168
157500	0.028471
157550	-0.040274
157600	0.085865
157650	0.150716
157700	0.006164
157750	-0.065054
157800	0.042632
157850	0.101918
157900	-0.020598
157950	0.069941
158000	0.144681
158050	-0.056349
158100	0.068819
158150	-0.103241
158200	-0.009319
158250	-0.099243
158300	0.161297
158350	-0.175134
158400	-0.067103
158450	0.086047
158500	-0.041361
158550	0.023067
158600	-0.038654
158650	0.101721
158700	0.203116
158750	-0.161905
158800	-0.194374
158850	-0.044631
158900	0.073861
158950	0.174029
159000	0.125818
159050	0.058438
159100	-0.012919
159150	-0.096358
159200	0.089344
159250	0.093467
159300	0.007731
159350	0.040217
159400	-0.050164
159450	-0.094337
159500	0.115135
159550	-0.074727
159600	-0.173082
159650	0.080796
159700	-0.125698
159750	-0.065325
159800	0.013746
159850	0.027281
159900	0.091150
159950	-0.074455
160000	-0.041012
160050	0.138292
160100	0.042286
160150	0.069198
160200	0.254916
160250	-0.027137
160300	0.113756
160350	0.136152
160400	0.039221
160450	-0.156917
160500	-0.043123
160550	-0.007119
160600	-0.135128
160650	0.012115
160700	0.001331
160750	0.050745
160800	-0.154973
160850	-0.139291
160900	-0.130981
160950	0.078141
161000	-0.007087
161050	0.093095
161100	-0.048900
161150	0.159058
161200	-0.142158
161250	0.001914
161300	0.168011
161350	0.100865
161400	0.023841
161450	0.107137
161500	-0.085276
161550	-0.130681
161600	0.059944
161650	0.053270
161700	-0.087841
161750	0.099465
161800	-0.131821
161850	-0.165612
161900	0.165109
161950	0.217253
162000	0.275673
162050	-0.002817
162100	0.150028
162150	-0.108823
162200	0.072727
162250	0.174856
162300	-0.132487
162350	0.010035
162400	0.132760
162450	-0.023754
162500	0.027445
162550	0.233933
162600	0.000753
162650	0.130954
162700	-0.081793
162750	0.092693
162800	-0.092689
162850	-0.156848
162900	-0.066388
162950	-0.025367
163000	-0.044395
163050	-0.026040
163100	-0.063976
163150	0.093082
163200	0.029193
163250	0.108333
163300	0.161994
163350	0.250509
163400	-0.085917
163450	0.191232
163500	0.099678
163550	0.063204
163600	-0.029721
163650	0.262736
163700	0.107661
163750	0.040738
163800	-0.050734
163850	0.153851
163900	0.082445
163950	-0.049095
164000	-0.100197
164050	0.069423
164100	0.065616
164150	0.056345
164200	0.176262
164250	-0.048612
164300	0.044204
164350	-0.014614
164400	-0.084356
164450	0.027217
164500	0.153845
164550	0.052777
164600	-0.113589
164650	-0.037169
164700	-0.111040
164750	-0.047197
164800	0.104171
164850	0.044651
164900	0.134677
164950	-0.168205
165000	-0.150376
165050	-0.145482
165100	0.021597
165150	0.256179
165200	-0.011561
165250	-0.127485
165300	-0.059958
165350	-0.094742
165400	-0.018561
165450	-0.048433
165500	0.048382
165550	-0.027998
165600	0.033802
165650	-0.033406
165700	0.018836
165750	-0.007653
165800	0.049467
165850	0.047473
165900	-0.028635
165950	-0.087898
166000	-0.000504
166050	-0.082157
166100	0.087323
166150	0.084865
166200	-0.031155
166250	-0.118530
166300	0.014516
166350	-0.014120
166400	-0.119039
166450	0.078994
166500	0.017321
166550	0.020089
166600	-0.091318
166650	0.130601
166700	0.062873
166750	0.036297
166800	0.005277
166850	-0.007636
166900	0.040566
166950	-0.091107
167000	0.000765
167050	-0.027549
167100	-0.111107
167150	0.077610
167200	-0.027630
167250	0.021425
167300	0.105635
167350	0.123484
167400	0.057991
167450	-0.117454
167500	0.114938
167550	0.141153
167600	0.032963
167650	0.037060
167700	0.017658
167750	-0.012337
167800	0.152285
167850	-0.221358
167900	-0.104190
167950	-0.035121
168000	-0.008034
168050	-0.004267
168100	-0.092964
168150	-0.083171
168200	-0.037307
168250	0.047103
168300	0.149521
168350	0.190035
168400	0.076146
168450	-0.113839
168500	-0.030559
168550	-0.168393
168600	0.069113
168650	0.063318
168700	-0.099592
168750	0.211767
168800	-0.019196
168850	-0.164040
168900	0.146571
168950	0.034354
169000	-0.111188
169050	-0.045230
169100	0.090876
169150	-0.104665
169200	-0.072739
169250	0.038868
169300	0.054441
169350	0.044414
169400	0.090821
169450	-0.133740
169500	0.057371
169550	-0.053992
169600	0.029599
169650	0.164537
169700	0.018304
169750	-0.056930
169800	-0.022095
169850	0.141813
169900	0.020679
169950	0.007770
170000	0.160331
170050	-0.166990
170100	-0.095472
170150	0.058636
170200	0.142139
170250	0.026774
170300	0.055907
170350	-0.006556
170400	-0.152112
170450	-0.015748
170500	-0.068885
170550	0.089307
170600	-0.025143
170650	0.054406
170700	-0.186169
170750	-0.065463
170800	0.048907
170850	0.000392
170900	-0.071896
170950	0.014191
171000	0.053660
171050	0.130931
171100	0.144880
171150	-0.060470
171200	0.071548
171250	0.142257
171300	-0.033757
171350	-0.165842
171400	0.261085
171450	-0.020482
171500	-0.063625
171550	-0.089423
171600	-0.088007
171650	0.113329
171700	0.156424
171750	-0.064782
171800	0.146285
171850	-0.052745
171900	0.154293
171950	-0.032015
172000	-0.023946
172050	0.021424
172100	-0.158361
172150	0.178570
172200	-0.079208
172250	0.141656
172300	-0.123667
172350	-0.032413
172400	-0.115821
172450	0.104534
172500	-0.032687
172550	-0.033947
172600	-0.141349
172650	0.057454
172700	-0.045704
172750	-0.076391
172800	-0.159120
172850	0.031182
172900	0.068863
172950	0.007011
173000	-0.002641
173050	0.100678
173100	0.011207
173150	-0.023321
173200	0.003826
173250	0.048671
173300	-0.000701
173350	-0.063296
173400	0.077256
173450	0.248200
173500	-0.165320
173550	0.078071
173600	-0.062914
173650	-0.258771
173700	0.061484
173750	0.016863
173800	-0.114084
173850	0.064965
173900	-0.045675
173950	-0.037160
174000	0.051881
174050	0.030743
174100	0.250936
174150	0.077333
174200	-0.169102
174250	0.059990
174300	0.095838
174350	0.095726
174400	-0.176009
174450	0.074241
174500	-0.193270
174550	-0.002164
174600	-0.052840
174650	0.070194
174700	-0.062979
174750	0.080326
174800	-0.055801
174850	0.042052
174900	-0.093182
174950	-0.119879
175000	-0.137322
175050	0.049025
175100	-0.035346
175150	0.188586
175200	0.114011
175250	-0.005916
175300	-0.042745
175350	0.048828
175400	0.119147
175450	0.060029
175500	-0.014385
175550	-0.158058
175600	-0.247264
175650	0.049820
175700	0.049783
175750	0.188620
175800	0.002575
175850	0.180867
175900	0.142404
175950	0.059486
176000	-0.021749
176050	-0.013508
176100	-0.072145
176150	0.220023
176200	0.170776
176250	-0.020288
176300	-0.022230
176350	-0.092498
176400	-0.144922
176450	-0.127089
176500	-0.061979
176550	0.037656
176600	0.001120
176650	0.053263
176700	-0.055083
176750	0.060970
176800	0.066832
176850	0.053022
176900	-0.079737
176950	-0.064585
177000	-0.006317
177050	0.011069
177100	-0.011940
177150	0.148100
177200	0.067655
177250	0.049873
177300	0.138503
177350	0.218132
177400	-0.048218
177450	-0.067145
177500	0.053091
177550	0.135093
177600	0.117123
177650	-0.095044
177700	-0.066080
177750	0.016789
177800	0.147742
177850	0.051293
177900	0.200088
177950	0.017568
178000	-0.180313
178050	0.001620
178100	0.230814
178150	-0.021252
178200	0.057645
178250	-0.061075
178300	0.065399
178350	0.129802
178400	0.071124
178450	0.080757
178500	0.177827
178550	0.024869
178600	-0.191853
178650	0.056705
178700	0.114474
178750	0.074668
178800	0.157824
178850	-0.038037
178900	0.021673
178950	-0.156038
179000	0.039085
179050	-0.105176
179100	0.228574
179150	0.139583
179200	0.027620
179250	-0.078020
179300	0.068379
179350	0.145058
179400	-0.014753
179450	-0.054560
179500	0.138227
179550	0.017860
179600	-0.132217
179650	-0.059564
179700	-0.118425
179750	-0.085448
179800	-0.035329
179850	0.155267
179900	-0.175719
179950	0.085439
180000	-0.100250
180050	-0.008530
180100	-0.099168
180150	0.028702
180200	-0.039971
180250	0.116809
180300	0.164247
180350	-0.170331
180400	0.070174
180450	-0.060294
180500	-0.173873
180550	-0.101760
180600	0.007739
180650	0.020921
180700	0.173508
180750	0.306007
180800	0.035930
180850	-0.033369
180900	0.019460
180950	0.127174
181000	0.104739
181050	0.158355
181100	0.075943
181150	-0.146531
181200	0.115681
181250	-0.003681
181300	-0.035625
181350	0.109197
181400	-0.103244
181450	-0.138364
181500	-0.218275
181550	-0.066614
181600	-0.025738
181650	0.217256
181700	0.120692
181750	-0.088177
181800	0.094866
181850	0.056164
181900	-0.014927
181950	0.008262
182000	0.148270
182050	0.144043
182100	-0.132968
182150	-0.079231
182200	0.083311
182250	0.317045
182300	0.163612
182350	-0.027838
182400	-0.145036
182450	-0.044438
182500	0.082037
182550	0.094274
182600	0.029142
182650	-0.035643
182700	-0.143009
182750	0.223557
182800	0.206279
182850	0.131621
182900	-0.033966
182950	-0.148097
183000	0.150903
183050	0.222530
183100	-0.046351
183150	0.074898
183200	-0.023972
183250	0.025385
183300	-0.132513
183350	-0.145959
183400	-0.011665
183450	0.003802
183500	0.139975
183550	-0.008380
183600	0.123936
183650	-0.059986
183700	-0.046319
183750	0.135734
183800	-0.054519
183850	-0.153065
183900	-0.067080
183950	-0.030978
184000	-0.117408
184050	0.150315
184100	-0.115387
184150	-0.160826
184200	0.057114
184250	-0.109326
184300	0.115452
184350	0.059985
184400	-0.127327
184450	0.034833
184500	-0.074448
184550	0.030422
184600	0.132558
184650	-0.031087
184700	-0.064928
184750	0.169897
184800	-0.004011
184850	-0.151862
184900	0.013915
184950	-0.068402
185000	-0.025661
185050	0.055542
185100	-0.050100
185150	0.123606
185200	-0.052685
185250	0.178568
185300	0.128700
185350	0.110111
185400	0.175436
185450	-0.025863
185500	0.028142
185550	0.104358
185600	-0.035891
185650	0.152641
185700	-0.048770
185750	0.120666
185800	-0.024434
185850	0.083491
185900	0.099380
185950	-0.119721
186000	-0.102393
186050	0.095077
186100	0.003829
186150	-0.015279
186200	-0.015164
186250	-0.036733
186300	-0.209057
186350	-0.090424
186400	0.100718
186450	0.095453
186500	0.040009
186550	-0.064568
186600	-0.044730
186650	0.108365
186700	0.042686
186750	-0.013214
186800	-0.043585
186850	-0.103327
186900	0.061216
186950	0.100725
187000	-0.107476
187050	-0.061481
187100	0.101967
187150	0.075623
187200	-0.027839
187250	-0.014859
187300	-0.139520
187350	-0.038334
187400	-0.144699
187450	-0.176599
187500	-0.152981
187550	-0.037752
187600	-0.016401
187650	0.029001
187700	-0.168361
187750	0.132490
187800	0.050452
187850	0.150659
187900	0.002408
187950	0.121474
188000	0.123456
188050	0.006679
188100	0.100281
188150	0.002280
188200	0.189352
188250	0.206712
188300	-0.128561
188350	0.014439
188400	0.008723
188450	0.015190
188500	0.100144
188550	-0.001022
188600	0.127782
188650	-0.064357
188700	-0.070155
188750	-0.131128
188800	0.008090
188850	0.093865
188900	0.291321
188950	0.158860
189000	0.039016
189050	0.226919
189100	-0.111460
189150	-0.103758
189200	0.109741
189250	0.126001
189300	0.022210
189350	0.030031
189400	-0.007099
189450	0.141944
189500	-0.040342
189550	-0.057897
189600	-0.045471
189650	-0.114750
189700	0.105019
189750	0.018519
189800	-0.153300
189850	0.125793
189900	-0.007530
189950	-0.038080
190000	-0.088977
190050	-0.110160
190100	-0.040953
190150	0.093014
190200	-0.041973
190250	0.024439
190300	-0.030940
190350	-0.013700
190400	-0.053695
190450	-0.026658
190500	0.076937
190550	0.130712
190600	-0.116737
190650	-0.125771
190700	-0.159366
190750	0.017727
190800	0.039596
190850	-0.100072
190900	-0.091513
190950	-0.019684
191000	-0.034094
191050	0.046858
191100	0.008112
191150	-0.200254
191200	-0.017692
191250	-0.047890
191300	-0.042822
191350	-0.044068
191400	0.039537
191450	-0.007931
191500	0.049791
191550	-0.078049
191600	0.004945
191650	0.068114
191700	-0.112309
191750	0.111647
191800	0.010112
191850	0.003204
191900	-0.013666
191950	0.160230
192000	0.062962
192050	-0.047440
192100	-0.056351
192150	0.023369
192200	0.174138
192250	0.108831
192300	0.194645
192350	-0.006315
192400	-0.004874
192450	0.060460
192500	0.144630
192550	0.004285
192600	0.003699
192650	0.039961
192700	0.062617
192750	-0.123116
192800	0.102644
192850	-0.028986
192900	-0.091003
192950	-0.053001
193000	-0.082230
193050	-0.023157
193100	0.133400
193150	0.062136
193200	-0.104215
193250	-0.079068
193300	-0.043653
193350	-0.013267
193400	-0.101027
193450	-0.129557
193500	-0.057725
193550	0.066137
193600	-0.022809
193650	0.046970
193700	0.224947
193750	0.210363
193800	-0.066123
193850	-0.257755
193900	-0.119180
193950	-0.003648
194000	-0.186577
194050	0.043665
194100	-0.027509
194150	-0.177983
194200	-0.002481
194250	0.072128
194300	-0.204823
194350	-0.032701
194400	-0.069181
194450	-0.203266
194500	-0.091407
194550	-0.015193
194600	0.132552
194650	0.054951
194700	0.090734
194750	-0.093644
194800	0.076585
194850	0.115694
194900	0.027295
194950	0.133773
195000	0.101160
195050	0.128728
195100	0.015508
195150	-0.032112
195200	-0.075134
195250	0.047717
195300	0.073813
195350	0.196421
195400	-0.068831
195450	0.008772
195500	0.103826
195550	0.006196
195600	0.168801
195650	-0.017641
195700	-0.092371
195750	-0.212053
195800	0.004642
195850	-0.237153
195900	0.017371
195950	0.018142
196000	-0.187477
196050	-0.077054
196100	0.000839
196150	-0.182786
196200	-0.001155
196250	-0.039967
196300	-0.202449
196350	0.019663
196400	-0.076378
196450	0.070561
196500	-0.145878
196550	-0.026324
196600	-0.022298
196650	-0.073544
196700	0.082644
196750	-0.031860
196800	0.202845
196850	-0.066147
196900	-0.133020
196950	-0.184677
197000	-0.030342
197050	-0.075392
197100	-0.011305
197150	0.106820
197200	-0.039617
197250	-0.024689
197300	0.125706
197350	0.044823
197400	-0.147641
197450	0.038426
197500	0.003199
197550	0.036086
197600	-0.063728
197650	-0.142504
197700	-0.020776
197750	-0.016407
197800	0.271678
197850	0.013528
197900	0.053621
197950	0.031556
198000	-0.160743
198050	0.003987
198100	-0.090656
198150	-0.207421
198200	-0.140418
198250	-0.030196
198300	-0.093219
198350	-0.082117
198400	0.021587
198450	0.126997
198500	-0.042097
198550	-0.160999
198600	-0.004819
198650	-0.050963
198700	0.110482
198750	0.022706
198800	0.078217
198850	-0.109388
198900	0.008120
198950	0.050877
199000	0.208594
199050	-0.164006
199100	0.027519
199150	-0.029474
199200	0.097829
199250	0.158306
199300	-0.059609
199350	0.050689
199400	0.010411
199450	0.139970
199500	0.044296
199550	-0.037049
199600	0.060069
199650	-0.192207
199700	0.063436
199750	0.102186
199800	-0.151199
199850	0.177067
199900	0.063972
199950	0.038876
