2.099841
0.724759
0.692270
0.412422
0.248837
0.222147
0.196074
0.240045
0.143640
0.194579
0.258294
0.070053
0.057617
0.078343
0.064648
-0.009265
0.118323
0.198376
0.145747
0.120221
0.048834
0.046015
0.048027
0.094197
0.144411
0.177302
0.062594
0.158050
0.109763
-0.001885
0.042123
0.043390
0.053968
0.076135
0.146734
0.119760
0.025758
0.085895
0.077714
0.028830
0.059286
0.032622
0.050451
-0.049817
-0.033786
0.085859
0.071809
0.102085
0.099327
0.116928
0.113591
0.115734
0.028798
0.103597
0.073682
0.046372
0.118388
0.127879
0.079592
0.050506
0.051736
0.036806
0.058537
0.041113
-0.013418
0.028544
0.067477
0.002900
0.038152
0.094503
-0.062446
0.085355
0.001719
0.019849
0.175801
0.043314
0.113850
-0.004873
0.112037
0.085555
-0.011212
0.118968
0.086880
0.080767
0.046801
0.084051
0.048070
-0.056121
-0.000424
0.043679
-0.070070
-0.044131
-0.018887
0.032741
0.068096
0.075109
0.024204
0.066599
0.066785
0.065672
0.062039
0.018342
0.141336
0.051086
-0.001166
0.064300
-0.099686
-0.102327
0.063383
0.119119
0.050371
0.044626
0.007156
0.074947
0.101477
0.018590
-0.016186
0.016886
0.081648
0.080969
0.016819
0.146017
0.093716
0.064403
-0.002852
0.029467
-0.028848
0.049492
0.040422
-0.046735
0.050239
0.052805
0.084761
-0.012003
0.089604
0.124232
0.020212
0.085911
0.095374
0.067780
0.001531
0.061604
0.034469
0.039836
0.063215
0.020221
0.066351
-0.010085
-0.034871
-0.083622
-0.107273
0.041473
0.046168
0.020432
0.017759
-0.021649
-0.101004
0.038836
0.100214
0.056027
0.051708
0.074010
0.058736
0.037882
0.020924
0.007414
-0.047183
0.040737
0.007833
-0.001766
0.037031
-0.036159
0.071418
0.070129
0.104274
0.151573
-0.009134
-0.021464
0.085661
-0.034877
0.053014
0.121455
0.012249
0.054238
-0.026797
-0.011067
0.104734
0.064901
0.100914
0.068630
0.023778
0.085060
0.069595
-0.043381
0.036744
-0.000582
-0.083396
0.086019
0.045040
-0.024056
0.129077
0.030803
-0.027469
0.019878
0.019843
-0.017622
-0.057920
0.083630
0.055794
0.058481
-0.025854
-0.039745
0.011591
-0.005991
-0.006313
0.008525
-0.032958
-0.035724
-0.006941
-0.007422
-0.124360
0.044368
0.084162
-0.081135
0.145310
0.105328
0.085233
0.008076
-0.038895
0.066981
0.005058
0.008136
0.023901
0.025159
0.044585
0.037216
-0.041195
-0.030733
-0.025737
-0.052569
0.028344
-0.085763
-0.028049
0.117312
0.031027
0.055780
0.017172
0.006011
0.007634
-0.002895
0.057716
0.033603
0.016636
0.018674
0.057410
0.069860
-0.017796
0.078947
0.032687
0.018102
0.031621
-0.019882
0.061346
-0.041486
-0.049103
0.045331
0.003128
-0.003146
0.041043
0.106992
0.124210
-0.005008
0.035850
-0.025325
0.056747
0.008401
-0.001455
0.071346
0.002297
0.084241
0.006237
-0.024657
0.073407
0.049067
0.064754
0.012728
-0.013373
0.003322
0.048075
0.049894
-0.015444
-0.011895
-0.034690
0.024998
0.002039
-0.032735
0.131539
0.066045
-0.053762
0.085287
0.094162
0.021468
-0.000130
0.012867
-0.026427
-0.048670
-0.010186
-0.084181
0.003017
-0.032438
0.025106
0.030598
0.021351
0.077670
0.120922
0.093874
0.040226
0.041020
0.019066
0.037372
0.000968
0.011619
0.103359
0.065619
0.080440
0.009039
-0.067377
0.047398
0.047885
0.049806
-0.007542
0.032021
0.043638
0.001560
0.058935
0.085420
-0.022487
0.085508
-0.008895
-0.031420
-0.032648
0.045337
0.078651
0.010671
-0.053949
0.019670
-0.110333
-0.053221
0.144387
-0.040054
0.029061
0.051656
0.057261
0.043904
0.048484
0.021872
-0.033199
-0.022203
-0.028213
0.060046
0.012268
0.043456
-0.033762
0.003295
-0.012077
-0.017115
0.014914
-0.045027
0.031319
0.013236
-0.036840
-0.071483
-0.105814
-0.081181
-0.059540
-0.056097
0.038891
0.036406
-0.009016
-0.004467
0.084953
-0.047046
-0.067323
0.008311
0.058932
-0.036586
0.022265
0.070927
0.016977
-0.004322
0.045645
0.047523
-0.009314
0.053853
-0.000088
0.004619
0.043334
-0.039869
-0.016701
-0.002382
0.032929
-0.080492
0.064171
-0.032968
0.007330
0.073992
-0.031301
0.004399
-0.011464
-0.025389
-0.006237
0.064759
0.049182
0.038472
0.018437
-0.032498
0.042489
0.048872
0.005773
0.059303
0.053910
-0.020024
0.053473
-0.056713
0.043286
0.004765
-0.015870
0.061876
-0.063531
0.031155
-0.048263
-0.026477
-0.018376
-0.056578
-0.009869
0.035159
-0.039763
0.054421
0.009276
-0.023090
0.072413
-0.004429
0.040371
-0.017212
-0.057753
-0.018183
-0.046052
0.010985
-0.027614
0.036846
0.039520
0.045310
0.024490
-0.063878
0.027265
-0.092402
-0.077712
-0.017264
-0.041587
-0.015416
0.029346
0.088266
0.052513
0.008224
0.021067
-0.015144
-0.027622
-0.080009
0.041691
0.117877
0.018645
-0.019644
0.015228
-0.032399
-0.018977
-0.012674
0.080724
-0.018614
-0.086685
0.003766
0.091039
0.031499
0.056706
0.135663
0.054529
0.047187
0.093258
0.066180
-0.012274
0.016664
0.024261
-0.004807
0.096765
0.023474
0.048468
0.043373
0.009475
0.051216
0.014788
0.059138
-0.028214
-0.082500
-0.046163
0.029907
-0.033685
-0.028201
0.043691
0.062630
0.038790
-0.015866
0.057521
0.029188
-0.013522
0.011069
-0.026150
0.004772
-0.053425
-0.116181
-0.011036
-0.098433
-0.040652
0.010649
-0.073609
-0.111543
0.031075
0.043439
0.049979
0.063649
0.065372
-0.035137
0.058800
-0.010781
0.006703
-0.045190
-0.077037
-0.009455
-0.064678
-0.015275
0.024398
-0.041398
-0.026062
-0.059563
0.019387
0.085594
0.043351
0.109410
0.108416
0.007351
0.091266
0.026492
-0.009895
0.028844
0.014591
0.038669
-0.044427
0.049763
0.026591
0.023259
0.058405
-0.014285
0.028327
0.013779
0.010274
-0.053721
0.014547
-0.084922
-0.044993
0.049158
0.031985
-0.011457
0.020388
0.010124
-0.008439
-0.034912
0.016758
0.045374
-0.005695
-0.015795
-0.028316
-0.002713
-0.032949
0.053964
-0.003160
-0.026360
-0.020621
-0.002642
0.037056
-0.036412
0.071299
0.026701
0.041218
0.018010
-0.019584
0.001081
-0.012766
0.035023
0.082447
0.040775
-0.038825
0.019857
0.047000
-0.029694
-0.062756
-0.053092
-0.044328
-0.081200
-0.052370
-0.038428
0.011842
0.050884
-0.026056
0.007131
0.003928
-0.109074
-0.124996
-0.099133
0.037693
0.066394
-0.052904
-0.000785
0.007217
-0.069887
0.027287
0.080725
0.066301
0.045242
0.004061
0.025491
0.003512
-0.068691
0.016569
-0.046436
0.032784
0.009026
0.004076
0.032177
-0.009377
0.026686
0.108334
0.038796
0.028847
0.075755
0.021651
0.044068
0.043444
0.070122
0.047254
0.001279
0.036026
-0.001259
-0.067700
-0.015415
0.018678
0.045377
0.012188
0.047420
0.010879
-0.062008
0.060381
-0.097321
-0.080479
-0.035378
-0.050187
-0.087364
-0.047309
0.034716
0.037081
-0.030004
0.013397
0.037022
0.024720
0.101239
-0.003226
-0.077607
-0.109688
0.040145
0.030263
-0.040249
0.025021
0.026763
0.029317
-0.043277
-0.055891
0.048012
0.073736
-0.009787
0.035373
0.003247
-0.012616
0.006057
-0.031038
-0.076573
0.015550
-0.074552
-0.047390
-0.041864
-0.031967
-0.042710
-0.047701
-0.004503
0.090254
-0.053263
-0.040390
0.123649
-0.052319
-0.019153
-0.044320
-0.008435
0.001047
-0.011767
0.003336
0.105130
0.009058
-0.034397
0.091249
0.020532
0.057833
0.053772
-0.004461
0.091680
-0.008135
0.045848
0.016734
0.013946
0.097478
0.082544
-0.006802
0.051005
0.069639
-0.023566
0.020060
0.046829
0.065630
0.010615
0.032351
-0.014858
0.042677
-0.036067
-0.059341
0.000376
0.050782
-0.015881
0.048550
0.018820
-0.049532
0.083078
0.025656
0.014423
-0.039103
0.062784
0.060294
0.031144
0.049598
-0.015064
0.104861
0.018475
0.049054
-0.046293
0.052039
-0.044492
-0.018135
0.022094
-0.014671
0.047802
0.050094
0.052119
0.043456
0.090947
0.064253
0.101930
0.030366
0.081274
0.107624
0.025664
-0.003758
-0.002807
0.020225
0.037848
-0.019287
0.000016
0.064418
0.104639
0.000509
0.048261
0.054949
0.061620
0.024969
0.027614
-0.007727
-0.043014
0.041931
0.048348
-0.055188
0.035445
-0.049116
-0.016838
0.027217
-0.033366
0.117651
0.008301
-0.031244
0.033947
0.061675
0.040290
-0.097855
-0.044786
-0.026971
-0.015064
-0.024535
0.079357
0.008744
-0.001725
0.027793
-0.058750
0.006622
-0.018721
0.081513
0.119166
0.045216
0.017900
0.069049
0.044946
0.057274
0.003713
-0.026509
0.007821
0.036666
0.018954
0.002293
0.031660
0.063783
-0.005813
0.059872
-0.017987
-0.097330
-0.066308
0.001485
-0.042157
-0.017838
-0.044778
-0.047711
-0.073079
-0.076151
0.003514
-0.058887
0.000258
-0.023034
0.064241
0.072165
-0.003191
0.018983
0.045428
0.014853
-0.004506
0.029611
0.024465
0.042652
-0.011625
-0.022573
-0.009224
0.056688
0.061635
0.001925
0.033649
0.019555
0.072847
0.016513
0.011374
0.012855
0.068819
0.057031
0.045761
0.041719
0.071935
0.154351
0.110700
0.060473
0.093824
0.082057
0.051425
0.062272
-0.005664
0.042096
-0.012242
0.037104
-0.011799
0.081922
-0.027498
0.028310
0.038245
-0.004125
-0.032972
0.067132
-0.008075
0.056917
0.096254
-0.029520
-0.033467
0.051920
0.007791
0.005421
-0.024651
0.051470
0.114669
0.039124
-0.011791
-0.024047
0.028930
0.037937
0.015715
0.069920
0.042043
-0.035066
0.025671
0.072490
0.019997
0.015180
-0.005564
0.032149
0.022749
-0.090868
-0.036721
-0.004090
0.002871
0.055862
-0.023869
-0.043657
-0.019411
-0.045702
-0.035548
-0.032551
-0.028624
0.014138
-0.013185
0.036326
-0.059036
-0.093621
-0.039245
-0.012368
-0.051557
-0.083131
0.011509
-0.041434
0.058722
0.070449
-0.034150
0.057731
0.027003
-0.006646
-0.007358
0.053731
0.022854
0.017007
0.119585
0.070977
-0.023885
-0.057756
0.018837
-0.002673
-0.040769
0.183079
0.051947
-0.014149
-0.000218
-0.026577
-0.038552
-0.009681
-0.016576
0.008408
-0.005806
-0.041142
0.090779
-0.006101
0.020959
-0.058189
-0.077356
-0.000019
0.043810
0.043771
0.021197
0.069685
-0.010646
-0.045589
0.055522
0.006658
-0.061816
0.055261
0.040356
0.007274
-0.013274
0.053222
0.047213
-0.017025
0.030145
0.067205
0.039029
-0.024876
-0.017984
-0.049329
-0.066416
-0.010381
-0.087398
-0.031422
-0.001128
-0.027907
-0.084272
0.038457
0.012586
-0.022377
0.084271
0.078707
0.149394
0.028224
0.114805
0.105515
0.034176
0.091404
0.069792
0.011722
-0.028925
-0.007489
0.046046
-0.070005
0.046551
-0.022159
-0.027210
-0.042049
-0.040281
0.036985
0.015659
-0.137707
0.009817
-0.013814
0.030469
0.058367
0.064518
0.046372
-0.029332
0.022241
0.059650
-0.026507
-0.053358
-0.021585
0.002554
0.005634
0.022576
0.022767
0.044074
0.045490
0.047937
0.025818
0.072119
0.053627
0.041900
-0.033672
0.006847
0.050545
0.013513
0.071706
0.069373
-0.032017
0.049428
0.067393
-0.015639
-0.060718
-0.086070
0.015930
-0.022213
-0.071244
0.015805
-0.028427
-0.039172
-0.027766
-0.027005
0.024066
0.028389
0.026339
0.043182
0.025236
0.005654
-0.031228
0.015117
-0.015981
0.024394
-0.012441
0.019854
0.013820
0.045257
0.008469
-0.064355
-0.048255
0.003610
-0.039022
0.053981
-0.070744
-0.037839
0.060922
-0.015703
0.036942
-0.019968
0.009415
0.031470
-0.051755
0.029411
-0.050417
0.039782
0.094208
-0.027637
0.009639
-0.020459
-0.020181
0.002304
-0.142799
-0.024712
-0.023475
-0.061956
-0.023418
-0.015596
-0.028839
-0.040596
-0.059231
0.005950
-0.052252
-0.084839
-0.062073
0.030125
0.001545
-0.044518
0.033571
-0.004349
0.050463
-0.004243
-0.046510
-0.009557
0.022822
0.057789
0.060733
0.041523
-0.040535
0.035167
0.100654
0.009712
0.121910
-0.010399
0.008431
0.117802
-0.076051
0.040245
-0.002279
-0.054008
-0.005316
-0.038947
0.010590
-0.002127
-0.048417
-0.013780
-0.015397
-0.027615
-0.009081
0.029478
0.016252
-0.051844
-0.018589
0.073377
0.016887
0.003517
0.034245
0.188289
0.030062
0.025285
0.065955
0.058267
0.052418
0.050281
0.020531
0.002633
-0.064247
0.012200
-0.045722
0.087801
0.037072
-0.007244
0.058375
0.057436
-0.030355
0.011298
-0.098433
-0.004504
-0.034389
-0.029833
0.060938
-0.077529
0.087004
0.039450
0.058665
-0.003050
0.021011
-0.016810
0.020612
0.072971
-0.042716
-0.023846
-0.053928
0.046645
0.048439
0.076954
0.111238
0.011390
-0.017841
0.031863
0.000159
-0.018264
0.039345
0.027527
0.051648
0.053380
0.054320
0.043868
-0.018405
0.013293
0.046843
-0.007806
-0.004517
-0.092242
-0.065522
0.006441
-0.044853
0.017988
0.008636
-0.016249
-0.008432
0.036851
-0.007413
-0.016407
0.083391
-0.060486
-0.055397
0.108543
0.029035
-0.004307
0.040005
-0.023285
0.045240
0.030562
-0.062740
0.018256
-0.043959
-0.014563
0.062422
-0.052793
-0.047439
0.009004
-0.079598
0.019955
-0.022986
-0.068076
0.085162
-0.003943
-0.043820
-0.032082
0.035194
0.023582
-0.036181
-0.044271
-0.088024
-0.020820
-0.002387
-0.010230
-0.033576
0.012587
0.086517
-0.072276
0.065485
0.125019
0.103022
0.095489
-0.014753
0.133128
-0.004494
0.001862
0.054567
0.008247
0.043315
0.006975
0.005918
-0.043433
0.008631
-0.005875
-0.033248
-0.025590
-0.079451
0.005288
-0.007780
-0.066366
0.014647
-0.008324
0.035206
0.006910
0.035432
0.069836
-0.043462
-0.051462
0.004668
-0.075460
-0.019042
0.003534
0.019148
-0.023992
-0.059021
-0.011977
0.007612
-0.025110
0.045062
0.014480
0.032573
0.038268
-0.003829
0.049135
-0.078410
-0.024212
0.053202
-0.068934
-0.044222
0.002488
-0.098832
-0.037557
0.049800
0.041754
0.010800
-0.026473
0.035789
0.035972
-0.052936
-0.153287
0.019173
0.019214
-0.049156
0.058680
0.022953
0.041630
0.056399
0.109173
0.088904
0.031357
-0.008660
0.089173
0.103219
0.083066
0.106448
0.039244
0.096171
0.059400
0.018515
0.077694
0.054418
0.027861
-0.016247
0.063037
0.047501
0.075802
0.075203
0.043560
-0.004933
0.029067
0.079557
-0.009087
-0.040392
-0.030388
-0.036260
-0.016563
0.024946
-0.005446
0.052543
-0.028451
0.007187
0.073930
0.077486
0.059356
-0.006064
0.028049
-0.010775
-0.015207
0.026988
0.010899
-0.023013
0.005032
-0.018256
0.069065
0.062516
0.000067
0.054631
-0.025014
-0.036029
-0.031742
-0.040250
0.061614
0.004870
-0.026198
0.126301
0.059080
0.012957
0.108298
0.007652
-0.059093
0.022529
-0.034381
0.062627
0.054923
0.029774
0.057400
-0.040758
0.056952
0.026232
0.020114
0.002031
-0.030777
0.085240
0.037208
0.007101
0.060346
0.023320
0.033872
-0.081062
-0.051736
-0.012851
-0.073134
0.045262
0.016238
-0.076727
-0.003438
0.086870
0.018606
-0.004701
-0.011044
-0.032582
-0.069812
0.028532
0.033313
0.015819
0.025119
0.038882
0.040261
-0.057534
-0.000274
-0.038699
-0.075512
0.007089
0.011234
0.036319
0.127946
0.007665
-0.008677
0.070704
0.008628
0.073459
0.100780
0.084013
0.073045
0.033233
0.078586
0.100797
0.094182
-0.078963
-0.066527
0.021426
-0.113041
-0.059997
-0.014479
-0.090431
-0.000030
-0.009806
-0.026868
0.099225
0.076916
-0.019524
0.057281
-0.036495
-0.042422
0.007734
0.055319
0.053080
-0.021006
-0.061771
0.013472
-0.008920
-0.040180
0.031646
-0.004221
0.029206
-0.001389
-0.009018
-0.040802
0.039315
0.074766
-0.017968
0.023326
0.041844
0.055407
0.036299
0.061931
0.019797
-0.067476
-0.015238
0.052140
0.133291
0.086326
0.022921
0.048058
-0.007961
-0.003222
0.101498
0.120459
-0.027073
-0.024527
-0.011233
0.075738
0.027436
0.048699
-0.044660
-0.048329
0.001116
-0.015200
0.065796
0.037405
0.007517
0.062417
0.017579
0.066509
-0.044579
-0.087098
-0.049293
-0.101113
-0.009560
0.008259
0.011360
0.083660
-0.011819
-0.024777
-0.010914
-0.034302
0.006493
-0.056587
-0.095733
0.072127
-0.039277
-0.040177
0.073487
0.047383
0.022766
0.054767
0.096474
-0.048869
0.057835
0.086509
-0.038102
-0.007565
-0.023959
-0.011855
-0.057912
-0.041749
0.065323
-0.049167
0.009088
0.031484
-0.054051
0.011976
0.062847
0.045588
-0.043693
-0.011062
0.051202
0.020005
0.148604
0.068007
0.084518
0.056154
-0.036958
0.012762
0.077398
-0.027267
-0.001653
0.027830
-0.041496
-0.059087
-0.042454
-0.046531
-0.060691
-0.032357
-0.018792
-0.053574
-0.068845
-0.032385
0.109068
0.042970
-0.075170
0.011554
0.040690
0.020553
-0.026454
0.070613
0.110993
0.009624
0.040781
0.017907
0.018364
-0.032599
-0.027733
-0.012346
-0.029674
-0.068863
-0.034550
0.113912
0.028439
0.034108
0.012462
0.068683
0.029661
-0.023229
-0.049291
-0.041944
0.017022
-0.018583
0.038716
0.046441
0.003583
0.045241
0.072362
0.002565
-0.007769
0.066888
0.015395
0.038353
-0.013349
0.029194
0.062355
-0.003147
-0.033358
0.026526
0.055844
0.066663
0.040975
0.105121
-0.023903
-0.010310
0.010695
0.077436
0.018728
-0.055299
0.046708
-0.020311
-0.013201
0.081120
-0.099746
-0.103342
-0.107104
-0.046300
-0.006674
-0.036065
0.034289
0.033877
0.057770
-0.015189
0.010119
-0.044976
0.035767
0.060192
0.032850
0.045507
0.094611
0.015136
0.024107
0.133239
0.079043
0.037878
-0.020389
-0.022268
-0.037637
-0.007550
0.073120
-0.024557
-0.010751
0.014746
0.042157
0.043345
0.023842
0.078270
0.067120
0.021144
0.096734
0.041566
0.045203
0.020394
-0.040862
-0.001153
0.044106
0.062431
0.031725
-0.052145
-0.052212
0.118014
0.079620
0.015682
0.040974
0.044123
0.016153
0.070291
0.076724
-0.005254
-0.063477
-0.039098
0.053161
-0.024565
0.060534
0.044108
-0.016138
0.102284
-0.031362
-0.059917
0.004595
0.030556
-0.066185
-0.040011
-0.061931
0.070814
0.069945
-0.003828
-0.033404
-0.011987
-0.029749
-0.071027
0.069357
0.001723
0.035066
0.064332
0.000924
0.066384
0.079231
0.060083
0.064384
0.031884
-0.016521
0.010137
0.014101
0.021304
0.026355
-0.012418
-0.008810
0.002417
-0.019486
0.069968
0.016768
0.000754
0.091838
-0.020889
0.009320
0.026273
-0.071763
0.023186
-0.023469
0.073054
0.028634
-0.028896
0.066568
-0.024877
-0.015742
0.024296
0.042541
0.051158
-0.087793
0.016296
-0.018647
-0.041912
0.018448
-0.011006
0.028144
0.027266
0.002488
0.042861
0.049160
0.125471
0.084721
0.127967
0.115489
0.051200
0.089620
0.119353
0.073424
0.016615
0.052891
-0.105811
-0.026210
0.006091
0.007359
-0.030368
-0.048036
-0.033372
0.041392
0.050245
0.050848
0.050552
0.017680
0.020596
-0.066540
-0.024780
-0.023772
-0.053956
-0.102780
0.018785
0.037928
0.034098
-0.016362
-0.021955
-0.053065
-0.047395
-0.040247
0.027556
0.040130
-0.020232
-0.009437
0.097252
0.033130
0.025014
0.027959
-0.016029
0.022739
0.045200
0.037497
0.042568
0.072731
0.035839
-0.008235
-0.007586
-0.004169
0.035618
0.053146
0.003173
-0.052866
0.072120
-0.021727
0.015963
0.033334
-0.010609
0.001696
0.008910
-0.015045
0.057453
-0.022246
0.014114
0.080799
0.067562
0.042325
-0.008297
-0.003445
0.004197
0.029950
0.038069
-0.012562
-0.046280
0.044044
0.075120
0.027540
-0.013227
0.025901
0.006054
-0.008659
0.031835
-0.050757
0.035728
-0.046354
-0.008128
-0.027068
-0.063171
-0.056002
-0.003656
-0.088230
-0.068329
0.018962
-0.018762
0.005083
0.030689
-0.042652
-0.087958
-0.003845
-0.009653
0.005961
-0.036523
-0.102283
-0.055645
-0.004790
0.009393
0.022145
0.018520
-0.091308
-0.013041
0.039730
-0.051315
-0.032678
-0.051363
-0.038363
0.010848
-0.084856
-0.075009
0.035858
0.055232
-0.021177
-0.069593
-0.007676
0.096850
-0.072923
-0.005147
-0.046331
-0.069998
-0.017365
-0.058719
-0.021773
-0.042526
-0.025344
0.017481
-0.034428
-0.101292
-0.015421
0.001866
-0.007760
0.074501
0.021921
0.013397
0.004298
0.042585
-0.024028
0.023247
0.039398
-0.012742
0.020858
-0.091368
0.014610
0.053479
0.010340
-0.007249
-0.084630
-0.001099
0.101001
0.027708
0.031939
-0.024852
-0.081925
-0.008313
-0.056804
-0.015582
-0.034236
0.018032
-0.099215
-0.070031
0.003939
-0.103206
0.055474
-0.077396
-0.036893
0.047180
0.003296
-0.011857
0.045733
0.098611
0.017900
0.036255
0.048705
0.066621
0.041382
0.046093
0.023077
-0.012306
-0.072823
-0.060241
-0.005129
0.017536
0.021209
0.010683
0.002486
-0.035502
0.042328
0.052939
0.042084
-0.006654
-0.031406
0.040274
-0.074461
-0.017749
0.023869
-0.059465
-0.058379
-0.030478
-0.100348
0.031754
-0.009354
0.018589
-0.019157
-0.082559
0.046762
0.050914
0.083525
0.066325
0.034955
0.023318
-0.006491
0.002083
0.013515
0.035003
0.007605
0.009069
0.033622
0.017733
-0.039851
-0.058272
0.027466
0.012372
-0.047825
0.021273
-0.019573
0.035019
-0.027032
0.017176
0.076870
-0.062073
0.031576
0.074467
0.026741
-0.042362
-0.016615
-0.011630
-0.050735
0.044059
-0.047327
-0.043631
-0.084083
-0.082332
0.004899
0.010432
0.104728
0.044325
0.075961
0.050940
0.003486
0.032630
0.000560
0.032646
0.005218
-0.031228
-0.064364
-0.012865
0.009231
-0.054407
0.013684
-0.022501
-0.033042
0.010194
0.007219
-0.017306
-0.084358
-0.014863
-0.053912
-0.083484
-0.024115
-0.049575
-0.054668
0.081374
0.002983
-0.003645
0.077119
-0.058791
0.010864
0.039097
0.078490
0.050905
-0.037335
-0.019209
-0.006320
-0.101839
-0.062561
-0.063273
-0.097076
-0.037861
-0.035924
0.015818
-0.006458
-0.125684
0.093379
-0.010889
-0.079890
-0.018427
0.000837
0.018080
-0.063791
-0.036585
-0.022991
-0.007507
-0.028725
0.029288
0.036568
-0.022246
0.018774
0.050523
0.040022
-0.051895
0.031571
0.130806
0.078669
0.052672
0.029304
-0.054911
0.060200
0.003003
0.007896
0.072807
-0.017174
0.018821
-0.003552
-0.035761
-0.054120
-0.007597
-0.021675
-0.058692
-0.051217
0.008878
0.052135
0.064965
-0.018342
0.038220
0.014537
-0.003347
-0.071536
-0.069284
-0.001985
0.008484
0.008352
-0.007070
0.022456
0.033428
-0.041142
-0.060245
0.069476
0.012929
0.016383
0.084485
-0.021542
0.007188
0.064370
-0.059118
0.025565
0.105120
-0.029063
0.018209
0.016923
-0.006957
-0.056711
-0.003412
-0.005268
-0.021741
0.103342
0.038628
0.124980
0.066763
-0.006569
0.026937
-0.044987
-0.048054
-0.031066
-0.016423
0.010561
-0.031066
0.012114
-0.008266
-0.019154
-0.058229
-0.001172
0.063619
0.027962
-0.014132
0.019255
-0.004085
-0.032255
0.013169
-0.037594
-0.093469
0.066750
0.049602
0.065754
-0.046130
0.017025
0.006906
-0.003723
0.013789
-0.056898
0.081184
0.080200
0.000994
-0.033529
-0.006109
0.086956
-0.097564
-0.111118
0.024943
0.072218
0.014279
0.068803
0.114757
0.042730
0.049048
0.003218
-0.078813
-0.003856
-0.077319
0.009546
0.050961
-0.078219
-0.108808
0.001381
0.035002
0.082985
0.036211
0.055338
-0.052615
-0.005893
0.102612
-0.020593
0.042416
-0.046620
0.037509
0.080387
-0.019545
0.035297
0.033680
-0.004784
-0.065849
0.025645
0.029803
-0.010375
0.009999
0.028274
0.102184
-0.011247
0.000317
0.033671
0.060551
0.092727
0.065860
0.039451
0.038225
-0.055893
-0.065967
0.029856
-0.011296
0.001006
0.002660
0.021948
0.063029
0.007640
0.104019
0.007840
-0.014124
0.033380
0.006121
-0.022600
-0.003846
0.027980
0.092530
0.015599
-0.004509
0.019096
-0.009504
-0.048301
-0.086820
-0.075887
-0.017142
-0.079632
0.085293
-0.025864
-0.083993
0.040988
-0.023269
0.050569
-0.004425
-0.033276
-0.110980
-0.001351
-0.116007
-0.099413
0.048315
-0.020688
0.023378
0.064302
-0.030099
-0.052759
-0.022486
-0.014987
0.080265
-0.005981
-0.066051
-0.012383
0.058222
0.042053
0.066171
0.099056
0.064611
0.003012
0.062774
0.096148
-0.011777
0.026909
0.050631
-0.007432
-0.065694
-0.016408
-0.059154
-0.100936
-0.037110
-0.041451
0.036959
0.019245
-0.040032
0.066012
0.062065
0.025040
-0.097718
-0.001834
0.002037
-0.015928
-0.054016
0.018155
0.101762
-0.026522
0.119125
0.040461
0.025504
-0.013195
0.003615
0.010986
-0.115016
-0.038718
-0.017090
-0.092594
-0.004736
-0.062646
-0.029723
-0.049399
-0.071441
-0.033501
0.029874
-0.011000
-0.022514
-0.006888
-0.031247
-0.007848
-0.121574
-0.030148
-0.110410
-0.051395
0.037553
-0.005636
0.129307
0.046451
0.016769
0.027601
-0.005200
0.036968
-0.035256
-0.046275
0.002948
-0.082546
-0.061581
-0.034062
-0.077889
-0.017328
0.038765
0.015607
-0.040169
-0.003195
0.006232
-0.013857
-0.035851
-0.052502
-0.039488
-0.037205
0.040842
0.062573
-0.002558
-0.003110
-0.045139
-0.052954
0.020670
-0.035645
-0.010885
0.009507
0.021456
0.076703
0.079822
-0.018082
0.022803
0.089205
0.102418
0.139581
0.103559
0.024740
0.043561
-0.014411
-0.039482
-0.026261
-0.066362
-0.067779
0.009793
-0.054657
-0.044209
0.107686
-0.010590
-0.008620
0.035529
-0.079676
-0.025449
0.013960
-0.061280
-0.056099
0.021409
0.003182
-0.008223
0.015831
0.000198
-0.015401
0.018155
0.010304
-0.002215
0.071005
-0.011483
0.042070
0.020517
0.022237
0.077385
-0.008944
0.023104
-0.001805
0.032024
0.026629
-0.055446
0.054667
-0.040451
0.004849
0.074815
-0.003950
0.099279
0.017142
0.030943
0.025031
-0.095590
-0.007609
-0.038845
-0.075482
-0.007581
-0.011167
-0.048432
-0.040421
0.021051
-0.059233
-0.115417
0.053284
-0.053061
0.009343
-0.013523
-0.076360
0.035204
-0.013922
0.073494
-0.017631
-0.000820
0.070512
-0.090441
-0.029772
0.016650
-0.051440
-0.023636
-0.018920
-0.049400
-0.059924
-0.043856
-0.003130
-0.049227
-0.041393
-0.002782
0.017507
0.048404
0.001445
-0.002232
-0.062973
0.024129
0.057911
-0.021833
-0.075381
0.041422
-0.006629
-0.054918
-0.053823
-0.090489
-0.007126
-0.061625
-0.087499
-0.012485
0.021148
0.009798
-0.022923
-0.028466
0.044583
-0.047926
0.003626
-0.064834
-0.087176
0.044948
0.003541
0.023203
0.085675
0.058498
0.054204
-0.056894
-0.043232
-0.098383
-0.021582
-0.014633
0.007660
-0.031759
0.072067
-0.043038
-0.074636
-0.012342
-0.000262
0.016073
-0.031042
-0.013707
-0.056107
-0.022466
0.051654
0.018044
0.049400
0.003479
0.007248
-0.104839
0.053271
0.128798
0.048182
0.058304
-0.015460
0.051531
0.052548
0.099687
0.083771
-0.014471
0.058002
-0.068924
-0.002403
-0.000580
0.050978
0.041667
0.019125
0.011452
0.024470
-0.065209
-0.048346
-0.022871
0.019321
-0.086778
0.045203
0.024144
-0.073125
0.033534
-0.070341
-0.017632
0.033641
0.012805
-0.042468
-0.003109
-0.013103
-0.093542
-0.047821
-0.006665
0.003927
0.006163
0.097841
-0.064462
-0.069500
-0.080590
-0.087472
-0.022425
-0.049539
0.014247
-0.009308
-0.049435
-0.042307
-0.048587
0.051128
0.030057
0.000926
0.059498
-0.018126
0.082207
-0.002322
0.012182
-0.017715
0.009057
-0.025497
-0.001394
0.091040
0.076582
-0.053103
0.045631
-0.044221
-0.038378
-0.017443
0.026992
0.054623
-0.061144
0.002338
0.014816
-0.037251
-0.059136
0.022179
-0.037130
0.034985
0.052628
-0.081652
-0.016550
-0.020876
-0.070627
-0.060858
-0.012055
0.015429
-0.013328
0.026970
0.012993
-0.019129
0.035500
0.012140
0.082393
0.038839
0.034867
0.084781
-0.032390
-0.005310
-0.011112
-0.057880
-0.049019
-0.053398
-0.100444
-0.060304
-0.062417
-0.068399
0.018980
0.025098
0.019998
-0.042993
0.028689
-0.049111
-0.056126
-0.036308
-0.018505
0.106272
0.050190
-0.057259
-0.003219
-0.094305
-0.031856
-0.053452
-0.023559
0.031687
-0.054849
-0.111777
0.028772
-0.015484
-0.103993
-0.007364
-0.052669
-0.061518
0.036061
0.003146
-0.022622
-0.008050
0.036807
-0.017194
0.008827
0.037084
-0.026005
-0.070822
-0.028783
-0.049753
0.056912
-0.025363
0.039992
0.056419
0.005896
0.006391
0.044290
0.059585
0.031063
-0.011069
-0.003921
-0.056823
0.002203
-0.051398
0.001356
-0.024694
0.122170
-0.014786
0.027672
0.045442
-0.077789
-0.022554
-0.050437
-0.117773
-0.005084
0.064755
0.072265
-0.058558
-0.029680
0.011120
-0.099118
-0.041825
0.015587
0.022873
0.080872
0.107253
0.064262
0.033747
0.031805
0.054478
0.000893
0.012914
-0.062991
0.054998
-0.039346
-0.055004
0.087063
0.095174
0.020086
-0.023323
0.050178
-0.006090
0.021132
0.017599
-0.065757
-0.057875
0.026280
0.020285
-0.038950
0.064689
-0.032847
-0.029913
0.052353
0.011469
0.070814
-0.029057
-0.074407
-0.011009
-0.033726
-0.024314
-0.038431
-0.110775
-0.067411
-0.092934
-0.098395
-0.000187
-0.006681
-0.056066
-0.147202
-0.068539
-0.038094
-0.096321
-0.087180
-0.042634
-0.057570
0.035030
-0.043204
0.014718
-0.045912
-0.057834
-0.069908
0.014014
-0.027893
0.021858
0.021408
0.036508
0.021880
-0.020635
0.003052
-0.077168
0.014119
-0.027600
-0.055682
-0.057440
-0.023084
-0.003175
-0.002368
0.041837
0.023725
-0.064495
0.040234
-0.007019
-0.021474
0.024566
0.051903
-0.018114
-0.039077
0.079741
-0.000147
-0.048882
0.031454
-0.028082
0.052931
0.068934
-0.002278
-0.001266
-0.016197
-0.009516
-0.032555
-0.004114
0.017831
-0.049537
-0.013788
0.024072
0.077792
0.052570
0.040700
0.100060
0.022864
0.020337
0.035606
0.079188
0.046095
0.021113
0.091533
0.017120
0.085604
0.017183
-0.002088
-0.037222
0.013291
0.011802
0.020417
0.009294
0.024928
0.000157
-0.026008
0.044006
-0.021938
0.012722
0.056729
0.061769
0.023809
0.047330
-0.024742
0.017226
-0.061617
-0.029159
0.037826
-0.004839
-0.034597
-0.027861
0.025110
-0.024911
0.065096
0.094037
0.040995
0.077415
0.025076
0.041995
-0.042073
0.049997
0.081064
0.000350
0.018415
0.008256
-0.045263
-0.095353
-0.086417
-0.009643
0.064862
0.027798
0.054212
-0.007616
-0.058400
-0.033779
-0.003640
0.092416
0.001855
-0.003455
-0.022505
-0.038786
0.067571
0.014259
-0.083647
-0.022247
-0.003356
-0.020209
-0.153539
-0.058702
-0.019903
-0.053464
-0.064248
0.018693
0.038986
0.039902
0.011399
-0.000096
-0.017742
-0.087980
-0.073133
-0.066714
-0.061046
-0.003263
0.040227
0.084647
-0.020902
-0.006347
0.066153
-0.043882
0.028991
0.062419
-0.004727
0.066035
0.037596
-0.021751
0.084003
0.082071
0.008985
0.020268
0.035714
-0.013402
0.097289
0.110475
0.003633
0.060642
-0.058732
-0.063304
-0.015245
-0.041513
-0.074257
-0.051438
0.061607
0.051333
0.012837
0.064773
0.018691
0.005223
0.022947
-0.018379
0.061937
0.094268
0.004561
-0.088269
-0.011637
0.077134
0.037716
0.042067
-0.045269
-0.052420
-0.072530
-0.105652
0.051377
0.068324
0.028752
0.046877
0.001814
-0.011033
-0.000968
-0.079499
-0.049243
-0.013544
-0.060035
0.059810
0.064521
-0.015135
0.048838
0.079839
0.001813
-0.034467
0.096159
0.002942
-0.011093
0.091008
0.047458
0.025550
-0.015350
0.010613
0.007107
0.031816
0.051121
-0.099578
0.032048
-0.001732
-0.004992
-0.028629
0.084829
0.009813
-0.062793
-0.025554
-0.071001
-0.002515
0.087531
0.069942
-0.103373
-0.063794
-0.041385
-0.034458
-0.019954
-0.063551
0.006721
0.009052
-0.083407
0.031920
0.046331
0.030165
0.086345
0.018106
-0.015542
0.038496
0.074328
0.043726
0.133457
0.070929
0.113541
0.111662
0.053304
0.054692
0.051130
0.026346
0.014411
0.048946
0.068645
0.036202
0.014308
0.005434
0.014004
-0.049742
-0.077216
-0.010189
-0.087842
0.001514
0.054058
-0.060438
0.037052
0.112193
0.034167
-0.038704
0.021871
-0.027845
0.003392
0.108036
0.074142
0.072256
0.102015
0.101947
-0.014483
-0.015556
0.077516
-0.045709
-0.045857
0.036059
-0.020395
-0.000376
0.029027
0.051821
0.027260
-0.003531
0.052880
0.042517
0.007787
0.034778
0.077970
0.075109
0.051263
0.147068
0.062627
-0.031488
0.073186
0.032087
0.013913
-0.011967
-0.031915
0.052669
-0.068209
-0.072680
-0.035136
0.018146
0.057993
0.043057
-0.021567
-0.049186
0.051154
0.022473
0.043213
0.137038
0.033446
-0.041811
0.063699
-0.047420
-0.006855
-0.037091
-0.065627
-0.014830
-0.079088
-0.038410
0.001227
-0.035512
-0.041338
-0.006608
0.137386
0.071471
0.091360
-0.008452
0.006724
0.123406
-0.029167
0.007700
-0.004571
0.103270
0.004930
0.048228
0.118483
0.008471
0.021104
0.057144
0.106760
0.015797
0.061319
0.043723
-0.020859
-0.004464
0.016999
-0.003450
-0.018944
-0.007773
-0.014380
-0.054285
-0.008346
0.079357
0.109503
-0.032830
0.024205
0.022110
-0.043796
0.005922
0.039476
0.043359
0.000027
0.069058
-0.008147
-0.003371
0.040027
0.009047
-0.032969
0.025645
-0.127822
-0.019494
0.007429
-0.021425
-0.009379
0.077914
0.005364
-0.070484
-0.024451
-0.077222
-0.123350
0.002902
0.025802
-0.003256
0.034280
0.022165
0.007025
-0.042922
-0.020032
0.060706
-0.003861
-0.033473
0.046040
0.083947
-0.007846
0.064976
-0.007114
-0.033314
-0.001145
0.045081
0.078149
0.077659
0.057095
0.019305
0.093000
0.060029
-0.027240
0.089638
-0.021338
-0.015047
-0.007370
0.053516
0.082594
0.029553
0.032898
0.022406
-0.035023
0.033351
0.080001
0.002575
0.025037
-0.033295
0.019010
0.018339
-0.046022
-0.042848
-0.016485
0.013424
-0.000425
0.037257
-0.006288
-0.107059
-0.104759
-0.087906
-0.044311
-0.047638
-0.067081
0.015039
0.060588
-0.015565
0.027177
0.121451
0.003243
-0.017263
0.046842
0.055896
0.045086
0.087630
0.050907
-0.039828
0.003249
0.008517
-0.034925
0.026189
0.027883
-0.080741
-0.066248
-0.008649
-0.020404
0.000377
0.012693
0.092553
-0.048636
-0.010047
0.054520
-0.032639
0.001512
0.013556
0.013402
-0.039912
-0.010269
0.063301
0.012427
0.002108
-0.002522
-0.016380
0.002464
0.006836
0.034282
0.010640
0.001851
-0.028648
0.008952
-0.087897
0.004982
0.007067
0.062653
0.012167
-0.011715
0.016242
0.018695
0.052314
0.021874
0.044521
-0.019763
-0.033198
0.054967
-0.069978
-0.013694
0.065523
-0.044301
-0.045358
-0.076491
0.069046
0.064627
0.015320
0.040212
0.009688
-0.008952
-0.058487
-0.017289
0.019258
-0.073581
-0.030453
-0.014478
-0.077658
0.074333
0.086857
0.075482
0.028893
0.015882
-0.022761
0.051136
0.033917
-0.048202
-0.043164
-0.003309
-0.044153
-0.027045
-0.027971
0.002963
-0.096566
-0.091098
-0.059201
-0.015317
-0.009508
0.020488
0.000107
-0.017292
0.039589
0.096374
-0.050872
0.010133
0.046184
-0.046592
-0.082354
-0.012894
0.030315
0.018537
-0.006296
-0.040456
-0.088511
-0.050049
0.053591
0.048137
-0.025334
0.037219
0.014972
-0.019679
0.042085
0.031546
0.064705
-0.004661
0.031317
0.143376
0.023965
0.038709
0.015380
-0.005927
-0.008125
-0.013112
-0.096451
-0.018957
0.025917
-0.024873
-0.012077
-0.004976
0.013110
0.132424
-0.012744
0.021220
0.051710
0.008627
-0.014339
0.056181
0.059028
0.009073
0.021050
-0.005972
-0.022793
-0.013723
-0.002803
0.065406
-0.032026
0.077214
-0.032303
-0.003917
0.040167
-0.028860
-0.036245
-0.018371
-0.054708
-0.111501
-0.027941
-0.056451
0.036040
0.118042
-0.019141
-0.016318
-0.034487
-0.035027
-0.008831
0.048797
0.038553
0.015872
-0.052724
-0.067186
0.012610
0.018450
-0.051037
-0.018150
0.061500
0.070896
-0.019524
0.012922
-0.058635
-0.032806
-0.015921
-0.037060
0.095699
0.123972
-0.021493
0.001659
0.067719
0.039358
0.024997
0.035318
-0.042449
-0.049893
-0.059628
-0.071992
-0.051667
-0.026231
0.000235
-0.005055
-0.107445
-0.040098
-0.004112
0.020302
0.053227
0.046868
0.038145
0.005285
-0.006175
-0.098916
-0.008461
0.037695
-0.035703
-0.016151
0.014224
0.024809
0.026850
0.002505
0.028706
0.004007
-0.024602
0.006029
0.009180
0.001375
0.010803
0.016214
-0.007597
0.042525
0.112370
0.055192
-0.072936
-0.068095
-0.004396
-0.041410
0.034166
0.047610
0.021231
-0.041636
-0.023944
-0.051527
0.025820
0.008156
0.013763
0.009782
0.007750
-0.032750
-0.006412
0.004176
0.006061
-0.013876
-0.043834
-0.012042
0.045092
-0.053463
-0.010820
-0.048994
-0.039276
-0.001747
0.027422
-0.037442
0.004147
0.045137
0.001976
-0.001740
0.016999
0.036665
0.042568
-0.036758
0.009548
-0.018896
-0.013572
-0.026539
0.027541
0.043140
0.035595
0.092586
0.072102
0.161433
0.080018
0.005447
0.124486
0.052699
0.030511
0.038385
0.025597
0.051175
0.000312
-0.019358
-0.017753
0.049138
-0.005831
0.002312
-0.099994
-0.028305
0.036879
-0.020030
-0.009138
0.038784
0.027485
0.045719
0.046582
-0.020619
0.061588
0.052113
0.044174
0.090411
-0.026914
-0.026620
0.027691
-0.047860
-0.079190
-0.114382
-0.087544
0.071324
0.038774
-0.017474
0.014954
-0.089978
-0.073874
-0.024286
-0.065119
-0.065139
-0.043503
-0.053235
0.011798
-0.014383
-0.029847
0.047523
-0.008157
0.011540
0.124357
0.048488
0.004652
-0.008615
0.048304
0.042826
0.016816
0.067535
0.032343
-0.040065
-0.017052
0.032628
-0.002258
0.080551
0.030813
-0.081773
-0.064945
-0.089694
-0.052710
-0.047534
-0.057064
0.005818
-0.098523
-0.055169
-0.015242
-0.021872
0.026070
-0.015322
0.062598
0.080035
-0.032065
0.003571
0.020383
-0.007766
0.075858
0.071051
0.082999
0.085959
0.057821
0.037455
0.012389
0.028409
-0.034485
0.084548
-0.011119
-0.054186
0.088700
-0.004331
0.002980
-0.001996
-0.061240
-0.077453
-0.080243
-0.036357
0.009919
0.044264
0.073127
-0.014951
0.055519
0.076499
-0.006772
0.075005
0.070952
0.020255
0.119159
0.082259
0.086145
0.125540
-0.039333
0.010410
0.073996
0.095906
-0.005990
-0.052568
-0.000378
-0.053234
0.046135
0.057756
0.057736
-0.023508
-0.023346
-0.000827
-0.045921
0.029466
-0.043086
-0.096481
-0.084119
0.035354
0.019400
0.003632
-0.055549
-0.062705
-0.042138
-0.069942
-0.078678
0.022949
-0.028218
-0.034064
-0.029071
-0.086406
-0.001642
0.013497
-0.041878
-0.013638
0.055810
0.042858
0.011890
0.053620
0.106819
-0.038280
-0.006865
-0.025173
-0.087113
-0.039943
-0.045591
0.049385
0.037113
-0.047779
-0.061616
-0.060553
0.025349
-0.022465
0.033487
-0.036999
-0.009157
-0.016556
0.031217
0.105342
0.014174
0.022235
-0.039981
-0.047213
0.012251
0.032873
-0.114220
-0.011476
-0.014748
-0.058091
-0.034321
-0.024718
0.056319
-0.052058
-0.051472
0.016725
-0.004421
-0.037664
-0.015108
-0.111149
-0.079805
-0.046469
-0.058718
0.002864
-0.001116
0.021567
-0.069094
-0.045662
-0.056454
-0.042919
-0.167318
-0.038689
-0.011306
0.015882
0.040912
0.032946
0.091610
-0.021851
-0.056597
-0.041611
-0.046845
-0.009314
0.006009
-0.005156
0.046498
0.042184
-0.059796
-0.054549
0.014828
0.044471
0.042677
-0.033888
0.007589
0.090816
-0.010203
0.074217
0.081268
-0.031775
-0.031485
0.032609
-0.050623
0.015942
-0.034463
-0.043167
0.008808
-0.012239
-0.001593
0.001385
-0.028559
0.036527
0.042340
0.014064
0.015193
-0.043426
-0.004164
-0.016610
0.026754
0.013651
-0.036708
-0.028418
-0.022503
0.017480
0.004488
0.026464
-0.025284
0.001677
-0.004294
0.030445
-0.021181
-0.049294
0.042753
-0.056149
0.008010
0.016994
0.090822
0.127505
0.041095
0.041486
0.013804
0.003946
-0.077619
0.020509
0.123943
0.108305
0.044475
0.139471
0.091501
-0.010561
0.022069
0.112124
-0.010534
-0.064445
0.075218
0.026157
0.038507
-0.010128
0.033855
-0.030225
-0.001887
0.054560
0.022919
0.017943
0.027011
-0.020413
-0.066660
0.039909
0.040473
0.026584
0.065655
0.018295
-0.105275
-0.126642
-0.019167
-0.094560
-0.077689
0.064516
-0.015492
0.056717
-0.019687
0.005124
0.063053
0.029113
-0.017493
0.003785
-0.052217
0.081359
0.033923
-0.027437
0.062799
0.052761
0.086081
0.028336
-0.043835
0.012039
0.015968
0.016313
0.002352
0.066816
0.019562
0.014821
-0.005401
0.044714
0.042946
0.019565
0.022675
-0.015997
-0.044182
-0.062803
0.050380
0.019856
0.000905
0.037984
0.041074
0.030073
-0.003310
0.054807
0.042413
-0.009088
-0.031119
0.012206
-0.004374
-0.030125
0.092495
0.012529
0.000213
0.037720
-0.047701
-0.047163
-0.019614
0.027481
-0.039325
-0.077936
-0.069872
-0.034530
-0.034279
0.018559
-0.100843
0.003085
0.063340
0.018586
-0.001216
-0.082996
-0.108794
-0.057052
-0.045194
0.043984
0.051692
0.005568
-0.020048
0.054689
0.016550
0.025881
0.106235
0.141940
0.038725
0.153592
0.095463
0.020699
0.005991
0.055877
0.072476
-0.048676
-0.024907
-0.024029
0.048671
0.017372
0.041268
0.039111
0.025376
0.086027
0.017400
-0.018971
0.003223
0.031710
0.071930
0.068218
-0.033993
0.067956
0.112666
0.022307
0.046297
0.022408
-0.086178
-0.042953
-0.087054
-0.012319
0.037210
0.041375
0.041393
0.036042
0.076405
0.033391
0.012508
-0.056663
-0.056163
-0.010053
-0.024960
0.056926
-0.030909
-0.015992
-0.003589
0.052314
-0.002068
0.031851
-0.014989
-0.030772
-0.026934
0.025354
-0.066806
-0.015196
-0.034673
-0.048143
0.014178
0.059639
0.057635
0.070419
0.092853
-0.023290
0.020928
0.150357
0.007628
-0.080040
0.036388
0.064142
-0.001619
-0.051682
-0.085571
-0.069552
-0.109986
-0.021005
-0.021124
-0.007415
-0.000390
0.013870
0.064135
-0.033478
-0.012365
-0.014272
-0.057015
0.007405
0.070973
0.036664
-0.013847
0.045106
0.023511
-0.013914
-0.040393
0.022196
-0.046963
-0.115498
0.004577
-0.036288
-0.028941
0.022701
-0.082661
-0.042102
-0.051784
-0.017846
-0.017833
-0.033749
-0.006511
0.021752
-0.029280
-0.037482
-0.012778
0.001099
-0.011630
-0.141934
-0.044708
0.022121
-0.038778
-0.031054
-0.041328
0.032579
0.058525
-0.001679
0.052375
0.095612
0.074143
0.059453
0.024671
0.097590
-0.007384
0.050034
0.012766
0.069530
-0.044618
0.023766
0.080183
-0.031456
-0.027409
-0.005795
-0.002455
-0.037036
-0.046137
-0.009538
0.011886
-0.028771
0.099580
0.017877
0.034829
0.015419
-0.013047
-0.043472
0.007329
0.007840
0.021644
0.062070
0.002001
0.112586
0.024059
-0.072242
0.028665
-0.059152
-0.065041
-0.011675
-0.009700
-0.086113
-0.030163
0.002667
0.020185
-0.000389
-0.075582
0.072411
0.064109
0.039045
0.056884
-0.020956
-0.016244
0.046104
0.080736
0.032151
0.072372
0.049587
0.064299
0.035025
-0.010316
0.060272
0.083428
-0.004402
0.073371
-0.009529
-0.051739
-0.038304
-0.006714
-0.036553
-0.025854
0.026962
-0.050123
-0.104541
-0.137499
0.095113
0.039549
-0.063593
-0.060972
-0.035806
-0.084902
-0.084955
0.021819
0.018113
0.019582
-0.027494
0.069172
0.066759
-0.008177
0.042090
0.050935
0.029295
0.005194
-0.054677
0.041041
0.059919
-0.011279
0.012956
-0.047718
0.022880
0.017615
-0.016023
-0.027823
-0.045679
-0.035619
0.025631
-0.003555
-0.089505
-0.046933
-0.000627
-0.005336
-0.009624
0.039886
0.068754
-0.008262
0.012061
-0.031746
-0.053422
-0.024886
-0.013793
0.032468
-0.022407
0.006369
0.067719
0.005629
-0.081102
0.050751
0.023822
0.065587
0.013762
0.046625
0.052132
0.025303
0.000038
-0.008544
0.069109
0.108180
-0.002397
0.000819
-0.000612
-0.030086
0.054357
-0.015881
-0.009169
-0.035624
0.009961
0.005322
-0.011020
-0.011683
-0.004394
-0.006992
0.028086
-0.026500
-0.041428
0.003949
-0.038172
-0.041558
-0.027771
0.040419
0.067682
0.001279
-0.028463
0.001186
-0.032661
0.010358
0.006612
0.027665
-0.055196
0.048874
0.017315
0.005748
0.071139
0.002412
-0.006748
0.022029
-0.010669
-0.067821
-0.027811
-0.076992
-0.084043
0.064994
-0.124281
-0.156577
-0.069409
-0.071928
-0.005236
0.122134
0.020205
-0.043743
0.057781
0.003511
0.008982
0.045576
0.030678
-0.023659
-0.126551
-0.056649
-0.048657
-0.005527
0.064341
0.005787
0.042077
0.052895
0.028380
0.005145
0.019518
0.015813
0.022489
0.005848
0.011314
0.046025
0.016608
0.018226
-0.058489
0.039215
-0.015714
-0.082598
-0.010044
0.081993
0.035024
0.022728
0.062259
0.111642
-0.023025
-0.046004
0.062763
0.007464
-0.048250
0.066712
-0.023674
0.037687
0.063285
-0.005880
0.061121
0.064441
-0.004843
0.008373
0.033998
-0.010376
-0.028820
-0.016270
0.007257
0.022069
-0.050177
0.030116
-0.010501
-0.064172
0.031110
-0.005406
-0.026122
-0.029970
-0.015672
-0.050330
-0.079867
-0.056240
-0.033129
-0.046378
0.008133
-0.038435
0.025611
0.018489
-0.035909
0.012076
0.065076
-0.044235
-0.048627
-0.026476
-0.052478
-0.017098
-0.094671
-0.009588
-0.000420
-0.077689
0.069900
-0.058898
-0.019687
0.006385
0.037867
0.075480
0.006140
-0.017355
0.043125
0.016116
-0.021799
-0.033699
-0.011321
0.005096
0.003849
-0.017473
-0.014252
-0.030323
0.009956
0.145543
0.028580
0.047660
0.109703
0.022122
0.036276
-0.010721
-0.016111
-0.012885
-0.017145
-0.015855
-0.032994
0.000285
-0.021104
-0.105485
0.003681
-0.026036
-0.009845
-0.003373
-0.021368
0.010996
-0.024703
-0.082276
-0.020551
-0.058042
0.008443
0.108662
-0.003677
-0.042316
0.014440
-0.003806
-0.014223
-0.030537
-0.040144
-0.006512
-0.009059
0.008472
-0.043660
-0.097449
-0.025196
-0.110178
-0.070671
-0.052009
-0.025903
0.118154
0.043610
0.070800
0.017105
-0.044841
0.019856
0.015260
-0.047267
0.022955
0.035811
0.011484
-0.030660
-0.039372
-0.049581
-0.033950
-0.040765
-0.029365
0.051706
0.015248
-0.009097
0.032476
-0.016617
-0.067850
0.059302
0.047320
0.026712
0.039853
-0.051567
0.093454
0.014229
-0.066859
0.056706
0.023105
0.022393
0.034036
0.019874
0.078159
-0.020408
0.008112
-0.035011
0.045195
0.018542
0.049472
0.014288
0.008787
0.053927
0.046291
0.037782
0.064443
0.008883
0.043925
0.071570
-0.019009
0.010268
0.008743
-0.050747
0.014098
-0.073174
-0.061977
0.045485
-0.077847
-0.074955
-0.028145
-0.083350
-0.073829
0.006895
-0.023375
-0.064468
0.011261
-0.028262
-0.033578
0.004267
0.007539
0.029311
0.008857
-0.030661
0.021439
0.077003
-0.015336
0.000509
0.107695
0.010912
0.047708
0.053607
-0.033852
0.047817
0.035016
-0.030785
-0.053181
-0.045795
-0.024287
-0.021696
-0.022498
0.024285
0.029040
0.061651
0.065241
-0.014992
-0.081486
-0.070016
0.027623
0.034503
0.105115
0.021351
0.068019
0.047451
0.003843
0.055320
0.036851
0.085604
0.099641
0.015946
0.016928
-0.021208
0.021755
-0.021662
-0.041375
0.014983
0.052980
-0.042189
-0.005542
0.024893
0.049628
0.069345
0.015584
0.072955
0.033787
0.022437
0.072794
-0.021208
0.013308
0.020064
-0.058371
0.028360
0.072870
0.068066
0.019949
0.017194
0.030699
0.051216
0.054375
0.013928
0.035543
0.053171
-0.006220
0.016840
0.006323
-0.070000
-0.037342
-0.098141
-0.023282
0.072147
-0.065074
-0.009220
0.008171
-0.044133
-0.050879
0.030628
0.019393
0.023980
0.096496
0.057525
0.013719
-0.015604
-0.053235
0.036981
0.032858
-0.010420
0.041947
0.054356
-0.005052
-0.005866
-0.063385
-0.003408
-0.013414
0.087603
0.077653
-0.058268
0.061203
-0.005157
-0.051017
-0.024940
0.027241
0.013378
-0.148606
-0.069794
-0.034176
-0.078007
-0.105264
0.020227
-0.027774
-0.064789
-0.108757
-0.040867
-0.000792
0.045513
0.048930
-0.000642
0.046869
0.110940
0.007918
-0.056249
0.060735
0.067727
0.016476
-0.005780
0.005565
-0.016247
-0.058288
-0.011121
0.025172
-0.072756
0.041415
0.038265
-0.048147
0.034270
-0.038238
-0.045799
-0.012243
-0.006473
0.000651
-0.015653
-0.011328
-0.049492
0.063219
-0.000622
0.035708
0.013777
-0.060131
0.035555
-0.074586
0.049964
0.069064
-0.003201
0.164319
0.094864
-0.080915
-0.060725
-0.058072
-0.045254
-0.050144
-0.117275
-0.061221
0.023202
-0.020544
-0.017308
-0.002682
0.012593
-0.048204
0.020144
0.001584
-0.028973
-0.035916
-0.055854
0.035644
0.057584
0.038577
0.110558
0.036661
-0.028180
0.042983
0.109665
0.089276
0.036092
0.072274
-0.003091
0.017478
0.105602
0.029560
-0.024234
0.027377
0.023147
-0.072201
0.066499
0.026103
0.111630
0.097560
0.017728
0.113106
0.017484
0.053931
0.069007
0.031886
0.074685
-0.050731
-0.070783
-0.013572
-0.024018
-0.099188
-0.008444
0.032073
0.038994
0.029393
0.041566
0.021091
-0.011771
0.067987
-0.012099
0.016497
0.033529
0.046264
0.027140
-0.019123
-0.045767
0.007750
-0.023135
-0.011869
-0.082666
0.022054
0.033456
-0.056781
-0.024363
0.006190
-0.065154
0.053675
0.069743
0.007939
0.017694
-0.046755
-0.052772
-0.071697
-0.015846
-0.056917
-0.009635
0.016921
-0.030672
0.052179
-0.027270
-0.038915
-0.055491
-0.051883
-0.050486
-0.028045
0.053588
0.017423
-0.043389
0.036210
-0.021064
-0.077929
0.031473
-0.030247
0.004223
-0.063201
0.013589
0.005179
-0.073867
-0.065569
0.053012
0.000591
0.015587
0.068672
0.022243
-0.062015
0.010393
-0.045387
-0.028384
0.028997
0.019115
-0.035937
-0.033675
-0.022509
0.042194
0.036287
0.013216
0.006511
-0.081258
-0.016514
-0.056357
0.003338
-0.009062
-0.060555
-0.053804
0.019433
-0.097218
0.036007
0.025013
0.022588
-0.004259
-0.041210
-0.013795
-0.001708
0.040610
0.025919
-0.010063
-0.051596
0.005123
0.010923
-0.057456
0.058017
0.019669
-0.036117
-0.049574
-0.041086
-0.014262
-0.113183
-0.050369
0.043816
0.000296
0.010988
0.010558
0.041390
0.049535
0.023046
0.035896
0.034213
-0.003916
-0.024991
-0.056009
-0.009967
-0.026848
-0.171626
0.012313
0.087897
-0.104288
-0.079654
0.017910
0.010773
-0.083464
-0.020340
0.032907
-0.030814
-0.009462
0.104721
0.029938
0.100589
0.100430
0.052457
-0.006527
0.087520
0.030144
-0.009539
-0.016852
-0.019692
-0.064923
-0.037276
0.006761
0.086588
0.050974
-0.020129
-0.008620
-0.042646
0.021697
0.013599
0.049440
-0.028289
-0.019086
0.122286
0.098037
0.089129
0.109736
0.066828
0.028007
0.032736
-0.013929
-0.028682
-0.108980
0.017032
0.065255
-0.079653
0.057782
0.033105
0.099074
0.143989
0.007531
0.043784
0.061645
0.053904
0.099735
0.047328
0.036980
0.102631
0.054962
-0.051006
-0.032410
-0.107926
-0.010248
0.068894
-0.034530
-0.033798
0.065534
0.009351
0.036975
0.035543
0.075888
0.034638
0.048044
0.099654
0.022119
0.060380
-0.028036
0.077433
-0.015842
0.008262
0.063530
0.023656
0.090177
0.076882
0.081158
-0.057522
0.011239
0.027487
-0.026086
0.030109
-0.007479
0.022932
0.098646
0.056794
0.049912
0.102097
0.021666
-0.080723
-0.003815
-0.009026
0.023498
0.063891
0.001134
0.088415
-0.075966
-0.061730
-0.030113
-0.061789
0.039917
-0.056722
0.002183
0.008370
-0.052543
-0.005459
0.011759
0.014174
-0.076959
-0.036400
0.060475
-0.003105
-0.025150
0.014145
-0.054609
-0.089693
-0.009734
-0.033205
-0.026585
-0.062226
-0.042764
-0.065697
-0.028350
-0.002030
-0.002337
0.021025
-0.081104
-0.013461
0.018979
-0.012338
0.084895
-0.097973
-0.032576
0.088597
0.077614
-0.019694
-0.060931
0.037472
-0.024055
-0.093628
-0.005005
-0.080342
-0.010633
-0.073919
-0.063377
-0.010443
0.048867
0.056681
0.043594
-0.021594
-0.014613
0.003030
-0.036138
-0.095398
-0.095374
-0.090659
-0.136022
-0.003101
0.006753
-0.011443
-0.042911
-0.065517
-0.064304
-0.093076
-0.075151
0.003132
0.062643
0.037315
-0.014445
-0.057584
0.035081
-0.053378
-0.014842
0.020418
0.084824
0.046983
0.001417
0.034573
-0.000926
0.050339
0.020646
0.056257
0.090314
0.044345
0.012793
0.065120
0.013204
-0.003105
0.072678
0.023420
0.044717
-0.025733
-0.008236
0.017794
-0.005062
-0.017444
0.097136
0.007853
-0.066004
0.057737
-0.030775
-0.061696
0.072090
-0.011906
-0.034648
0.005631
-0.110096
-0.049448
-0.077047
0.033135
0.047409
-0.044311
0.148402
-0.055508
0.018334
0.021485
-0.010053
-0.044044
-0.073418
0.060044
0.048071
-0.047002
0.036194
0.060777
0.022951
-0.003679
0.041213
0.027386
0.043407
0.023199
0.009892
0.002553
-0.057860
-0.003694
0.063473
0.067945
-0.020751
-0.046397
0.039109
0.040343
-0.017965
-0.026231
0.001973
0.049252
0.023715
0.048955
-0.000188
-0.053729
0.052940
-0.053303
-0.087727
-0.004250
-0.039636
-0.042456
-0.084736
-0.023968
-0.040154
-0.042707
-0.019346
0.021876
-0.058341
-0.010572
-0.094847
-0.084710
0.020110
-0.022241
0.060174
0.047036
0.062075
-0.009964
0.025525
0.000787
-0.028725
0.056230
-0.059321
-0.031196
0.040261
-0.023585
-0.029006
-0.034199
0.100840
0.011752
-0.025216
-0.090816
-0.132846
-0.043742
-0.022327
-0.006863
-0.011519
0.024527
-0.052139
-0.008264
0.000261
-0.010229
-0.038494
-0.123748
0.037005
0.014252
-0.025847
0.014555
0.034641
0.070711
-0.062779
-0.062052
0.037926
0.068701
-0.023874
0.037080
0.072591
-0.030171
0.017623
-0.062311
0.047076
0.056353
0.038959
0.043564
0.030123
0.083207
0.060767
0.007268
0.025792
-0.004806
-0.016906
-0.053069
-0.029072
0.023506
0.006049
-0.063300
-0.014251
0.057089
0.040874
-0.009275
-0.064665
-0.036574
-0.062101
-0.090945
0.007629
0.080260
-0.062482
0.004008
0.053048
-0.024853
-0.001802
-0.005363
-0.046379
-0.054681
0.022368
0.035281
0.090805
0.014756
-0.006085
0.035608
0.068285
0.025729
0.102310
-0.000020
0.010313
0.026508
0.001808
0.012694
0.044079
0.091362
-0.042623
-0.001198
0.026819
0.011066
0.064995
-0.001987
-0.063984
-0.001442
0.042736
0.040746
-0.014626
-0.013559
0.037064
0.013244
0.012470
0.007868
-0.023618
-0.041341
-0.014398
-0.032641
-0.106690
-0.045649
0.017425
-0.074445
0.075062
-0.009330
-0.034176
-0.005693
-0.014299
-0.002849
-0.017372
-0.031905
-0.072230
0.003606
0.033296
0.004030
-0.022796
0.080703
-0.017982
-0.006933
0.020448
0.012584
0.062635
-0.004781
-0.104509
-0.030292
-0.002010
-0.050011
-0.042030
-0.016802
-0.032122
-0.083817
-0.127205
-0.026020
-0.011994
-0.035720
-0.131170
-0.020472
-0.007520
-0.126333
-0.047138
0.090902
0.040862
-0.063387
-0.087741
-0.090813
-0.011594
-0.091500
-0.071638
0.018115
0.002952
-0.073503
0.028827
0.050018
-0.000189
-0.066853
0.028993
0.025490
0.048353
0.112349
-0.054623
0.003169
0.059625
0.010306
-0.026201
-0.012864
-0.032190
-0.018533
0.015962
0.031613
0.072479
0.062060
0.036861
0.008052
-0.005206
0.038288
0.045687
0.032663
0.050090
0.040289
0.000774
-0.005847
0.029020
-0.039305
0.009584
-0.012903
0.005153
0.066871
0.055845
0.022682
-0.009837
-0.089270
-0.032987
-0.004438
-0.145713
-0.007978
-0.021413
-0.003869
-0.027677
0.048344
-0.014558
-0.145233
0.025385
0.054881
0.002403
0.124416
0.079303
0.101034
0.086569
-0.015155
0.078846
0.092372
-0.077184
-0.067753
-0.059980
-0.048619
0.075604
-0.025911
-0.021042
0.053254
0.040032
0.106828
0.013980
0.022477
-0.018053
-0.020067
0.019844
-0.055973
-0.103993
-0.014864
-0.049920
0.001003
0.075330
-0.023867
-0.070883
0.007649
-0.036074
0.057216
-0.020108
-0.050368
0.046564
-0.012425
0.024273
0.048912
0.049656
0.025829
-0.027911
-0.074499
0.038924
0.101095
-0.035479
0.046240
0.057096
-0.020466
0.015000
0.048990
-0.028710
0.060174
0.042614
-0.007851
-0.004448
-0.007422
-0.022882
-0.017442
0.023101
-0.057228
-0.040994
0.026776
0.030818
0.025681
0.047517
0.016060
-0.049312
-0.005401
-0.063953
-0.019940
0.023535
-0.011066
0.074011
0.001668
-0.005231
0.090965
-0.021113
-0.050526
-0.077632
-0.016353
0.004039
0.007394
0.025153
-0.005294
-0.034417
-0.024125
0.058955
-0.085698
-0.091917
0.053926
0.031731
0.047273
-0.007958
-0.044065
0.005987
-0.060162
-0.078234
-0.056938
-0.078036
-0.092679
0.013352
-0.003166
0.020769
-0.041964
-0.050020
-0.091897
0.022742
-0.052805
-0.061392
0.005052
-0.056816
0.002081
-0.012290
0.011068
0.073802
0.064879
0.051052
-0.002695
-0.013422
-0.123742
-0.046437
0.009247
-0.033421
0.027780
-0.014488
-0.071890
0.041938
-0.033280
-0.095762
-0.096557
-0.018213
0.011765
0.037059
-0.030286
-0.045858
0.003692
0.034281
0.055757
0.027424
-0.051249
-0.019009
-0.004468
-0.001474
-0.039391
-0.054415
0.056784
0.002222
-0.000025
0.030883
0.078515
0.044682
-0.104480
0.009182
0.015791
-0.027350
-0.000259
-0.006075
0.060548
0.069302
0.048079
0.072690
-0.016701
-0.029673
0.055462
0.066796
-0.021755
-0.047597
0.027235
-0.019257
0.026061
-0.034227
-0.040444
-0.037677
-0.055163
-0.005138
-0.012449
0.014853
-0.004939
0.017395
0.011793
0.076480
0.021486
-0.016710
0.050947
0.082397
0.033668
0.024785
0.058617
0.095815
-0.000655
-0.036485
-0.002624
0.110974
0.016974
0.059617
0.083809
0.045056
0.028991
0.109687
0.052949
0.060268
0.062749
0.057087
0.035241
0.054746
0.013136
-0.043122
0.003378
0.072938
0.072314
-0.005840
0.067277
0.012775
-0.052990
-0.051139
0.099626
-0.023485
-0.012661
0.179729
-0.005330
-0.006859
-0.014167
-0.014460
0.007428
-0.060989
0.034990
-0.034281
-0.002941
0.013988
-0.023381
0.049936
-0.033896
-0.065064
-0.050787
-0.012129
-0.047725
0.039683
-0.017318
-0.097479
0.025962
-0.036185
0.034901
0.003038
-0.052027
0.015504
0.036597
-0.004974
-0.029397
0.041058
0.010862
-0.064488
-0.086904
0.018316
-0.008108
-0.085206
0.009987
-0.040195
-0.027281
-0.003189
0.007764
0.067882
-0.032132
0.018720
0.038623
-0.060589
-0.042943
-0.041727
0.023292
-0.067769
0.001374
0.050074
0.060993
0.162363
-0.012009
0.037661
0.039333
0.052625
-0.014225
-0.037625
-0.010621
-0.011152
0.017989
0.033322
-0.019913
-0.023140
0.009752
-0.019244
-0.009717
0.020909
-0.025982
0.028971
0.067383
0.007409
0.013775
0.054068
-0.029247
0.064341
-0.072915
-0.060161
0.025539
0.001184
-0.038319
0.019036
0.037190
-0.032808
0.005097
0.070426
0.110843
0.057864
-0.081683
0.005392
-0.020327
-0.021399
0.044001
0.057072
0.046160
0.016758
0.040616
0.020086
0.041472
0.058941
0.001548
0.016173
0.035728
-0.026232
-0.043815
-0.023566
-0.045215
-0.034011
0.025950
-0.027404
-0.044193
-0.087825
-0.039859
-0.081581
-0.116687
-0.010431
-0.053357
0.033620
0.036814
-0.117286
-0.006712
-0.057764
-0.058775
0.000307
0.007760
0.062358
-0.000366
-0.004777
-0.015202
0.103448
0.035109
-0.035287
0.036721
-0.004560
0.047188
-0.067128
-0.017840
-0.021476
0.022746
0.094023
-0.045961
0.067353
0.068641
0.025132
-0.070127
-0.033753
0.029834
-0.057890
0.038788
-0.014654
-0.108425
-0.001415
-0.015463
0.078309
0.044249
0.007338
0.029729
-0.048140
-0.018782
0.028660
-0.027363
0.028463
0.010213
-0.037936
0.055020
-0.028605
-0.042249
0.020882
-0.081036
-0.002593
-0.049662
0.027379
0.029861
-0.041775
0.029196
0.037243
-0.085659
-0.027200
0.006597
-0.056290
0.050245
-0.030216
0.031103
0.042517
0.012415
0.026355
0.036702
-0.016499
0.005482
0.095010
0.032084
-0.020251
0.002153
-0.002130
0.059883
0.028696
-0.040056
0.030204
0.035721
0.028632
0.052357
-0.032435
-0.001354
-0.008339
-0.074231
-0.037496
-0.066080
0.036678
0.040585
-0.034538
-0.017204
-0.044249
-0.001878
0.006563
0.010347
-0.059428
-0.024061
0.033738
0.103660
0.013227
-0.053116
-0.038414
-0.007737
0.131279
0.070830
-0.024719
0.154989
0.006316
-0.032048
0.064717
0.005065
0.010722
0.036282
-0.034076
0.008001
0.031839
0.007053
-0.082695
0.005158
0.014367
-0.031085
-0.017782
-0.020810
-0.000668
0.089394
0.047581
0.040854
0.006557
0.030322
0.046957
0.047178
-0.035538
0.126864
0.080182
0.080564
0.129434
0.029694
0.061184
0.065866
0.036038
0.042378
0.033329
0.014692
0.019122
-0.085655
-0.044500
0.013711
-0.036304
0.046473
0.024955
-0.013767
0.067941
0.019714
-0.073719
0.024269
-0.014391
-0.061714
-0.045008
-0.076550
0.036312
0.042730
-0.014776
-0.079291
-0.025005
-0.036353
0.032706
-0.013495
-0.045758
-0.004101
-0.058303
0.029070
0.021933
-0.005649
0.029568
0.109077
0.049967
-0.040845
0.059488
-0.040833
-0.020452
-0.030266
0.019513
0.020312
-0.019217
-0.029522
-0.004672
-0.010239
0.008583
0.071633
0.026071
-0.057736
-0.048605
0.015988
-0.056093
0.012020
-0.020066
0.009002
-0.004981
0.000897
-0.092803
-0.035584
0.078500
-0.015253
0.023302
-0.001571
-0.050174
-0.074490
0.042149
-0.069278
-0.015670
0.002416
-0.126598
-0.027723
-0.025076
-0.056541
-0.024668
-0.002224
-0.016814
-0.034674
0.005357
0.009383
0.071049
0.009139
0.024321
0.028537
0.067717
0.045946
0.017379
-0.010345
0.034556
0.011603
-0.091029
-0.075405
0.092772
0.014874
-0.045725
0.010646
-0.039579
-0.067892
0.030539
-0.004729
0.015476
0.031471
-0.015141
-0.024820
-0.041374
0.062197
-0.098747
-0.029216
0.039089
-0.073145
-0.007251
0.013716
0.001006
-0.052811
-0.069798
0.044314
-0.039231
-0.141893
0.021084
0.008695
0.066256
0.030377
0.091785
0.104196
-0.018848
0.031296
-0.022221
-0.038642
-0.023256
-0.037480
-0.013624
-0.098122
-0.082763
-0.071401
-0.029480
-0.118070
-0.043987
-0.019059
-0.003709
0.047504
-0.076710
0.039716
-0.057177
0.077149
0.019028
-0.063477
0.049466
0.007778
0.023793
0.044770
0.077545
0.099043
0.090593
0.084240
-0.021925
-0.011725
0.047729
-0.033030
0.005843
0.048060
-0.016227
-0.009469
0.076936
0.099083
0.053094
-0.036089
0.039412
-0.006335
-0.052906
0.005384
0.051810
0.002948
0.041488
0.002159
0.008718
-0.048461
-0.035973
0.104302
0.016240
0.078117
0.058495
0.051965
0.045813
-0.068471
-0.046154
0.002856
0.039007
0.023849
-0.017650
0.049150
0.001913
0.059478
0.107272
0.042465
-0.047975
0.015060
-0.007316
-0.065103
-0.006111
-0.033499
-0.028875
-0.016205
0.041013
-0.012523
-0.006719
0.091760
-0.002885
0.028441
0.059796
-0.022398
0.028003
-0.073361
-0.043763
0.114318
-0.027003
-0.101577
0.022389
-0.005131
-0.047324
0.071741
0.014495
-0.069944
0.026083
0.071432
0.016987
0.039773
0.004134
-0.051288
0.004097
-0.058825
0.010823
0.067596
0.042246
0.047172
0.022801
0.053799
0.095758
-0.005480
0.023862
0.051021
-0.049273
-0.070853
0.016684
-0.075708
-0.054882
-0.021755
0.008337
0.033902
0.001912
0.089883
0.020367
-0.089529
-0.018759
0.024499
-0.045725
0.081155
0.068912
0.034361
-0.109611
0.005928
0.019204
-0.113993
-0.056710
-0.005505
0.005383
-0.003345
0.006525
0.057262
-0.064380
-0.046619
0.009516
-0.060507
0.088435
0.050523
0.008032
-0.043336
-0.103970
0.054289
0.072216
0.008461
0.023834
0.007718
-0.022563
-0.050671
0.031922
0.068492
0.000257
0.029841
0.022890
0.025779
-0.018592
0.024749
0.000112
0.036873
-0.026326
0.031806
0.088621
0.089879
0.033768
-0.057237
-0.002838
-0.029055
0.012566
-0.031225
-0.070613
-0.031411
-0.049488
-0.036309
-0.021761
0.001551
-0.015403
-0.110503
0.029571
0.083481
0.008892
0.055310
0.012350
-0.063253
0.064764
0.022993
0.031295
0.019509
-0.053191
0.007142
-0.000629
-0.046095
0.000198
0.091031
0.031770
0.037450
0.006188
0.002230
-0.068619
0.003132
0.064517
0.038659
0.052758
-0.022647
0.065202
0.079173
0.020639
-0.009564
0.088099
0.086826
-0.003540
0.043851
-0.005887
0.044612
0.055841
0.054758
0.110120
0.053806
0.040692
0.078402
0.006685
0.024890
0.019239
0.079342
0.032432
0.006070
0.001275
-0.033077
-0.121611
0.003682
0.024667
-0.019419
0.058109
-0.043327
-0.027085
0.039724
0.045412
-0.042713
0.021812
-0.050863
0.018983
0.062041
-0.033417
-0.074500
0.008411
-0.041600
-0.042941
0.054895
-0.053559
-0.020482
0.064048
-0.111999
-0.042507
-0.011227
0.089369
0.068580
-0.063269
0.008439
0.032547
0.015774
0.031873
-0.023660
0.023175
0.060508
0.087121
-0.009356
0.084196
0.043656
-0.004845
0.043667
0.035481
0.030792
-0.006040
0.039200
0.067575
0.058520
0.086894
0.010573
0.059456
0.081575
-0.000035
0.019612
0.044249
0.003504
-0.027283
0.040484
0.008379
0.006089
0.088731
0.083671
0.020624
0.019042
0.066988
0.009996
-0.005926
-0.039962
0.018236
-0.073765
-0.073785
-0.033711
-0.087141
-0.023459
-0.008901
-0.110500
0.013290
-0.022708
0.005981
0.041324
0.120935
0.025037
0.110325
0.080245
-0.046788
-0.017138
-0.092691
0.048593
0.046529
0.038685
-0.025020
-0.039629
0.036150
-0.007582
-0.045066
0.005595
-0.055258
-0.045103
-0.020853
0.042033
0.021444
-0.053435
-0.022085
-0.019600
0.038286
0.039197
0.030735
0.054627
0.086443
0.025605
-0.030877
-0.055263
-0.045580
-0.125547
-0.023297
0.048484
0.065299
0.055785
-0.031548
0.044007
0.016360
-0.006917
0.055376
0.054596
0.031175
0.039324
0.029643
0.139503
0.070394
-0.022226
0.055868
0.003325
-0.016523
0.066327
0.041914
0.096764
0.047169
-0.025971
0.047765
-0.061311
-0.037453
0.040342
-0.056715
-0.010662
-0.052444
-0.138383
-0.070181
-0.036966
-0.016889
-0.083721
-0.011235
0.049674
-0.051656
-0.020923
0.020725
-0.046655
-0.056413
0.000591
-0.016757
-0.032934
-0.049578
0.006777
0.000819
-0.051032
-0.039808
-0.022518
0.021219
0.025407
0.070229
-0.021346
-0.032547
-0.020744
-0.056407
-0.034301
-0.059543
-0.032871
0.004362
-0.036021
-0.045706
0.005276
-0.059629
-0.028721
-0.085801
-0.072934
-0.055843
-0.041088
0.033254
-0.006218
-0.017248
-0.032185
-0.054612
-0.032334
-0.018767
0.064460
0.099742
0.018053
0.043467
-0.009659
-0.059331
-0.076403
-0.057738
0.005318
-0.010507
0.049197
0.047868
0.064444
-0.049182
-0.057307
0.026921
-0.064060
0.013011
0.038035
-0.001143
0.053956
-0.003683
-0.025818
0.023875
0.026327
-0.016141
0.050307
0.092753
0.013588
-0.051083
0.037708
-0.034523
0.021598
0.104878
0.024103
0.000804
-0.035264
-0.050379
-0.028428
-0.006014
-0.010125
-0.015183
-0.032350
0.004530
0.105931
0.024740
0.041989
0.093597
0.007500
0.033604
0.001263
-0.082540
-0.138050
-0.015739
-0.022693
-0.026486
0.049367
-0.034159
-0.007773
0.118550
0.013181
-0.106114
-0.018350
0.006041
-0.042060
-0.030314
0.012887
0.026904
-0.100657
-0.033122
0.011689
-0.072437
0.041765
0.039243
-0.018226
-0.072132
-0.011832
-0.028536
0.081254
0.104890
-0.010068
0.004646
0.046115
0.041170
-0.059972
-0.003210
-0.004542
-0.049835
-0.038060
-0.053550
-0.037499
0.102526
0.032634
0.089734
-0.020528
0.044756
0.042116
-0.076244
-0.050010
0.109086
-0.066464
0.014004
0.050954
0.018374
0.114699
0.034128
0.006832
-0.005865
0.011957
-0.034091
-0.022547
0.041472
-0.036478
0.118100
-0.028945
0.011078
0.074856
-0.008012
0.048938
0.102650
0.078541
0.008991
0.004745
-0.005074
-0.034194
-0.029138
0.019922
-0.053325
-0.044320
-0.049671
-0.014138
0.064688
-0.001049
0.028944
0.033934
0.040677
0.019786
-0.050628
0.043533
0.047749
-0.010547
0.044092
-0.013224
-0.021869
0.096074
0.048584
0.014767
0.062711
-0.012551
0.015256
0.007998
0.053263
0.056767
0.091934
0.052541
0.043330
-0.001045
-0.008417
-0.033820
-0.009963
0.020825
0.027690
-0.037109
-0.046255
-0.069976
-0.072626
-0.055891
-0.055115
-0.006828
-0.085603
-0.004966
0.056929
-0.024129
0.050893
-0.025342
0.053710
0.090963
0.091416
0.025414
0.040737
-0.065157
-0.022677
0.007226
-0.049192
0.023848
-0.044899
0.036690
0.028924
0.029966
0.146903
0.014264
0.019154
0.042869
-0.019367
0.045175
0.012076
0.013501
-0.072975
-0.007423
-0.001599
-0.018263
-0.050317
-0.020318
0.012718
-0.005553
-0.016464
0.055779
-0.041599
-0.087063
-0.022428
-0.062663
-0.045299
-0.047572
-0.052403
-0.053112
0.051542
0.061232
0.057219
-0.018453
-0.029753
-0.004828
-0.028245
0.017195
0.021234
0.024374
-0.004514
-0.118464
-0.020869
-0.043872
-0.022521
0.038876
0.028645
-0.061334
-0.024054
-0.040361
-0.024040
-0.056183
-0.025169
0.036933
-0.023791
0.001305
0.017879
0.028775
-0.035664
-0.050450
0.044039
0.046896
0.048362
0.040431
0.088900
0.005857
-0.023587
-0.066451
-0.077298
-0.007246
0.023075
-0.045379
-0.011269
0.021745
-0.011554
-0.010859
0.058831
0.047269
0.011329
-0.067242
-0.032852
0.017197
-0.025869
0.027104
0.029290
0.031336
0.043820
0.011039
-0.039007
0.019160
0.034350
0.049678
0.057355
0.075113
0.058030
0.047906
0.012538
-0.005180
0.084027
0.071459
-0.068864
0.018170
0.036461
0.067691
0.078251
0.035155
0.065495
0.019463
0.061861
0.030680
-0.076235
0.028001
-0.093730
-0.049421
0.007803
-0.011058
-0.006064
-0.027777
0.031322
0.096799
-0.086583
-0.002099
0.017919
-0.070212
-0.024356
-0.069772
-0.097748
0.000597
-0.004850
0.103313
0.037182
0.029301
0.084124
0.013947
0.045513
0.089175
0.083412
0.076610
0.071843
0.039529
0.043410
-0.009805
0.038071
-0.015009
-0.086136
-0.043721
-0.028661
-0.019879
-0.038340
-0.029123
0.032846
-0.034957
0.051419
0.000833
0.031701
0.022716
-0.036151
0.068613
0.027785
0.005482
0.047175
-0.054719
0.022056
0.010536
0.014512
0.022998
-0.022771
0.050583
0.040266
-0.109054
-0.072809
-0.009431
0.006947
0.060046
0.007228
0.007894
-0.004969
-0.028662
0.069790
0.023486
0.040530
-0.028901
0.015895
-0.006938
0.034728
0.058766
0.024299
0.022899
0.001356
0.031360
0.057984
0.021917
0.096386
0.058034
0.089286
0.133647
0.016433
0.029255
0.091864
-0.045000
-0.099251
-0.015771
-0.003275
-0.022825
0.067899
-0.032031
0.023653
0.001977
0.073469
0.072260
-0.050950
0.001680
0.011341
0.047250
-0.039519
0.022059
0.045881
-0.055569
0.005613
-0.049710
-0.012585
-0.012243
-0.016958
0.002764
0.026697
0.028005
0.033920
-0.001799
0.051067
-0.079293
-0.047813
-0.034551
0.009793
0.044083
0.087427
0.029047
0.128339
0.105372
0.061532
0.088632
-0.043870
-0.044311
-0.018079
0.038197
0.049806
-0.004766
0.040090
0.004878
-0.014376
-0.072079
0.024812
0.003387
-0.016756
0.011844
0.069319
0.092386
-0.018934
0.103613
0.004274
0.025545
0.047188
0.009071
-0.072684
0.021993
0.027078
0.032714
0.027803
-0.068608
0.056820
-0.091117
-0.041652
0.038432
-0.007840
-0.014906
0.017516
0.032341
0.007908
0.087736
0.053407
0.003971
0.041263
0.039761
-0.003617
-0.025719
0.068661
0.105923
0.014034
-0.018848
-0.049787
-0.002788
-0.039714
-0.042030
0.062748
-0.012892
0.068784
-0.000495
0.009655
0.103862
0.034366
0.096429
-0.001787
0.054132
0.085505
0.024659
-0.001561
-0.034121
0.037333
0.002999
-0.043339
0.052595
0.009178
0.012493
0.033175
0.083142
0.015010
0.001148
-0.020352
0.047058
0.062160
0.028462
0.067405
-0.007078
0.005106
-0.077818
-0.052983
-0.007399
-0.033088
0.009450
0.034344
0.005896
0.026194
-0.014886
0.053926
0.088699
-0.031861
0.019103
0.009756
-0.025937
0.007626
-0.000982
0.053386
0.083293
0.020678
-0.048370
-0.034288
0.021998
-0.034031
-0.065695
-0.063951
-0.050677
-0.067506
-0.024743
0.011881
0.033510
0.126780
0.021141
0.021722
0.014649
-0.038064
-0.019867
-0.015227
0.013963
-0.007452
0.046687
0.031293
0.032167
0.117849
0.037666
-0.004458
0.028222
-0.028929
-0.029874
-0.010444
0.015699
0.094452
0.063026
0.004261
0.061890
0.056306
-0.044902
-0.001886
0.052923
0.021851
0.064683
-0.004641
-0.027949
0.010671
-0.061967
0.073620
-0.033245
-0.014586
-0.119901
0.003070
0.071668
-0.045963
-0.047621
0.014939
-0.002795
-0.047060
-0.036207
-0.034557
0.041610
-0.037830
-0.018125
-0.071564
-0.050468
0.008935
-0.029202
-0.006565
-0.066107
-0.059846
-0.012279
-0.033232
-0.021409
-0.024395
-0.032302
-0.024186
-0.007442
-0.034351
0.012134
0.058354
0.061956
0.156776
-0.000803
-0.021879
0.006261
-0.022417
-0.015074
-0.068182
-0.071999
-0.010176
0.036648
0.051378
0.098381
0.014858
-0.046410
0.040751
0.040608
-0.055780
-0.052064
0.035024
-0.000391
-0.043531
0.035924
-0.018536
-0.076736
-0.080694
0.021728
0.003967
-0.044953
-0.048034
-0.060238
0.002355
-0.075790
0.037329
0.102293
0.033552
0.076147
-0.062110
-0.004962
0.099994
-0.052776
0.059229
0.082326
-0.017658
-0.054428
-0.057894
-0.048857
-0.007264
0.014790
-0.072160
0.033720
0.035526
-0.016860
-0.000015
0.018069
0.018855
-0.064711
-0.018303
0.048434
0.010274
0.082163
0.093285
0.015561
-0.029345
0.046672
0.052798
0.027861
0.059662
-0.036217
0.002527
0.033554
0.027798
0.017858
0.049559
0.039739
-0.036412
0.043422
-0.004545
-0.035483
0.034738
-0.003041
-0.001121
0.008600
-0.017062
-0.007709
-0.088502
0.010585
-0.033523
0.026682
0.008310
-0.029198
-0.029334
-0.054349
-0.025142
0.000368
0.010575
0.021259
0.023829
0.023332
-0.025213
0.078133
-0.006218
-0.012832
0.029783
-0.035100
-0.069041
0.064718
0.033808
0.008333
-0.081825
-0.035318
0.011068
-0.060840
0.012508
0.003795
-0.009512
0.053045
0.005317
0.015598
0.026347
0.024777
0.085908
-0.004691
-0.010792
0.069642
-0.014378
0.072058
0.045757
-0.031938
-0.022880
0.040886
0.065970
0.014432
0.008526
0.069789
0.005856
0.098376
-0.022143
-0.005153
0.058403
-0.064770
-0.019301
-0.049868
0.001486
0.067895
0.012784
0.090540
0.071925
0.010785
0.014917
0.077418
0.031348
0.003420
0.101287
0.012600
-0.016683
0.070104
-0.054445
0.021848
0.052806
0.004577
-0.109048
0.005906
0.034299
-0.040071
0.054724
0.070633
0.004575
0.010809
-0.039751
-0.005094
0.011018
-0.013478
0.059299
0.024091
0.017857
0.059088
-0.015601
0.047372
0.033330
-0.039871
0.013671
0.040488
0.078148
0.091730
0.075567
-0.023092
-0.008769
0.070864
0.114386
0.042966
-0.000753
0.036673
0.045624
0.011324
0.019296
0.047480
-0.005118
-0.013207
0.062611
0.002581
0.028107
0.080507
0.076630
0.049073
0.042738
0.051545
-0.011277
-0.001318
0.029371
0.011740
0.050816
-0.050142
-0.090222
0.039649
-0.038205
-0.022809
0.079349
0.008947
-0.039424
0.060013
0.093861
0.031023
0.042104
0.019224
-0.010726
-0.017526
-0.045121
-0.045343
0.040002
-0.007069
-0.079085
0.012722
-0.045182
-0.056238
0.007005
-0.068705
0.025373
0.066489
-0.025052
-0.075256
-0.038856
-0.070462
-0.078908
-0.042694
-0.114761
-0.024739
0.042155
-0.034577
0.001668
-0.023640
-0.045925
-0.023474
-0.026011
-0.036242
0.081348
0.014020
0.040519
0.031220
-0.034644
0.032901
0.056605
0.024920
0.033234
0.093490
-0.065015
-0.028897
-0.016201
-0.030704
0.056986
-0.025124
0.004403
0.062155
-0.007463
0.002599
0.120799
0.039025
-0.117246
-0.011149
-0.019967
-0.053144
-0.063973
-0.092005
0.016344
0.076303
-0.022994
-0.029301
-0.084254
-0.072988
-0.010260
0.017549
-0.031575
0.010138
0.089981
0.019428
0.015757
0.069701
0.038420
0.053748
0.000349
-0.023431
-0.063369
-0.056649
-0.131235
0.029131
0.046175
-0.008591
-0.009732
-0.008311
0.049237
0.024967
0.085435
0.070747
-0.031573
-0.054774
-0.045938
-0.097809
-0.050397
-0.076412
-0.001989
0.021328
0.010871
0.028426
0.051669
-0.022691
-0.065485
0.020841
0.037459
0.009849
-0.004063
0.038522
-0.081077
-0.029307
-0.036440
-0.021872
0.000403
-0.055929
-0.113237
-0.078380
-0.018350
0.007662
-0.068226
-0.002084
-0.069867
0.002892
-0.029015
-0.048583
0.023462
0.001172
0.039918
-0.076882
0.011399
0.075541
-0.004290
0.047266
0.059829
0.138285
0.065317
0.026767
0.105857
0.033117
0.022734
0.096885
0.003819
0.029192
0.128761
-0.031720
0.036674
0.054854
0.020412
0.054013
-0.030460
0.042512
0.030677
-0.045291
-0.021294
-0.029263
0.017818
-0.006804
-0.044712
0.004265
-0.006005
0.045817
0.115123
0.035380
0.082473
0.111527
0.070721
0.029119
0.064271
-0.043441
-0.005535
0.000596
-0.100890
0.077397
0.005580
0.099839
0.072466
0.070863
0.029148
-0.035407
0.020106
0.048543
-0.002856
-0.051128
-0.091541
0.045952
0.030027
-0.048421
0.038255
0.080981
0.074531
0.091160
0.003727
0.029766
-0.043251
-0.031707
-0.039948
0.009542
0.035330
0.014755
0.056059
0.089854
0.089599
0.009992
0.012875
0.054551
-0.002472
-0.087619
-0.012794
0.034937
0.036455
-0.025580
0.061560
0.049174
0.058272
0.081653
0.084159
0.075216
0.071434
0.109004
0.121018
0.095901
0.120966
0.073312
0.015337
0.029994
0.051198
0.019777
-0.032523
0.024932
0.002377
0.028179
-0.060066
-0.064389
-0.027782
-0.083455
-0.023029
0.073940
0.006647
-0.007073
0.015888
0.025443
-0.015484
-0.023105
0.101175
0.017547
0.098588
0.072892
-0.002016
-0.005866
-0.010634
0.061086
-0.062182
0.004796
0.020976
-0.035866
0.054882
0.060853
-0.028011
0.072222
-0.073161
0.058106
0.042990
-0.091926
0.079624
-0.035628
0.004964
0.042573
0.004878
0.030201
0.097101
0.100652
-0.029636
0.006353
-0.015078
-0.032094
-0.034723
0.007867
-0.003156
-0.073359
0.054945
0.109916
0.024687
0.005276
-0.024880
-0.055603
0.024907
-0.047076
-0.100642
-0.035615
-0.089756
-0.065831
0.117533
0.075246
0.047433
-0.007470
-0.009376
-0.044853
0.016342
-0.002061
-0.011284
-0.001857
-0.004768
-0.075731
-0.104995
-0.095446
-0.045914
-0.114859
-0.045622
-0.074431
-0.074895
0.034347
-0.063180
0.022617
-0.019325
-0.027200
-0.004099
-0.035295
0.089768
0.023418
0.059356
-0.003387
0.000011
0.031955
0.088276
0.056654
0.057760
0.110263
0.086350
-0.016159
0.020906
0.046622
-0.017271
-0.024232
0.055862
-0.031009
-0.016936
0.041215
-0.101083
0.021226
0.020708
0.028611
0.087144
0.051645
0.002495
-0.005963
0.058750
-0.046441
0.037569
0.131203
0.032131
0.030299
-0.044581
-0.005681
0.028507
-0.039686
-0.070087
-0.031356
0.051949
0.020101
0.013635
-0.048850
0.027595
0.008857
-0.025369
0.010892
-0.038628
0.078841
-0.007489
0.019869
0.014150
-0.068808
-0.015334
0.026661
-0.038065
-0.046954
-0.037267
0.091388
-0.006390
0.041006
0.022431
-0.011414
0.059985
0.070931
0.007405
0.005959
-0.100012
-0.052394
0.029244
-0.027422
0.072529
0.082863
0.008372
-0.055617
-0.006361
-0.006391
-0.021601
0.024904
0.036577
0.055353
-0.010210
-0.002927
-0.063328
-0.027517
0.042907
0.023357
0.020955
0.003155
-0.033740
0.033590
0.039447
0.044874
0.077574
-0.047812
0.042981
0.018248
0.055649
-0.029097
-0.063453
0.085862
0.046897
-0.017668
0.067402
0.063335
0.000997
0.041173
0.008927
0.038950
0.071162
0.040534
0.058614
0.027890
-0.049979
0.072042
0.032769
-0.049040
0.087575
0.064746
-0.070293
-0.017179
0.049404
0.001871
-0.021578
0.076081
0.043259
0.039878
-0.005068
0.072159
0.053928
0.010949
0.000689
-0.034570
-0.022015
0.001431
0.006364
0.048565
-0.005480
0.021876
0.030321
0.003389
0.027629
-0.001306
0.085189
-0.014936
0.040338
0.091435
-0.028543
0.015803
-0.020890
-0.013408
0.026625
-0.011944
0.043070
0.040478
0.036492
-0.014873
0.009906
0.095886
0.063588
0.051906
-0.026282
-0.065846
0.050333
0.023511
0.043259
0.050354
-0.077791
0.015865
-0.038285
0.046384
-0.007053
-0.026103
0.139297
-0.028405
0.026912
0.047310
0.025045
-0.002118
0.090325
0.021588
0.062380
-0.013801
0.002050
0.003340
0.030531
0.012995
-0.024645
-0.028063
-0.010800
0.079636
0.044754
0.034657
0.049822
-0.026888
0.026074
0.035055
-0.005893
0.097436
0.020813
0.051985
-0.003753
-0.016368
0.067815
0.057731
-0.014645
0.013237
0.055179
-0.076533
-0.027238
-0.054036
-0.046947
-0.012135
0.062899
0.036083
0.006922
-0.020786
-0.039366
-0.055690
-0.086090
-0.088552
0.026744
-0.040445
-0.028001
0.100612
0.051589
-0.032828
-0.048755
-0.025314
-0.043413
0.069455
0.057736
0.055093
0.021601
-0.016684
0.015123
-0.009743
0.040353
-0.025363
-0.018207
-0.001429
-0.014747
0.003642
-0.042237
-0.001548
0.044628
-0.154618
-0.047356
-0.028902
-0.045624
0.020692
-0.026076
0.005402
0.025277
-0.018201
-0.078961
-0.024126
-0.073140
-0.030885
-0.024689
-0.059390
0.023991
0.031724
0.015451
-0.022486
0.020278
0.051992
-0.018736
-0.038533
-0.050751
0.013439
0.024716
0.083604
0.001430
-0.011195
0.098922
0.002531
0.044087
-0.046075
-0.103017
-0.049531
-0.041001
-0.007277
0.002475
0.037295
0.002913
0.003493
-0.001923
0.042091
0.054525
-0.019934
-0.084237
-0.028693
0.046647
0.065384
0.036290
0.065667
-0.031540
-0.070961
0.043950
0.041092
-0.065033
-0.006182
0.035473
0.013003
0.012514
0.037781
-0.012516
-0.043634
-0.019197
-0.045455
-0.018921
-0.000963
-0.005584
-0.030706
-0.036234
-0.008731
0.049310
0.061647
0.048309
-0.050095
-0.090636
0.003525
0.018609
-0.033300
-0.022386
-0.038495
-0.061509
-0.085940
-0.066238
-0.018761
-0.060726
0.025256
-0.027317
-0.059273
0.059948
0.100226
-0.015245
-0.003296
0.008993
0.010758
-0.008278
-0.021190
0.103950
-0.045812
0.028597
0.176450
-0.020027
-0.013775
0.011635
-0.066605
-0.019573
-0.010020
-0.006316
0.019800
0.038822
-0.046821
-0.034672
-0.025837
-0.092328
0.030085
-0.007359
0.022404
-0.026194
-0.047543
0.002719
0.008256
-0.044341
-0.069861
0.039553
-0.010555
0.017161
0.020346
0.051450
-0.052912
-0.034602
-0.032828
-0.026744
-0.017878
-0.009137
-0.084697
-0.088451
0.007956
0.014742
0.047249
0.007031
-0.025465
-0.014743
0.003382
0.027279
0.057696
0.040460
0.020896
0.016002
0.041202
-0.027215
0.025137
-0.083465
0.048313
0.070808
0.083721
0.012320
-0.008824
0.073289
0.017033
0.030853
0.022562
0.026120
0.009247
0.010382
0.079120
0.096099
0.074640
-0.019926
-0.026712
-0.083365
-0.074834
-0.055899
0.028057
-0.043094
0.019129
-0.056570
-0.073120
-0.028073
-0.010401
0.033507
-0.026060
0.060432
0.068535
-0.022541
0.060756
0.024779
0.044757
0.145765
-0.018301
0.044757
0.013132
0.045411
0.059675
-0.021495
0.076255
0.023247
-0.113793
-0.032364
-0.087657
-0.047365
0.059344
0.013916
-0.004262
-0.033209
0.016243
0.029990
0.122622
0.081897
-0.028480
-0.047437
0.024151
-0.010211
-0.059452
0.050743
0.053633
0.054705
0.046260
0.006635
0.056327
-0.020551
0.044568
0.051792
0.054051
0.018364
0.032445
0.017796
-0.030663
-0.043085
-0.030545
0.011056
-0.049023
-0.008587
0.041145
-0.083775
0.030574
-0.028206
0.049436
0.052950
0.006174
0.046648
0.065998
-0.014853
0.015845
0.057907
0.127407
-0.005835
-0.036412
-0.030135
-0.088758
0.048567
-0.033413
-0.100974
0.002257
-0.048790
0.056361
0.023438
-0.093390
-0.022280
-0.057671
-0.037342
0.070350
-0.009981
-0.018343
0.050650
0.038516
0.026817
0.000313
-0.030260
-0.026617
-0.021528
0.015929
-0.037381
-0.045058
0.027304
0.008587
-0.012104
-0.003847
-0.013495
0.053344
0.030612
0.000389
-0.065967
0.062380
0.028992
-0.035536
0.074663
-0.039789
-0.115704
-0.113175
-0.104019
-0.071907
-0.083357
-0.006092
-0.015815
0.065851
0.051385
0.095761
0.039947
0.002714
0.030758
0.011552
-0.087729
-0.091523
-0.086959
-0.023269
-0.069539
-0.024967
0.035650
-0.001595
0.009530
0.011263
-0.043118
0.037734
-0.079666
-0.033448
0.004978
0.028854
0.010891
-0.052464
0.079704
0.041906
-0.030149
0.059953
0.031309
0.051757
-0.009722
0.003333
0.018264
-0.092595
-0.040754
0.009397
-0.041773
0.029847
-0.019825
0.107357
0.075701
-0.020841
-0.025956
-0.011192
0.004555
-0.032412
0.019885
0.037791
0.004802
0.031639
0.010196
0.088245
0.006332
0.004970
0.045568
0.032056
0.116697
0.033975
0.046014
0.100874
0.019308
0.074900
0.110278
0.040262
0.062663
-0.013503
0.001490
0.023613
0.017790
-0.077494
-0.109651
0.035220
-0.014509
-0.019800
-0.011701
0.058523
-0.058934
-0.014511
0.021304
-0.069101
-0.008721
-0.022752
-0.024494
0.040945
0.017242
-0.014173
-0.049856
-0.011363
-0.007419
0.053971
0.061228
0.019034
0.028342
-0.017479
0.001849
0.022678
0.010302
0.096167
0.033997
-0.037584
0.069205
0.022112
0.028473
0.038466
0.008817
0.026116
0.132939
0.027969
0.074162
0.020944
0.018298
-0.043146
-0.061072
0.033354
0.004890
0.053925
-0.010394
0.006370
0.062973
-0.001126
0.029999
0.035516
-0.052718
-0.022036
0.071354
0.081779
-0.002289
-0.005479
0.074008
-0.064126
-0.024498
0.070206
-0.015435
-0.038733
0.035756
0.037010
-0.014029
0.000131
0.032645
0.065996
0.082664
0.042733
0.165452
-0.004803
0.041943
0.020698
-0.105787
0.050645
-0.125911
-0.070111
-0.045750
-0.071107
0.075948
-0.004045
0.033589
0.037908
0.078734
-0.012682
-0.072947
0.024822
0.030963
0.025080
0.038621
-0.012601
-0.023894
-0.066647
0.015047
0.034871
-0.018057
0.013872
0.051488
-0.028096
-0.006432
-0.002593
0.042442
0.086861
0.027529
0.112862
0.028356
-0.003276
0.048376
0.017911
0.011846
-0.029251
-0.043988
0.010854
0.090874
0.003988
0.040568
0.032865
0.004661
0.074048
0.020534
0.080865
0.042854
-0.037696
0.029967
-0.001552
-0.051181
0.011671
0.001465
0.003700
-0.020240
-0.015625
0.017035
-0.039142
0.045744
0.053691
0.041894
-0.084551
0.005069
-0.055995
-0.052624
0.044540
-0.051732
-0.064593
0.024268
0.027578
-0.043186
0.011030
0.023769
0.008907
-0.028845
-0.033319
-0.088665
-0.037608
0.022058
0.026493
0.048461
0.026787
-0.004596
-0.059910
0.098309
0.025202
-0.096453
0.002953
0.054059
0.044588
-0.024269
-0.006071
-0.014502
0.002390
0.011947
-0.000455
0.052919
-0.022282
-0.124022
-0.025954
-0.027039
-0.076847
-0.039394
-0.062853
-0.073374
0.016604
-0.037219
-0.080691
-0.062291
-0.013342
0.033549
-0.025060
0.013613
0.043441
-0.013106
0.036413
0.059672
0.003345
0.041395
0.028718
-0.040687
0.083976
-0.069667
-0.014339
0.002384
-0.038313
0.024243
-0.027518
-0.028870
-0.009999
0.016563
-0.041823
-0.018328
-0.034814
-0.055420
0.016423
0.040814
0.009248
0.001109
0.032122
-0.175774
-0.076717
-0.075058
-0.070621
0.016314
-0.007764
-0.048282
-0.043153
-0.013957
0.037608
0.002401
-0.070017
-0.109701
-0.080425
-0.100084
-0.087988
-0.018137
0.013011
0.025314
0.019852
0.054437
-0.012653
-0.003024
-0.016078
-0.093151
-0.046411
-0.013391
0.040633
0.002266
-0.018498
-0.024549
-0.006439
-0.019721
-0.083796
0.020325
0.023220
-0.040923
-0.059764
0.007300
0.028656
0.034295
0.046666
-0.020996
0.010121
0.046614
0.057751
-0.005379
-0.010490
-0.022780
-0.100420
-0.024747
0.048832
0.018919
0.000610
-0.013150
-0.000464
0.078328
0.062508
0.048799
0.059900
0.012307
0.108252
0.097511
0.058684
0.040751
0.005293
-0.000849
0.042073
-0.003092
0.001324
0.023623
-0.008431
-0.001116
-0.016810
0.068931
-0.013350
-0.049499
0.070528
-0.102872
-0.102416
-0.093721
-0.042246
-0.032239
-0.011530
0.015107
-0.072780
-0.042622
0.002080
-0.062758
-0.000090
-0.054390
-0.002876
0.032050
-0.050776
-0.019316
-0.032113
-0.075557
0.070960
0.025315
-0.046262
0.019699
0.042763
0.030921
0.061198
0.047674
0.042597
0.093050
0.011170
-0.053443
0.059374
0.020612
-0.022265
0.036084
0.015281
0.022916
0.018114
-0.026874
0.005735
0.031383
-0.017538
-0.077667
-0.000952
-0.050897
-0.066099
0.005292
-0.079121
0.029644
0.006463
-0.022756
-0.036252
-0.069289
0.036429
0.016537
-0.083108
0.088644
0.055326
0.043375
0.139576
0.117361
0.048426
0.005271
-0.031624
-0.002900
0.065435
0.109461
0.045086
0.050404
-0.025371
0.021561
0.021396
0.012495
0.030485
-0.049593
-0.039909
0.011875
0.020167
-0.019157
0.064081
0.028004
-0.046751
0.018192
0.024800
-0.016062
0.010184
-0.030205
-0.024995
0.049524
-0.007883
0.019880
0.011386
0.033256
0.048394
-0.027552
-0.019315
-0.058424
0.036990
-0.013465
-0.122757
-0.102544
-0.062747
-0.027750
-0.070875
-0.131764
-0.020841
-0.000282
0.007591
0.089972
-0.016978
0.009859
-0.010392
-0.022184
-0.002591
-0.019235
-0.004991
-0.036065
-0.031305
-0.040663
-0.050972
-0.052010
0.018739
-0.059146
-0.046652
-0.024846
0.011669
0.098861
-0.018020
0.049135
0.016803
0.015436
0.019096
0.011829
0.054016
-0.014402
0.007526
-0.047747
-0.035665
-0.003703
0.032901
-0.057268
-0.071856
-0.025973
-0.038669
-0.035643
0.012159
0.047779
-0.014672
-0.040013
-0.116393
-0.035480
-0.056027
-0.017550
0.038710
0.015347
-0.095266
-0.047968
0.013732
-0.055873
-0.040383
0.089244
0.053806
-0.051463
0.002050
0.082691
0.069990
0.035757
-0.029378
-0.021577
-0.094665
-0.010713
0.018523
0.041765
0.051857
0.068481
-0.003797
0.050176
0.009142
-0.062557
0.084704
0.067102
0.009903
0.023608
-0.089660
0.025618
0.069914
-0.106457
0.067967
0.023355
-0.066218
0.048038
-0.066396
-0.027583
0.011143
0.025443
0.054957
-0.044594
-0.023680
0.024904
0.062352
0.100022
-0.018732
-0.047839
0.033702
-0.017400
0.058169
0.067720
0.015318
0.022474
0.092338
0.023020
0.072825
0.093328
0.013021
-0.013375
0.110323
0.114352
0.014144
-0.009898
0.044551
-0.036604
-0.013044
0.007626
-0.025428
0.039610
0.064602
0.084139
0.062531
0.040332
-0.044757
-0.005593
0.015394
-0.040718
-0.036393
0.037097
0.047277
0.009569
-0.058075
-0.022591
-0.028451
0.052877
-0.041396
-0.010223
-0.046278
-0.015749
0.077848
-0.011518
-0.088715
0.013797
0.028268
0.019725
0.031439
0.038557
-0.021404
0.096424
0.087221
-0.041853
-0.077636
0.043372
0.074026
-0.052851
-0.063436
-0.009834
0.062849
0.008550
0.011629
0.058608
-0.002951
-0.010596
-0.083843
0.003834
-0.005689
0.022114
0.029774
-0.037829
-0.043256
-0.022108
-0.001145
0.068266
0.002736
-0.018402
0.067749
-0.003690
-0.063890
-0.104964
-0.045462
-0.051395
-0.090982
-0.013869
-0.077654
-0.090311
0.022034
0.015597
0.034158
-0.021345
0.066430
0.050424
-0.050082
0.013036
0.016015
-0.089136
0.014181
-0.000509
0.019842
0.015665
-0.018348
0.041768
-0.003893
0.011791
-0.011035
-0.025324
0.033130
-0.041794
-0.005168
0.122603
0.050134
0.012020
0.069235
-0.087469
-0.036412
0.095133
-0.024566
0.021470
-0.035393
0.062568
0.065604
-0.009032
0.078524
-0.040899
0.063503
0.083568
0.093165
-0.006731
-0.007754
0.021912
-0.094318
0.025632
0.085420
-0.042407
0.093938
0.030381
-0.037788
0.044213
-0.050344
0.016428
-0.018326
-0.041292
0.049337
-0.009064
0.067976
0.110005
0.027329
0.006375
0.054041
-0.000317
0.025261
0.108887
0.009410
0.074063
0.092422
-0.011409
-0.015860
-0.020641
0.040769
0.028968
0.017526
0.018221
0.000160
0.077032
0.073108
0.077036
0.074196
0.064343
0.095264
0.008870
-0.006874
0.051415
0.071986
-0.047836
0.047328
0.032879
-0.005158
-0.023197
0.011399
0.081046
0.015242
0.037471
0.052081
0.032937
-0.032081
-0.029657
-0.067545
-0.070996
-0.015533
-0.033124
-0.043312
-0.019450
-0.064867
0.072962
0.061575
-0.052418
0.066492
0.039237
-0.031240
-0.065120
-0.051649
0.032409
-0.077036
-0.070899
-0.102099
-0.073008
-0.000075
0.003917
-0.039415
-0.013507
0.035053
-0.015953
-0.011257
0.005011
0.002081
-0.052287
-0.010756
0.000249
0.025222
0.088573
0.019695
-0.063128
0.000499
0.051883
0.005287
0.005655
0.029574
-0.029816
-0.002268
0.022925
0.050750
0.100087
0.091532
0.113876
0.045289
0.044262
0.045868
0.034509
0.062571
0.031348
0.003517
0.015804
0.046544
0.043539
-0.091574
-0.027174
-0.017426
0.012178
-0.012335
0.066167
0.016949
0.019946
-0.022617
-0.094770
-0.051493
-0.014738
-0.072887
0.038401
0.038194
0.006857
0.048801
0.012262
0.045441
-0.032089
-0.034921
-0.021105
0.018550
0.023211
-0.031758
0.023318
-0.048319
-0.067824
0.062134
0.017872
0.089748
0.091379
0.072702
-0.045904
0.066763
0.022783
-0.045201
0.058840
-0.074771
-0.028208
0.033821
0.028038
0.015029
0.008569
-0.013499
-0.056228
0.025163
0.031320
-0.002490
0.003142
-0.015003
0.033606
0.015192
-0.078039
0.118777
0.013717
0.013284
0.021656
0.026774
0.016163
-0.006329
0.044403
0.087369
0.080750
0.102428
0.092350
0.022711
0.061825
-0.000870
-0.013084
0.061988
-0.042168
-0.098060
-0.065027
0.036412
0.011917
-0.078020
-0.060356
0.008776
-0.027621
0.041523
0.001450
-0.070451
0.047639
0.058090
0.069034
0.035999
0.001255
0.057813
0.000876
0.013455
0.047344
-0.031941
-0.060321
-0.116610
-0.080205
0.029279
0.109045
0.000782
0.038949
0.027390
0.012378
0.040961
-0.074935
-0.007639
0.088069
0.009714
-0.078207
-0.002790
0.049864
-0.046294
-0.038108
0.051062
0.048944
-0.049411
0.110125
0.063977
0.097407
0.129463
-0.005261
-0.079001
-0.016370
-0.060853
-0.024821
-0.078198
-0.003542
-0.056652
-0.001368
0.032767
-0.030158
0.057534
-0.027671
-0.026833
0.034859
0.030961
-0.024560
-0.037218
0.007107
0.024544
-0.057882
-0.111769
-0.017008
0.044724
-0.041934
0.028906
0.016833
-0.053956
-0.023917
0.002420
0.022981
0.003173
0.064349
0.001128
0.025505
-0.016898
-0.036169
0.094955
-0.005273
-0.051983
0.019742
0.022316
0.030417
-0.075028
-0.035764
-0.025271
-0.004405
-0.011348
0.035963
0.028578
-0.028804
0.021786
0.020944
0.009037
0.058385
-0.054245
-0.033753
-0.002594
-0.051825
0.026921
0.038445
-0.047460
-0.023276
-0.055185
-0.005219
-0.020360
-0.119539
-0.044585
-0.017656
-0.031909
0.031078
-0.040395
0.018612
-0.104527
0.016983
-0.040618
-0.042330
0.045373
-0.034905
-0.057894
-0.082176
-0.035253
-0.049242
-0.067552
-0.123628
-0.068594
0.030229
-0.014858
-0.008789
-0.005196
0.022518
-0.055728
-0.078873
-0.042002
-0.073573
-0.015953
-0.075651
0.071910
-0.003251
-0.063220
0.051705
-0.026641
0.006061
-0.092112
0.052807
0.066928
0.016053
0.041938
0.035633
0.056428
-0.029031
-0.008399
-0.001544
-0.035752
-0.067497
0.003691
0.028744
-0.043214
0.025003
-0.041955
-0.028992
-0.028941
-0.039589
0.116627
0.070850
-0.055064
-0.012824
-0.034650
-0.070566
-0.005727
-0.035937
-0.045248
-0.021606
-0.041184
0.002971
-0.009764
-0.009598
-0.015907
-0.007786
-0.021921
0.052553
-0.035677
-0.012695
-0.019384
0.022494
0.083021
-0.003214
0.023382
-0.045818
0.006340
-0.013587
-0.049873
-0.013502
-0.107005
-0.058123
0.001236
0.003659
-0.035581
0.084630
0.076828
-0.012978
0.054332
-0.031225
-0.004738
-0.038925
-0.127202
-0.034722
-0.062675
0.075575
0.051040
0.079455
-0.007860
0.029352
0.077070
-0.018516
-0.034840
-0.006701
-0.033418
0.003249
-0.028227
-0.077689
0.048529
-0.020896
0.145768
-0.017838
0.081171
-0.007030
-0.000447
-0.050059
-0.068652
0.100032
0.008942
0.016150
-0.032578
-0.031660
-0.015476
0.008249
0.005481
-0.029927
0.055333
-0.056613
-0.040782
-0.051176
-0.018181
0.027767
0.016651
0.038454
0.101033
0.041051
-0.038716
0.020747
-0.053010
0.001525
-0.030480
-0.011594
-0.021271
-0.023790
0.041135
-0.030006
-0.051681
0.057731
-0.019753
-0.018415
0.003783
0.046099
-0.054471
-0.024023
-0.026078
-0.025814
0.034214
0.121977
0.061183
0.029305
0.013133
0.055651
0.067151
-0.017073
-0.036589
-0.060335
0.053710
0.025039
0.085382
0.064899
0.077171
0.065064
0.013917
0.032068
-0.047839
-0.019219
0.030153
-0.031519
0.019105
0.052473
-0.024135
0.023946
0.059041
0.045357
0.038683
0.093283
0.093253
0.033355
0.042770
0.056895
-0.023610
0.077384
0.032154
0.042808
0.054967
0.004153
0.050574
0.030122
0.041586
0.000231
-0.055951
-0.011197
0.054260
0.031815
-0.009197
-0.061817
0.030146
-0.007618
-0.067976
-0.085995
-0.033852
0.058911
-0.008881
0.041662
-0.062882
-0.018937
0.029933
0.035375
0.019382
0.020433
0.128185
0.072860
-0.003734
0.004020
0.007368
0.028735
-0.008700
0.042641
0.016575
0.020967
-0.004278
-0.072476
-0.063259
0.034180
0.094402
-0.007771
-0.046676
0.075140
-0.033275
-0.024921
0.115556
0.069061
-0.083779
-0.072208
-0.111321
-0.005789
0.048184
-0.039787
0.041432
0.047055
-0.056986
0.017286
-0.053542
0.057063
-0.050777
-0.004488
0.059107
-0.031102
0.004671
-0.031061
0.019721
-0.045180
0.001067
0.009815
-0.019746
0.028654
-0.048737
-0.110752
-0.074882
-0.012292
-0.069336
-0.081610
-0.024241
0.036089
0.039983
-0.054156
-0.050060
-0.032643
0.011033
-0.024739
-0.033630
0.073226
0.018469
-0.001581
0.026817
-0.008547
0.029686
0.038476
-0.036261
0.003316
-0.019061
-0.032605
0.005835
-0.045027
0.042354
0.110921
0.068149
0.027048
0.033465
0.048733
0.049659
-0.010620
-0.064994
0.026241
0.018369
-0.048080
0.009592
0.000105
0.000406
0.007599
-0.024343
-0.070115
-0.038625
-0.043655
-0.003981
0.034709
0.031031
0.038423
-0.056722
0.019055
0.024676
-0.062067
0.017444
-0.083567
-0.115606
-0.049476
-0.026196
0.003782
0.000847
0.019708
-0.023554
-0.055209
-0.016500
-0.008210
-0.022550
-0.007281
0.005978
0.016925
0.003311
0.006306
0.006364
-0.048432
0.008093
-0.062314
-0.013503
-0.001079
0.068441
0.061769
0.009012
0.129160
-0.027439
-0.044251
0.080413
-0.005386
-0.016025
0.034253
0.045734
-0.007980
0.017098
0.065647
0.024143
-0.067896
-0.012937
0.030143
-0.036060
0.028469
0.066137
0.044676
0.035476
-0.028774
0.018847
-0.052209
-0.000684
-0.058322
-0.051372
0.028497
-0.093882
-0.032034
0.030991
0.004883
-0.044710
0.021464
-0.024120
-0.065480
-0.015493
0.056280
0.010041
-0.000006
-0.041050
-0.028971
-0.012880
0.036582
-0.034115
0.004880
-0.015930
-0.011337
-0.010294
-0.035412
-0.028941
0.016775
0.015041
-0.024055
-0.045631
-0.009411
0.070835
0.075433
0.053390
-0.046794
0.005342
0.014150
0.023461
0.015840
0.103755
-0.001040
-0.034545
0.113219
0.057863
-0.077186
0.105264
0.006465
-0.032799
-0.007509
-0.067982
-0.067582
-0.001476
0.019191
-0.026724
-0.025310
0.062973
0.156603
-0.007154
0.051258
0.015381
0.009576
0.065705
0.031854
-0.008270
-0.026013
0.010787
-0.134418
-0.014218
-0.017883
-0.085564
-0.022155
-0.058862
-0.008922
-0.116197
-0.051783
-0.064295
-0.101197
-0.002458
0.016805
0.072018
0.014383
0.007844
0.078415
0.012311
-0.060598
-0.041199
0.012556
-0.071753
0.007990
0.015947
0.029994
0.066747
-0.011523
0.067942
-0.028330
-0.064519
0.027822
-0.012764
-0.007002
-0.013272
-0.018382
-0.021579
-0.028928
0.025506
0.017761
-0.011862
-0.023040
-0.018886
-0.027593
0.018316
0.042390
0.015412
0.030779
0.103293
-0.000851
-0.032102
-0.041630
-0.071959
-0.051766
-0.057331
0.027440
0.002796
-0.012957
0.111680
0.108367
0.019551
-0.042157
0.073926
-0.038127
-0.069785
0.073909
0.071103
-0.008103
-0.007566
0.034193
0.028165
-0.022943
-0.012587
-0.000051
0.049256
-0.008833
0.057035
0.012229
-0.035240
0.101445
0.039414
0.038584
-0.016705
-0.041769
0.082171
0.026627
0.040526
-0.044984
0.022258
-0.032781
0.014965
-0.045175
-0.058952
0.026376
0.013379
-0.018953
0.055239
0.033733
-0.018449
0.038303
0.007584
-0.034856
0.032749
0.047313
0.035775
-0.013514
0.031091
0.005903
0.003799
0.006580
0.009984
-0.093528
-0.064047
0.021035
-0.005880
-0.067376
0.102360
0.001585
0.034942
0.032532
0.018443
-0.000661
0.066548
0.013903
-0.043802
-0.047508
-0.001597
0.021859
-0.025957
0.003175
-0.093196
-0.020294
0.036671
-0.052849
-0.020582
0.007120
-0.005260
0.057696
0.025487
-0.027884
-0.070564
-0.061657
-0.023829
-0.082822
-0.087173
0.039444
0.010991
0.022685
0.116579
0.023489
0.067550
0.064378
-0.048320
0.041086
0.001884
-0.077910
-0.001233
-0.005920
-0.029815
-0.013910
-0.032036
-0.045546
-0.053129
-0.025386
-0.029824
0.016589
0.027279
0.027347
-0.005334
0.041825
0.017879
0.063151
-0.000298
-0.062058
-0.071074
-0.025891
-0.023581
-0.009610
-0.005110
0.018588
0.029423
0.094385
0.065841
0.010262
0.095394
-0.062520
-0.036212
-0.021017
-0.085092
-0.062228
-0.040016
-0.057504
-0.088587
-0.029770
-0.042804
-0.027809
-0.061501
-0.110891
0.045002
0.074513
-0.013885
-0.012665
-0.099183
-0.058101
0.038040
-0.048032
-0.079329
0.035832
0.010800
0.011904
0.003486
-0.010849
0.079513
0.040606
0.002324
-0.012165
0.018101
-0.029552
0.002430
-0.005816
0.024432
0.041037
0.098122
0.030366
0.059909
0.007507
-0.024872
0.030675
-0.030125
-0.009181
-0.043939
-0.001735
0.028099
-0.017166
0.037676
-0.101519
-0.095172
-0.057680
-0.034244
0.018102
0.006436
-0.000356
-0.032004
0.005352
0.051836
-0.052311
-0.043349
0.011614
0.026276
-0.015625
0.000687
0.100144
0.063504
0.077588
0.092884
-0.000960
-0.010954
-0.059710
0.074978
0.055128
0.001025
0.059382
0.022691
0.004785
-0.085032
-0.029239
0.051088
0.000063
-0.055222
0.022739
-0.030982
-0.016447
-0.052590
-0.067334
0.002319
-0.025532
0.010013
-0.018728
-0.013761
0.005316
-0.048260
0.007208
0.018753
0.083100
0.091109
0.004027
-0.074833
-0.106019
0.026682
-0.024213
0.084729
0.021435
-0.068234
0.021380
0.068639
-0.087974
-0.014012
-0.052238
-0.042217
0.077398
-0.061006
0.048591
0.009393
-0.023744
0.011894
0.015757
0.077569
0.005149
-0.005580
-0.001265
-0.008020
0.056614
0.005720
0.022272
0.081636
0.020091
-0.022532
0.019983
0.057075
0.011086
0.092917
0.109882
0.019003
0.028657
0.024091
0.031662
0.033613
0.079883
0.020848
0.031514
-0.032570
-0.022580
-0.043527
-0.043706
0.015135
-0.040752
-0.064508
-0.058837
-0.056592
-0.017115
0.017176
-0.023097
0.021017
-0.011396
0.018144
-0.001551
-0.073603
0.045060
-0.019399
-0.087727
0.031867
0.014116
0.017729
-0.074497
-0.075837
0.009269
-0.041701
-0.062212
0.000785
-0.039735
-0.013479
-0.044521
0.018714
0.069498
-0.029001
0.092968
-0.017947
0.121265
0.069543
0.074568
0.121747
0.036228
0.045943
0.043897
-0.038269
-0.030196
-0.028445
-0.017662
0.008724
-0.007317
0.075805
0.012796
0.093959
0.140056
0.027520
-0.040363
0.028755
0.026053
-0.010845
0.000466
0.091271
-0.026774
-0.027207
0.013221
-0.011742
-0.115576
0.018011
0.071960
0.013503
0.099907
0.032859
0.023697
0.103611
0.032099
0.060806
0.068129
0.034697
0.033781
-0.014540
0.013042
0.055500
0.032005
0.003859
0.055296
-0.047044
-0.036314
-0.001146
0.001592
-0.024727
-0.022958
0.014499
-0.075279
-0.020523
-0.096684
-0.052876
-0.024658
0.038202
0.014633
0.015993
0.017257
0.016353
0.068284
0.052825
0.028110
0.018202
0.086175
0.085398
-0.005598
0.067345
0.011865
-0.027317
0.009067
-0.043311
0.006457
0.007701
0.045602
0.069299
-0.022635
-0.031177
0.022498
-0.055119
-0.035582
-0.031349
-0.039467
-0.005742
-0.018631
-0.006630
-0.024952
-0.012116
-0.012669
-0.005219
0.006555
0.045521
0.003476
0.008967
0.061682
0.043887
0.034886
0.072879
0.072778
-0.001787
-0.036263
0.018571
-0.033271
0.012825
0.054807
0.047883
0.049213
0.039941
0.006103
-0.031816
0.010728
-0.014012
-0.012444
0.040867
0.005682
0.004646
-0.021410
0.047022
0.106818
-0.093889
-0.015779
0.064455
-0.008671
0.111328
0.065383
0.050525
0.070611
0.111496
0.046578
-0.057330
-0.037977
-0.057907
0.015210
0.094487
0.068063
0.040903
-0.001976
0.039605
0.057620
0.098117
-0.020195
-0.014392
-0.022938
-0.036209
0.003853
-0.002576
0.055136
0.030507
-0.033518
0.027314
0.006268
0.054160
0.124973
0.008662
0.017214
0.053292
0.014918
-0.043277
-0.007470
0.018269
-0.045883
0.010619
-0.020631
0.027385
-0.045362
-0.029899
0.052792
0.069126
0.010145
0.062684
0.005536
-0.009379
-0.069152
0.034007
0.102069
0.074919
0.135874
0.054133
-0.009623
-0.012306
0.015985
0.045838
-0.076402
-0.029924
-0.076011
-0.071343
0.063417
-0.026546
0.025927
0.029616
0.085037
0.038982
-0.031571
0.050412
