0	36.323875
50	2.214921
100	0.432301
150	0.443415
200	0.182297
250	0.052228
300	0.319182
350	0.258750
400	0.360500
450	0.070405
500	0.304757
550	0.201610
600	0.167569
650	0.061360
700	0.078870
750	0.066038
800	-0.043887
850	-0.018415
900	0.113192
950	0.081155
1000	0.000429
1050	0.117646
1100	-0.011697
1150	0.093455
1200	-0.037517
1250	-0.051137
1300	0.065059
1350	-0.125171
1400	0.098858
1450	0.109134
1500	0.033957
1550	0.142528
1600	0.046319
1650	-0.009192
1700	-0.140487
1750	-0.048861
1800	0.198884
1850	-0.033781
1900	0.006539
1950	0.088268
2000	0.090511
2050	-0.000292
2100	0.003689
2150	0.081785
2200	0.129994
2250	0.068131
2300	0.000342
2350	0.235737
2400	-0.001487
2450	-0.002185
2500	0.030428
2550	-0.048668
2600	-0.053772
2650	0.005567
2700	0.020996
2750	-0.016210
2800	-0.073976
2850	-0.052740
2900	0.016159
2950	0.144126
3000	-0.081722
3050	-0.177794
3100	-0.000791
3150	0.108900
3200	-0.125663
3250	0.118638
3300	0.023274
3350	-0.047397
3400	-0.020320
3450	-0.133536
3500	0.039085
3550	0.026636
3600	-0.041120
3650	-0.023090
3700	-0.050092
3750	0.288257
3800	0.117835
3850	0.191541
3900	0.040182
3950	0.045978
4000	-0.085112
4050	-0.106776
4100	0.018005
4150	0.150693
4200	0.090601
4250	-0.081878
4300	-0.053450
4350	-0.079969
4400	0.014993
4450	0.114444
4500	-0.036277
4550	0.046174
4600	-0.053170
4650	0.034099
4700	-0.148314
4750	0.059466
4800	0.072992
4850	-0.063399
4900	-0.072933
4950	-0.019472
5000	0.156024
5050	0.023940
5100	0.074879
5150	0.014144
5200	0.027697
5250	-0.055686
5300	-0.025094
5350	-0.101637
5400	-0.070028
5450	0.009428
5500	-0.132895
5550	0.032974
5600	0.066504
5650	-0.057830
5700	0.073634
5750	-0.074607
5800	-0.016609
5850	-0.124324
5900	0.039274
5950	0.011956
6000	-0.205395
6050	0.175158
6100	0.071083
6150	-0.139694
6200	-0.012894
6250	0.031721
6300	-0.032187
6350	0.013963
6400	0.110604
6450	0.202769
6500	0.007091
6550	0.006667
6600	0.021678
6650	0.023020
6700	0.028047
6750	-0.064700
6800	0.057971
6850	-0.141529
6900	-0.168838
6950	0.110254
7000	0.227013
7050	0.069729
7100	-0.004171
7150	-0.025027
7200	0.256506
7250	0.002149
7300	0.139899
7350	-0.020947
7400	-0.104625
7450	-0.054582
7500	-0.161964
7550	0.096096
7600	0.065766
7650	0.018467
7700	-0.019696
7750	-0.124921
7800	-0.098127
7850	0.038225
7900	0.102365
7950	-0.037083
8000	-0.201948
8050	-0.096740
8100	0.050440
8150	-0.179193
8200	-0.056710
8250	0.152929
8300	0.028850
8350	-0.147913
8400	0.240879
8450	-0.052162
8500	-0.032116
8550	0.019481
8600	0.040591
8650	0.000741
8700	0.009677
8750	-0.020741
8800	0.063193
8850	-0.007941
8900	-0.111054
8950	-0.084216
9000	-0.034882
9050	-0.069812
9100	0.022973
9150	0.098712
9200	0.017202
9250	-0.139468
9300	0.384776
9350	-0.082377
9400	-0.076510
9450	-0.046760
9500	-0.085230
9550	0.060800
9600	0.004586
9650	0.110738
9700	-0.081023
9750	-0.126698
9800	-0.142738
9850	-0.221794
9900	0.049986
9950	-0.214818
10000	-0.075597
10050	-0.006314
10100	-0.038349
10150	0.135760
10200	0.008009
10250	-0.068263
10300	-0.255719
10350	-0.031959
10400	0.233251
10450	-0.090338
10500	-0.022295
10550	-0.090455
10600	0.081293
10650	0.079637
10700	-0.073515
10750	-0.182879
10800	-0.051585
10850	0.107201
10900	0.105914
10950	0.054148
11000	0.039977
11050	0.192642
11100	0.136497
11150	0.176246
11200	0.022818
11250	-0.080828
11300	0.041151
11350	-0.142571
11400	-0.090420
11450	-0.028880
11500	0.136802
11550	-0.007786
11600	-0.282082
11650	-0.030008
11700	0.009838
11750	0.119530
11800	-0.019971
11850	-0.048346
11900	-0.051555
11950	0.127882
12000	-0.029056
12050	0.100212
12100	-0.058966
12150	0.008931
12200	0.072147
12250	0.050276
12300	-0.159436
12350	0.000704
12400	0.108641
12450	-0.010200
12500	-0.130323
12550	-0.022675
12600	0.040340
12650	-0.030557
12700	0.041646
12750	-0.022038
12800	0.234444
12850	0.029004
12900	-0.058307
12950	-0.036929
13000	0.189306
13050	0.134834
13100	-0.030174
13150	0.097146
13200	-0.015753
13250	0.079656
13300	-0.027287
13350	0.078704
13400	0.203912
13450	0.198209
13500	0.111165
13550	-0.008717
13600	-0.008877
13650	0.019693
13700	-0.061199
13750	-0.031259
13800	-0.090541
13850	0.035641
13900	-0.018698
13950	-0.184859
14000	-0.060951
14050	-0.091867
14100	-0.125918
14150	-0.022276
14200	-0.079018
14250	-0.076460
14300	0.035961
14350	-0.154504
14400	0.030241
14450	0.056036
14500	-0.034221
14550	-0.036919
14600	-0.103130
14650	-0.375712
14700	0.038985
14750	-0.090372
14800	-0.006573
14850	0.123738
14900	-0.083252
14950	0.073030
15000	0.031475
15050	0.056295
15100	0.052464
15150	0.027423
15200	-0.020234
15250	0.196846
15300	-0.131909
15350	0.052579
15400	0.270747
15450	-0.068079
15500	-0.189641
15550	-0.155724
15600	0.023523
15650	-0.194273
15700	-0.033039
15750	0.063143
15800	-0.145340
15850	0.066453
15900	0.101444
15950	0.117159
16000	-0.067464
16050	-0.082081
16100	0.072184
16150	0.022985
16200	-0.084414
16250	0.045662
16300	-0.163064
16350	0.110858
16400	-0.051397
16450	0.026670
16500	0.034701
16550	0.107917
16600	-0.014475
16650	0.029224
16700	0.079555
16750	-0.176718
16800	0.022770
16850	0.163491
16900	0.008068
16950	-0.118795
17000	0.002689
17050	0.048755
17100	0.047306
17150	-0.168600
17200	0.115986
17250	-0.017847
17300	-0.180310
17350	0.027120
17400	0.033731
17450	0.075681
17500	0.159303
17550	0.177269
17600	-0.068839
17650	0.017464
17700	0.171420
17750	0.083895
17800	0.126979
17850	-0.032169
17900	-0.260380
17950	-0.018692
18000	-0.058348
18050	-0.160133
18100	0.096170
18150	0.008738
18200	-0.059234
18250	0.026546
18300	0.084760
18350	0.020121
18400	0.080489
18450	0.008127
18500	0.058241
18550	-0.013894
18600	0.190387
18650	0.090297
18700	0.029894
18750	-0.106873
18800	-0.006299
18850	-0.008290
18900	-0.056848
18950	0.011317
19000	-0.019552
19050	0.079006
19100	0.040589
19150	0.007695
19200	0.049652
19250	0.062829
19300	0.042595
19350	0.096557
19400	0.028929
19450	-0.046205
19500	-0.039570
19550	0.101111
19600	0.236358
19650	-0.041494
19700	0.171520
19750	0.013990
19800	0.033711
19850	0.182362
19900	0.091673
19950	0.064315
20000	0.122327
20050	0.012934
20100	-0.015388
20150	-0.223045
20200	-0.004311
20250	-0.080034
20300	0.026971
20350	0.183808
20400	0.075523
20450	0.103133
20500	0.091215
20550	0.005512
20600	0.121485
20650	-0.016145
20700	-0.078936
20750	0.162017
20800	-0.063548
20850	-0.088438
20900	0.126316
20950	0.117458
21000	-0.038755
21050	-0.013694
21100	-0.114134
21150	-0.056124
21200	-0.109118
21250	0.277866
21300	0.286457
21350	0.140651
21400	-0.143762
21450	-0.012023
21500	-0.256570
21550	-0.021467
21600	-0.004273
21650	0.107779
21700	0.018575
21750	0.095077
21800	-0.190655
21850	0.077486
21900	-0.066102
21950	-0.027088
22000	-0.023997
22050	-0.087894
22100	0.014299
22150	0.098562
22200	0.025001
22250	-0.012166
22300	-0.062034
22350	0.077587
22400	-0.043309
22450	-0.126774
22500	-0.083457
22550	-0.117523
22600	-0.165300
22650	-0.078793
22700	-0.070724
22750	-0.054285
22800	-0.162965
22850	0.006739
22900	-0.016339
22950	0.011926
23000	0.019506
23050	-0.085832
23100	-0.059030
23150	-0.088897
23200	-0.012666
23250	-0.108449
23300	0.241589
23350	0.027583
23400	-0.044447
23450	-0.065054
23500	0.010660
23550	0.106916
23600	0.118958
23650	0.086749
23700	0.051103
23750	0.142745
23800	-0.004118
23850	-0.018646
23900	-0.104231
23950	0.007987
24000	0.064958
24050	-0.035411
24100	0.170882
24150	0.121986
24200	0.201658
24250	0.055291
24300	0.009715
24350	-0.132283
24400	0.025019
24450	-0.016002
24500	-0.040425
24550	0.192025
24600	0.260338
24650	0.130594
24700	0.016324
24750	-0.069499
24800	0.009799
24850	0.149608
24900	0.012306
24950	-0.037238
25000	0.043613
25050	0.041051
25100	-0.074787
25150	0.047094
25200	0.048037
25250	0.071922
25300	0.116477
25350	-0.203250
25400	0.007827
25450	-0.139322
25500	-0.134366
25550	0.132256
25600	0.115939
25650	0.192860
25700	0.008065
25750	0.125534
25800	0.052438
25850	-0.061831
25900	0.158568
25950	-0.029093
26000	-0.168623
26050	-0.078013
26100	0.078741
26150	-0.128253
26200	0.204056
26250	-0.013857
26300	-0.109038
26350	-0.012767
26400	-0.060351
26450	-0.101898
26500	0.018710
26550	0.055521
26600	0.016085
26650	0.023062
26700	0.175430
26750	-0.120193
26800	-0.215662
26850	0.059129
26900	0.022013
26950	-0.033505
27000	0.096832
27050	0.180747
27100	0.082039
27150	-0.082211
27200	-0.087544
27250	-0.094952
27300	0.142445
27350	0.098059
27400	0.023418
27450	0.002080
27500	0.066889
27550	-0.047033
27600	0.061988
27650	-0.006939
27700	-0.230836
27750	0.055695
27800	0.041912
27850	-0.121718
27900	-0.033410
27950	-0.083968
28000	-0.128633
28050	0.030523
28100	-0.060382
28150	-0.086147
28200	-0.023351
28250	-0.073668
28300	0.104736
28350	-0.057424
28400	-0.316915
28450	-0.077517
28500	-0.026428
28550	0.044025
28600	0.140197
28650	-0.160332
28700	-0.036641
28750	-0.098221
28800	0.025812
28850	0.040815
28900	0.107461
28950	-0.012534
29000	-0.178145
29050	-0.110063
29100	-0.072039
29150	0.080191
29200	0.108288
29250	-0.041341
29300	-0.111165
29350	-0.056162
29400	-0.169791
29450	0.059760
29500	0.149842
29550	-0.106359
29600	-0.095312
29650	0.019271
29700	-0.090013
29750	0.025802
29800	0.001129
29850	-0.107059
29900	-0.076423
29950	-0.004066
30000	0.208224
30050	0.065177
30100	0.010050
30150	-0.096018
30200	-0.036496
30250	0.148703
30300	-0.018629
30350	0.175640
30400	0.128080
30450	0.031811
30500	0.069131
30550	-0.002063
30600	-0.073669
30650	-0.063293
30700	-0.188947
30750	-0.041131
30800	-0.074381
30850	-0.212723
30900	0.123330
30950	0.252953
31000	0.018637
31050	-0.000734
31100	0.001416
31150	-0.050372
31200	-0.141611
31250	-0.103457
31300	0.130778
31350	0.126583
31400	0.062249
31450	0.042037
31500	-0.050865
31550	-0.111586
31600	-0.107221
31650	0.079454
31700	0.070593
31750	0.156271
31800	-0.005328
31850	0.109189
31900	0.037366
31950	-0.083084
32000	-0.280603
32050	-0.038829
32100	0.051139
32150	0.004933
32200	0.036068
32250	0.072764
32300	0.052086
32350	0.212565
32400	0.162546
32450	0.144929
32500	-0.115719
32550	-0.096888
32600	-0.004943
32650	0.007291
32700	0.102390
32750	0.097365
32800	-0.065481
32850	0.105278
32900	0.136980
32950	-0.108296
33000	-0.090281
33050	-0.042086
33100	0.093791
33150	0.025219
33200	0.172116
33250	-0.013672
33300	0.021348
33350	0.010110
33400	0.151022
33450	0.103098
33500	0.158556
33550	0.156678
33600	0.089876
33650	0.022816
33700	0.106014
33750	-0.046037
33800	0.243517
33850	0.058972
33900	0.084818
33950	-0.050939
34000	0.060778
34050	0.082191
34100	0.042760
34150	0.071223
34200	0.003527
34250	-0.089041
34300	-0.042983
34350	-0.069024
34400	-0.160565
34450	-0.119497
34500	0.019447
34550	0.055310
34600	0.088278
34650	0.149695
34700	-0.030178
34750	-0.034481
34800	0.029395
34850	0.218604
34900	0.040703
34950	0.129898
35000	0.084562
35050	0.224046
35100	-0.161587
35150	0.066604
35200	0.030981
35250	-0.084232
35300	0.186798
35350	-0.183562
35400	-0.153849
35450	-0.246869
35500	0.082180
35550	-0.072536
35600	0.132406
35650	-0.147085
35700	0.065058
35750	-0.028437
35800	0.086963
35850	0.119038
35900	-0.046621
35950	0.022141
36000	-0.047262
36050	0.157042
36100	0.027570
36150	0.067536
36200	-0.030011
36250	0.176143
36300	-0.157037
36350	-0.011494
36400	-0.018610
36450	0.044940
36500	0.123948
36550	-0.024252
36600	0.000018
36650	-0.184362
36700	-0.015632
36750	0.069743
36800	0.287402
36850	0.231100
36900	0.017438
36950	0.056663
37000	-0.106264
37050	-0.117792
37100	0.044650
37150	0.008277
37200	-0.135122
37250	0.046846
37300	0.265528
37350	0.119409
37400	-0.186670
37450	-0.016669
37500	0.045620
37550	-0.009256
37600	0.030788
37650	0.074058
37700	-0.081010
37750	0.008854
37800	-0.028750
37850	0.026987
37900	-0.134946
37950	-0.214018
38000	-0.216062
38050	-0.028061
38100	-0.094507
38150	0.064973
38200	-0.059700
38250	0.114147
38300	0.017606
38350	-0.022287
38400	0.021310
38450	-0.060333
38500	-0.139768
38550	-0.009969
38600	-0.099276
38650	-0.016599
38700	0.170951
38750	0.027389
38800	0.124957
38850	-0.005021
38900	0.020783
38950	0.068221
39000	-0.253174
39050	0.000032
39100	0.069444
39150	-0.085186
39200	0.095807
39250	0.075720
39300	0.163150
39350	-0.051259
39400	0.041404
39450	0.063358
39500	-0.064049
39550	0.125645
39600	0.010586
39650	-0.005886
39700	-0.026505
39750	0.005639
39800	0.077602
39850	0.201618
39900	-0.049162
39950	-0.119083
40000	-0.039528
40050	0.010665
40100	-0.035888
40150	0.117679
40200	0.106542
40250	0.190250
40300	-0.078429
40350	-0.100121
40400	-0.115459
40450	0.045675
40500	-0.065905
40550	0.005042
40600	0.042296
40650	0.033068
40700	0.069153
40750	-0.103588
40800	-0.163102
40850	-0.007031
40900	0.208394
40950	0.211965
41000	-0.003157
41050	0.066344
41100	-0.036988
41150	-0.035562
41200	0.002136
41250	-0.051501
41300	-0.016129
41350	-0.177018
41400	0.028232
41450	0.033240
41500	0.083419
41550	-0.081410
41600	0.083963
41650	0.016358
41700	-0.145120
41750	0.093691
41800	-0.059358
41850	-0.015122
41900	-0.129426
41950	0.110026
42000	-0.079926
42050	0.207693
42100	-0.031126
42150	-0.143621
42200	-0.234185
42250	0.190409
42300	0.359229
42350	0.086531
42400	0.102588
42450	-0.039853
42500	0.046128
42550	-0.024645
42600	-0.071755
42650	-0.269604
42700	0.090049
42750	0.272083
42800	0.041722
42850	-0.239410
42900	0.067153
42950	0.069434
43000	0.055967
43050	-0.038740
43100	0.318467
43150	-0.049335
43200	0.028536
43250	-0.033337
43300	-0.032841
43350	0.048126
43400	0.124943
43450	-0.095952
43500	-0.048959
43550	-0.173378
43600	-0.014873
43650	-0.086858
43700	0.052774
43750	0.045790
43800	-0.169676
43850	0.022481
43900	-0.105698
43950	-0.171068
44000	-0.120983
44050	0.082611
44100	0.012227
44150	0.009368
44200	-0.141974
44250	-0.012907
44300	-0.187370
44350	0.070823
44400	-0.120296
44450	0.025915
44500	-0.075804
44550	0.065742
44600	-0.029464
44650	-0.035246
44700	0.044064
44750	-0.119079
44800	0.069261
44850	0.012287
44900	-0.021390
44950	-0.052531
45000	-0.121120
45050	-0.142661
45100	-0.022067
45150	0.145337
45200	-0.126393
45250	0.067308
45300	-0.057924
45350	0.100249
45400	-0.082923
45450	0.070715
45500	-0.002663
45550	0.122832
45600	-0.040953
45650	0.042195
45700	0.068013
45750	-0.029679
45800	-0.297446
45850	-0.070077
45900	0.072435
45950	-0.166241
46000	-0.243175
46050	-0.222815
46100	0.018864
46150	-0.045689
46200	0.171135
46250	-0.141042
46300	0.000014
46350	-0.003978
46400	-0.077749
46450	-0.008300
46500	-0.070120
46550	-0.151272
46600	-0.140922
46650	0.061556
46700	0.119114
46750	-0.052551
46800	-0.190980
46850	-0.138584
46900	0.110686
46950	-0.131594
47000	0.056943
47050	-0.060833
47100	0.053120
47150	0.173726
47200	0.284017
47250	0.023928
47300	-0.001548
47350	0.012270
47400	-0.120350
47450	0.058995
47500	-0.110490
47550	-0.115559
47600	-0.049524
47650	-0.230094
47700	0.013151
47750	0.003158
47800	0.042645
47850	0.071756
47900	0.077601
47950	0.014050
48000	0.223603
48050	0.128749
48100	-0.065149
48150	-0.041452
48200	0.092577
48250	0.149777
48300	-0.045593
48350	0.061328
48400	0.072656
48450	-0.023382
48500	0.248232
48550	0.034252
48600	-0.112050
48650	-0.120872
48700	0.072266
48750	-0.003297
48800	-0.141796
48850	-0.034654
48900	-0.149717
48950	-0.056413
49000	-0.051972
49050	0.057786
49100	-0.006795
49150	-0.144240
49200	0.008531
49250	0.016921
49300	-0.076300
49350	-0.042087
49400	0.088995
49450	-0.199824
49500	0.163169
49550	-0.209382
49600	-0.103754
49650	0.057350
49700	0.106207
49750	-0.049905
49800	0.051858
49850	-0.038788
49900	0.080749
49950	0.054406
50000	0.054640
50050	0.016321
50100	-0.053783
50150	-0.039748
50200	-0.200109
50250	-0.124254
50300	0.006008
50350	-0.009497
50400	0.052161
50450	0.086512
50500	-0.024837
50550	0.088630
50600	-0.001200
50650	0.055209
50700	-0.132994
50750	0.030148
50800	-0.065013
50850	0.037649
50900	-0.016634
50950	0.080959
51000	-0.016028
51050	0.047818
51100	0.221339
51150	-0.059891
51200	0.005486
51250	-0.171715
51300	0.178318
51350	-0.082034
51400	0.066929
51450	0.062842
51500	0.083860
51550	0.038106
51600	0.037590
51650	-0.017671
51700	-0.117016
51750	-0.129825
51800	-0.046464
51850	0.068444
51900	0.058384
51950	0.015898
52000	-0.062338
52050	0.141245
52100	0.198500
52150	-0.022328
52200	0.078182
52250	0.225399
52300	0.097097
52350	-0.013484
52400	0.052365
52450	0.211353
52500	0.081507
52550	0.022271
52600	0.000846
52650	-0.013741
52700	0.022573
52750	-0.200696
52800	-0.086376
52850	0.023272
52900	0.003132
52950	-0.080137
53000	-0.023237
53050	0.053824
53100	-0.230208
53150	0.017530
53200	0.016970
53250	0.122479
53300	-0.043592
53350	-0.037608
53400	0.017771
53450	0.172135
53500	0.202510
53550	0.106394
53600	-0.192275
53650	0.042851
53700	-0.034805
53750	0.059115
53800	0.014364
53850	-0.015053
53900	0.073691
53950	0.172923
54000	0.007890
54050	0.121034
54100	-0.135216
54150	-0.211931
54200	-0.008158
54250	0.011962
54300	-0.030792
54350	0.143305
54400	-0.134098
54450	0.039423
54500	0.130782
54550	-0.066949
54600	-0.205138
54650	0.139244
54700	-0.071554
54750	0.044620
54800	0.089627
54850	-0.165690
54900	-0.159459
54950	-0.140065
55000	-0.052112
55050	0.144666
55100	0.183855
55150	-0.078339
55200	-0.062423
55250	0.064244
55300	0.037181
55350	0.096506
55400	0.049445
55450	-0.126443
55500	-0.208952
55550	-0.079751
55600	-0.087778
55650	0.170224
55700	0.133699
55750	0.068911
55800	-0.105650
55850	0.178290
55900	0.135498
55950	0.089185
56000	-0.154941
56050	-0.121677
56100	0.037272
56150	-0.058663
56200	0.087287
56250	0.030920
56300	0.073882
56350	0.029378
56400	0.048416
56450	0.122331
56500	0.047172
56550	0.162977
56600	0.066847
56650	-0.008649
56700	-0.185087
56750	0.176848
56800	0.024829
56850	0.301429
56900	0.142371
56950	0.119235
57000	-0.050109
57050	0.083967
57100	0.125031
57150	-0.120379
57200	0.018222
57250	0.103562
57300	0.105275
57350	-0.036228
57400	0.024377
57450	0.115702
57500	0.243313
57550	-0.158244
57600	0.156282
57650	0.003719
57700	0.039192
57750	-0.002373
57800	0.181080
57850	-0.071999
57900	0.111865
57950	0.132471
58000	-0.047325
58050	0.128962
58100	-0.036295
58150	0.096973
58200	-0.047801
58250	0.107265
58300	-0.104678
58350	0.014366
58400	0.079147
58450	0.210605
58500	-0.020458
58550	0.039873
58600	-0.047453
58650	0.187668
58700	0.034024
58750	-0.156882
58800	-0.123880
58850	-0.118691
58900	-0.015916
58950	0.140655
59000	0.041546
59050	0.129245
59100	-0.026361
59150	0.132544
59200	-0.048676
59250	0.009473
59300	0.076011
59350	0.034643
59400	-0.123343
59450	0.166754
59500	-0.079694
59550	0.300875
59600	0.042876
59650	0.060455
59700	0.108261
59750	-0.017763
59800	-0.133385
59850	0.192551
59900	0.242342
59950	-0.048074
60000	0.145521
60050	0.178903
60100	0.177958
60150	0.059306
60200	0.147481
60250	0.001743
60300	-0.006612
60350	-0.102016
60400	-0.122792
60450	-0.033326
60500	0.246996
60550	0.113977
60600	-0.042114
60650	0.056464
60700	-0.123321
60750	-0.047166
60800	0.036122
60850	-0.042451
60900	-0.106910
60950	-0.017169
61000	-0.009709
61050	0.021980
61100	-0.138872
61150	0.054398
61200	0.058398
61250	0.070987
61300	0.033849
61350	-0.009339
61400	-0.019630
61450	-0.047016
61500	-0.060215
61550	-0.111535
61600	0.117628
61650	-0.062235
61700	0.025635
61750	-0.144523
61800	-0.066240
61850	-0.119108
61900	0.042736
61950	0.201050
62000	-0.020990
62050	-0.038956
62100	0.068114
62150	0.124004
62200	0.086862
62250	0.045786
62300	0.134807
62350	0.127032
62400	0.029318
62450	0.040996
62500	-0.003710
62550	-0.126951
62600	0.111599
62650	0.162587
62700	-0.035805
62750	-0.046310
62800	-0.128976
62850	-0.033142
62900	0.072343
62950	-0.042851
63000	-0.022552
63050	-0.064009
63100	0.093712
63150	0.111304
63200	-0.043752
63250	0.047838
63300	-0.157891
63350	0.073893
63400	0.084687
63450	-0.113335
63500	-0.004945
63550	-0.039082
63600	-0.093699
63650	-0.102512
63700	0.085893
63750	0.136042
63800	0.016489
63850	0.051073
63900	-0.014627
63950	0.207777
64000	0.161686
64050	0.072103
64100	-0.034086
64150	-0.000214
64200	-0.093251
64250	0.038750
64300	0.071249
64350	0.199507
64400	0.149458
64450	0.182818
64500	0.085344
64550	-0.117403
64600	-0.124467
64650	0.130024
64700	0.166450
64750	0.116158
64800	-0.026141
64850	-0.156707
64900	0.063904
64950	0.092228
65000	0.051363
65050	0.082898
65100	0.125851
65150	0.315341
65200	0.152776
65250	0.063943
65300	0.077621
65350	-0.051212
65400	-0.034629
65450	0.161065
65500	0.205120
65550	0.024831
65600	0.128073
65650	0.273513
65700	-0.105217
65750	-0.056147
65800	-0.101849
65850	-0.013007
65900	-0.031927
65950	0.015221
66000	0.069944
66050	-0.119531
66100	0.176128
66150	0.115460
66200	0.079547
66250	0.290512
66300	0.054286
66350	0.009019
66400	0.017322
66450	-0.153045
66500	-0.013576
66550	0.164454
66600	-0.040002
66650	0.337715
66700	0.077810
66750	0.100567
66800	-0.137355
66850	-0.156381
66900	0.048779
66950	-0.132307
67000	0.174245
67050	0.226698
67100	-0.017258
67150	-0.191383
67200	-0.321127
67250	-0.086646
67300	-0.036975
67350	-0.148248
67400	0.090720
67450	-0.013066
67500	-0.006657
67550	0.027315
67600	0.008239
67650	0.036864
67700	0.193951
67750	0.029905
67800	0.045801
67850	-0.083179
67900	-0.118613
67950	-0.182337
68000	-0.089366
68050	-0.239249
68100	-0.140253
68150	0.021093
68200	-0.012597
68250	-0.100237
68300	0.011145
68350	-0.070326
68400	0.016471
68450	-0.015278
68500	0.031881
68550	-0.082131
68600	0.134831
68650	-0.205460
68700	-0.040014
68750	0.141658
68800	-0.018620
68850	-0.071906
68900	0.068071
68950	-0.107489
69000	-0.012718
69050	0.229490
69100	-0.080098
69150	-0.059357
69200	0.016279
69250	-0.006389
69300	0.005498
69350	0.117468
69400	0.125729
69450	0.044153
69500	0.048748
69550	0.021376
69600	0.144057
69650	-0.167116
69700	0.182160
69750	-0.097797
69800	0.008009
69850	0.057203
69900	0.061529
69950	-0.027701
70000	-0.032907
70050	0.119486
70100	0.201176
70150	0.087341
70200	-0.155230
70250	0.027988
70300	-0.010254
70350	-0.137176
70400	0.160037
70450	0.148392
70500	0.000747
70550	0.023179
70600	0.095758
70650	-0.123753
70700	0.066646
70750	0.007911
70800	-0.158084
70850	-0.156339
70900	-0.220309
70950	-0.004287
71000	0.031114
71050	-0.165361
71100	-0.058295
71150	0.019258
71200	0.018270
71250	-0.101345
71300	-0.110984
71350	0.140365
71400	-0.092248
71450	0.032167
71500	0.015688
71550	-0.019247
71600	-0.126209
71650	-0.070076
71700	-0.235167
71750	-0.146616
71800	-0.207707
71850	-0.104800
71900	-0.054049
71950	0.023916
72000	-0.057045
72050	0.232609
72100	-0.030071
72150	-0.040055
72200	0.116181
72250	-0.054645
72300	-0.045720
72350	0.061204
72400	-0.067627
72450	-0.089272
72500	-0.032171
72550	0.006195
72600	0.093285
72650	-0.086698
72700	0.087308
72750	0.016550
72800	-0.081870
72850	-0.035322
72900	-0.052939
72950	0.134052
73000	-0.093731
73050	-0.036716
73100	-0.087769
73150	-0.042655
73200	-0.093352
73250	-0.161945
73300	-0.068558
73350	-0.008265
73400	-0.064875
73450	-0.145425
73500	-0.099838
73550	-0.044670
73600	-0.120050
73650	0.108627
73700	0.031003
73750	0.008233
73800	-0.035206
73850	-0.039886
73900	-0.253789
73950	-0.110433
74000	-0.168020
74050	-0.036133
74100	0.062944
74150	0.066108
74200	0.069836
74250	0.159913
74300	-0.004854
74350	0.097969
74400	0.056965
74450	0.016274
74500	0.133148
74550	-0.142900
74600	-0.137451
74650	-0.126639
74700	0.035981
74750	0.017997
74800	0.139587
74850	0.070076
74900	-0.055213
74950	0.109520
75000	-0.047862
75050	0.015604
75100	0.036169
75150	-0.092799
75200	-0.071616
75250	-0.051169
75300	0.006406
75350	-0.081321
75400	-0.103537
75450	0.132242
75500	0.063951
75550	-0.274261
75600	-0.017382
75650	-0.054834
75700	-0.054688
75750	0.256576
75800	0.086129
75850	-0.107649
75900	0.030468
75950	-0.087600
76000	-0.201168
76050	-0.106073
76100	-0.170876
76150	0.118105
76200	-0.023649
76250	-0.051100
76300	0.028405
76350	0.061631
76400	0.075228
76450	0.009329
76500	-0.219999
76550	-0.014711
76600	-0.084357
76650	0.185755
76700	0.158539
76750	0.003491
76800	0.135604
76850	-0.151071
76900	0.082516
76950	-0.101196
77000	-0.097319
77050	0.163218
77100	0.207889
77150	-0.076320
77200	-0.031183
77250	-0.072590
77300	-0.124049
77350	-0.103025
77400	-0.228263
77450	-0.007364
77500	0.220254
77550	-0.161142
77600	-0.031105
77650	-0.095646
77700	-0.227307
77750	-0.007513
77800	0.060367
77850	-0.076671
77900	-0.170832
77950	-0.035465
78000	-0.000907
78050	-0.015501
78100	0.086638
78150	0.076081
78200	-0.017871
78250	-0.074006
78300	-0.096555
78350	-0.119472
78400	0.014223
78450	0.007541
78500	0.069376
78550	0.074718
78600	-0.019905
78650	-0.062889
78700	-0.009342
78750	0.154018
78800	-0.028481
78850	-0.005131
78900	-0.106760
78950	-0.041301
79000	0.052532
79050	0.139566
79100	-0.070918
79150	-0.240780
79200	-0.031781
79250	-0.054245
79300	-0.062207
79350	-0.044521
79400	0.127396
79450	0.046507
79500	-0.182303
79550	-0.015659
79600	0.030046
79650	-0.108790
79700	-0.043647
79750	-0.003757
79800	-0.044984
79850	0.028954
79900	0.099299
79950	-0.044949
80000	-0.127274
80050	0.017786
80100	-0.194655
80150	-0.139156
80200	0.176520
80250	-0.069991
80300	-0.032464
80350	-0.104779
80400	-0.040834
80450	0.032999
80500	0.068434
80550	0.066390
80600	0.045781
80650	-0.088573
80700	-0.038836
80750	0.079467
80800	0.112910
80850	-0.009727
80900	0.036589
80950	0.017670
81000	0.122837
81050	-0.016547
81100	-0.023996
81150	0.027106
81200	-0.157993
81250	-0.052325
81300	-0.170975
81350	0.105402
81400	0.080947
81450	-0.103734
81500	0.045233
81550	-0.170687
81600	0.004017
81650	0.144678
81700	-0.126414
81750	-0.055147
81800	0.026473
81850	-0.014413
81900	0.085128
81950	0.019359
82000	0.131257
82050	0.201055
82100	0.167114
82150	0.103226
82200	0.148148
82250	0.144131
82300	0.021791
82350	0.014929
82400	-0.065958
82450	0.055213
82500	0.078394
82550	-0.126840
82600	0.072107
82650	0.275535
82700	-0.045546
82750	-0.182180
82800	-0.045554
82850	-0.041490
82900	0.139396
82950	0.319303
83000	0.166504
83050	-0.064924
83100	0.244557
83150	0.194135
83200	0.225260
83250	0.180637
83300	-0.078474
83350	-0.226403
83400	0.173368
83450	0.078681
83500	0.083650
83550	0.045401
83600	0.092705
83650	0.058652
83700	0.013806
83750	0.000829
83800	0.008522
83850	-0.053638
83900	-0.034997
83950	-0.191388
84000	0.079204
84050	-0.007595
84100	-0.123558
84150	0.016439
84200	-0.034770
84250	0.041266
84300	0.011913
84350	-0.119491
84400	0.159638
84450	-0.036610
84500	0.197822
84550	0.119831
84600	0.131367
84650	-0.030093
84700	0.059635
84750	0.045040
84800	-0.081966
84850	-0.097214
84900	0.069350
84950	0.027869
85000	0.069165
85050	-0.086618
85100	0.014676
85150	0.095312
85200	0.039888
85250	0.039365
85300	0.055157
85350	0.153876
85400	-0.110699
85450	-0.167490
85500	0.099177
85550	-0.009628
85600	0.215828
85650	-0.084362
85700	0.017000
85750	0.022406
85800	0.058433
85850	0.077759
85900	0.036439
85950	0.074618
86000	0.083217
86050	-0.025122
86100	0.231073
86150	-0.018365
86200	0.011080
86250	-0.042522
86300	-0.018940
86350	-0.218416
86400	-0.170512
86450	0.087764
86500	0.069168
86550	-0.080999
86600	-0.011570
86650	-0.156982
86700	-0.032303
86750	-0.025628
86800	0.167322
86850	-0.071443
86900	0.051672
86950	0.104216
87000	-0.059758
87050	-0.091755
87100	-0.076057
87150	-0.001089
87200	-0.199894
87250	-0.017059
87300	0.030242
87350	0.222417
87400	0.021281
87450	0.130470
87500	-0.038910
87550	0.094424
87600	0.064236
87650	0.123207
87700	0.166849
87750	-0.119839
87800	-0.001216
87850	0.124710
87900	0.079125
87950	-0.078451
88000	0.025053
88050	-0.008615
88100	0.119669
88150	0.128166
88200	0.017138
88250	-0.114291
88300	0.153260
88350	0.037121
88400	0.030628
88450	0.033070
88500	-0.124617
88550	-0.024895
88600	0.022069
88650	0.095100
88700	0.115260
88750	-0.148904
88800	-0.015026
88850	0.138474
88900	0.032218
88950	0.094549
89000	0.032002
89050	-0.145311
89100	-0.018007
89150	-0.118905
89200	-0.189773
89250	-0.283690
89300	0.022516
89350	-0.085601
89400	-0.179513
89450	0.238581
89500	-0.136996
89550	-0.165688
89600	0.080660
89650	-0.020352
89700	-0.138616
89750	0.020491
89800	0.125359
89850	-0.154984
89900	0.080943
89950	-0.054605
90000	0.003178
90050	-0.096083
90100	-0.080960
90150	-0.060913
90200	-0.004563
90250	-0.060302
90300	-0.079724
90350	0.045645
90400	-0.208152
90450	0.062871
90500	0.001481
90550	0.016670
90600	-0.096170
90650	0.038887
90700	0.230587
90750	-0.147734
90800	0.097766
90850	0.009623
90900	0.005086
90950	-0.013993
91000	0.145803
91050	-0.070401
91100	0.036798
91150	-0.048008
91200	-0.043045
91250	-0.195281
91300	-0.064728
91350	0.037783
91400	0.135071
91450	0.051171
91500	0.091007
91550	-0.160728
91600	-0.014968
91650	0.017323
91700	0.012279
91750	0.156128
91800	0.063702
91850	0.234474
91900	0.061035
91950	0.001399
92000	-0.030713
92050	-0.044806
92100	0.022338
92150	-0.014339
92200	-0.073217
92250	0.165305
92300	0.120129
92350	0.067657
92400	-0.136441
92450	-0.036331
92500	-0.115285
92550	0.048693
92600	-0.074558
92650	-0.054072
92700	-0.116005
92750	-0.119215
92800	0.035432
92850	0.071590
92900	-0.020217
92950	0.031407
93000	0.198908
93050	-0.097219
93100	-0.020806
93150	0.068550
93200	-0.007828
93250	0.030989
93300	0.223767
93350	-0.092147
93400	0.050347
93450	0.144385
93500	0.005421
93550	-0.032369
93600	0.232545
93650	-0.062078
93700	0.102971
93750	-0.106206
93800	-0.115559
93850	0.022090
93900	-0.053886
93950	-0.113759
94000	0.067774
94050	-0.050380
94100	0.016643
94150	-0.051359
94200	-0.081439
94250	-0.043592
94300	0.057196
94350	-0.061973
94400	0.175244
94450	0.009536
94500	-0.105533
94550	0.004077
94600	-0.113742
94650	-0.010262
94700	-0.005477
94750	-0.014601
94800	0.052551
94850	0.146687
94900	0.127174
94950	-0.038195
95000	0.136311
95050	-0.008785
95100	0.276045
95150	0.014451
95200	0.130305
95250	-0.028983
95300	0.232772
95350	0.000865
95400	-0.067079
95450	-0.105851
95500	0.027657
95550	0.208572
95600	0.163070
95650	0.077970
95700	0.137878
95750	0.021777
95800	-0.037870
95850	-0.002730
95900	0.006262
95950	-0.111127
96000	0.014930
96050	0.203676
96100	-0.050485
96150	0.039147
96200	0.035118
96250	0.139916
96300	-0.091119
96350	0.028373
96400	-0.051576
96450	0.205107
96500	0.086911
96550	0.118499
96600	0.056458
96650	-0.017010
96700	0.247974
96750	0.232105
96800	0.142636
96850	-0.164701
96900	-0.047397
96950	0.001420
97000	0.207583
97050	-0.099243
97100	0.081437
97150	0.312428
97200	0.063011
97250	-0.082427
97300	0.040056
97350	-0.024673
97400	-0.071010
97450	0.148916
97500	0.107819
97550	0.132010
97600	-0.141314
97650	-0.040809
97700	-0.045142
97750	-0.086444
97800	-0.060905
97850	-0.050068
97900	-0.072458
97950	0.023975
98000	0.082113
98050	-0.043556
98100	-0.140063
98150	-0.174097
98200	-0.145350
98250	-0.179530
98300	-0.140900
98350	0.037088
98400	0.057779
98450	0.023583
98500	-0.050586
98550	-0.054494
98600	-0.054807
98650	-0.140411
98700	-0.049996
98750	-0.038803
98800	0.126758
98850	0.198437
98900	0.209783
98950	0.187331
99000	-0.020096
99050	-0.010318
99100	0.347236
99150	0.108301
99200	0.027322
99250	0.034015
99300	0.191499
99350	0.053850
99400	0.237957
99450	0.196440
99500	0.124091
99550	0.212722
99600	-0.010553
99650	0.095242
99700	-0.108599
99750	0.045953
99800	-0.035785
99850	-0.037139
99900	0.121099
99950	0.041955
100000	-0.003419
100050	-0.172022
100100	-0.048422
100150	0.027852
100200	0.019156
100250	-0.261337
100300	-0.026974
100350	-0.007876
100400	-0.016444
100450	0.000266
100500	0.301515
100550	-0.008020
100600	-0.069522
100650	-0.219053
100700	0.047781
100750	-0.130810
100800	0.060363
100850	-0.131415
100900	-0.141375
100950	-0.022525
101000	-0.034944
101050	-0.031215
101100	-0.048156
101150	-0.300251
101200	-0.192953
101250	-0.004163
101300	-0.075609
101350	0.028277
101400	0.029001
101450	0.107150
101500	-0.043848
101550	-0.095054
101600	0.009353
101650	-0.091341
101700	-0.101904
101750	-0.131954
101800	0.069784
101850	-0.028344
101900	0.065688
101950	-0.133726
102000	0.158769
102050	0.105656
102100	-0.062881
102150	0.040393
102200	-0.294121
102250	-0.055288
102300	0.022311
102350	-0.081873
102400	0.077701
102450	0.125721
102500	-0.088471
102550	-0.032280
102600	-0.029267
102650	0.085169
102700	0.341530
102750	-0.019944
102800	-0.024356
102850	-0.104193
102900	-0.182781
102950	-0.016667
103000	-0.136904
103050	-0.047744
103100	0.024933
103150	0.012323
103200	0.006239
103250	0.058557
103300	-0.044996
103350	-0.028034
103400	0.065999
103450	0.061958
103500	0.038266
103550	0.045685
103600	0.232747
103650	0.089849
103700	-0.094611
103750	-0.216771
103800	-0.127248
103850	0.060283
103900	0.088103
103950	-0.178408
104000	0.196013
104050	-0.084695
104100	-0.003635
104150	0.002533
104200	0.108155
104250	0.105933
104300	-0.107410
104350	-0.108606
104400	-0.041221
104450	-0.156162
104500	-0.179231
104550	0.021662
104600	0.009273
104650	-0.065214
104700	-0.126812
104750	0.091418
104800	0.017866
104850	0.108371
104900	0.022380
104950	-0.100879
105000	-0.020128
105050	0.040217
105100	0.166703
105150	0.251135
105200	0.104595
105250	-0.104029
105300	-0.099820
105350	0.043727
105400	-0.093191
105450	0.006743
105500	-0.125686
105550	0.074563
105600	0.148826
105650	0.049551
105700	0.042573
105750	0.095580
105800	-0.003878
105850	-0.067121
105900	-0.064505
105950	-0.124128
106000	-0.086047
106050	0.009539
106100	-0.155275
106150	-0.081691
106200	0.039036
106250	0.057104
106300	0.067725
106350	-0.119173
106400	-0.056757
106450	0.093681
106500	-0.072918
106550	0.150182
106600	0.118550
106650	-0.038201
106700	0.134098
106750	0.050642
106800	-0.077822
106850	0.109422
106900	-0.137409
106950	-0.110038
107000	0.040764
107050	-0.177242
107100	-0.011522
107150	0.131381
107200	-0.088170
107250	-0.161535
107300	-0.016478
107350	-0.154186
107400	0.061962
107450	-0.051471
107500	0.093686
107550	0.088734
107600	0.060763
107650	0.006979
107700	0.164861
107750	0.126888
107800	-0.089343
107850	0.058904
107900	-0.066536
107950	0.158665
108000	0.229551
108050	-0.016998
108100	0.009155
108150	-0.218984
108200	-0.003920
108250	0.108722
108300	0.026208
108350	-0.020888
108400	-0.047363
108450	-0.211031
108500	-0.036853
108550	-0.032201
108600	-0.176570
108650	0.069099
108700	-0.047082
108750	-0.025008
108800	0.083948
108850	0.001797
108900	-0.097569
108950	-0.043154
109000	0.088075
109050	-0.147753
109100	0.012996
109150	-0.049690
109200	-0.045111
109250	-0.011944
109300	-0.019843
109350	0.049460
109400	-0.004186
109450	-0.002964
109500	0.091935
109550	0.280619
109600	-0.009946
109650	0.229403
109700	0.026166
109750	0.092252
109800	0.159985
109850	0.046631
109900	0.038468
109950	-0.134961
110000	-0.025504
110050	-0.125771
110100	0.149275
110150	-0.120736
110200	0.032810
110250	0.054843
110300	0.077595
110350	0.087438
110400	0.051032
110450	0.112677
110500	-0.004733
110550	-0.095464
110600	-0.048120
110650	-0.030363
110700	-0.083550
110750	0.013787
110800	-0.018284
110850	0.177141
110900	-0.027206
110950	-0.153309
111000	0.030204
111050	-0.077122
111100	0.035185
111150	0.065043
111200	0.061721
111250	-0.026647
111300	-0.242749
111350	-0.160398
111400	-0.009183
111450	-0.146667
111500	-0.037406
111550	-0.080124
111600	-0.050232
111650	-0.133932
111700	0.014274
111750	-0.075626
111800	-0.252080
111850	0.288573
111900	0.091281
111950	-0.250889
112000	-0.058374
112050	-0.186784
112100	-0.083243
112150	-0.111592
112200	-0.095127
112250	-0.043158
112300	-0.061042
112350	-0.104812
112400	0.061625
112450	0.087823
112500	-0.067449
112550	-0.111962
112600	0.032973
112650	0.009155
112700	-0.099235
112750	-0.028607
112800	-0.154009
112850	-0.058856
112900	-0.018015
112950	0.042105
113000	-0.065660
113050	-0.021740
113100	0.152723
113150	0.033584
113200	0.173591
113250	0.110410
113300	0.062792
113350	0.180433
113400	-0.081377
113450	0.074891
113500	-0.014520
113550	-0.103068
113600	0.001435
113650	-0.141415
113700	-0.143764
113750	-0.108991
113800	-0.058125
113850	0.157548
113900	-0.070782
113950	0.313716
114000	0.015131
114050	0.098170
114100	-0.069756
114150	0.073456
114200	-0.235060
114250	0.046304
114300	0.023642
114350	0.169048
114400	0.103636
114450	0.030649
114500	-0.044464
114550	0.208786
114600	0.177126
114650	0.067455
114700	0.114275
114750	-0.024135
114800	-0.075909
114850	-0.000138
114900	-0.142979
114950	-0.004823
115000	0.175925
115050	0.054700
115100	0.108851
115150	-0.093540
115200	-0.069905
115250	0.085005
115300	0.188670
115350	0.080395
115400	0.157727
115450	0.026620
115500	0.116326
115550	-0.085774
115600	0.058900
115650	0.114888
115700	0.111554
115750	-0.051704
115800	0.196894
115850	0.144583
115900	-0.176489
115950	0.115351
116000	-0.158538
116050	-0.109616
116100	0.003793
116150	-0.073152
116200	0.220411
116250	0.092929
116300	0.151262
116350	0.045295
116400	0.053943
116450	-0.060444
116500	0.056575
116550	-0.034301
116600	0.054522
116650	0.146240
116700	0.073580
116750	0.212111
116800	0.009315
116850	-0.064834
116900	0.075903
116950	-0.026714
117000	0.100484
117050	-0.061359
117100	0.018099
117150	0.044061
117200	0.114312
117250	0.032948
117300	0.236673
117350	0.004178
117400	0.154332
117450	-0.045067
117500	0.022778
117550	0.238677
117600	-0.052588
117650	0.107115
117700	-0.013719
117750	0.208795
117800	0.212537
117850	0.173712
117900	0.236116
117950	0.007877
118000	0.036260
118050	0.067250
118100	-0.040848
118150	0.070418
118200	0.069126
118250	0.218672
118300	0.049386
118350	0.006181
118400	-0.058710
118450	0.106876
118500	-0.050009
118550	0.069835
118600	-0.076877
118650	-0.216067
118700	-0.009529
118750	-0.057609
118800	-0.084961
118850	0.076500
118900	-0.007336
118950	0.090270
119000	-0.134484
119050	-0.041619
119100	-0.032685
119150	-0.071195
119200	-0.285996
119250	-0.130925
119300	-0.060701
119350	0.044552
119400	0.076330
119450	0.082009
119500	-0.183324
119550	-0.263273
119600	-0.092883
119650	0.088923
119700	0.017498
119750	-0.056155
119800	0.149676
119850	-0.033574
119900	-0.073168
119950	-0.312269
120000	-0.055063
120050	0.016690
120100	0.068258
120150	-0.048217
120200	-0.048507
120250	0.073508
120300	0.073197
120350	0.013249
120400	0.099577
120450	0.056252
120500	-0.004852
120550	-0.088901
120600	-0.059291
120650	-0.160055
120700	0.015277
120750	0.035500
120800	-0.082671
120850	0.005602
120900	-0.072055
120950	0.129251
121000	-0.007157
121050	0.135406
121100	-0.011258
121150	0.095599
121200	-0.108281
121250	0.046577
121300	0.036783
121350	-0.004449
121400	-0.085419
121450	-0.182099
121500	0.043054
121550	-0.093750
121600	-0.304622
121650	0.090946
121700	-0.067395
121750	-0.023371
121800	-0.053071
121850	0.101007
121900	0.099078
121950	0.073507
122000	0.144900
122050	0.063957
122100	0.052732
122150	0.056885
122200	0.100035
122250	0.051820
122300	-0.148794
122350	0.134872
122400	0.034208
122450	-0.065194
122500	-0.219826
122550	-0.001631
122600	-0.044353
122650	0.096221
122700	-0.036697
122750	0.001813
122800	-0.229929
122850	-0.022852
122900	0.001615
122950	0.297893
123000	0.040712
123050	-0.011067
123100	0.112486
123150	0.031176
123200	-0.177812
123250	0.056172
123300	-0.062833
123350	0.004821
123400	0.104069
123450	0.036990
123500	-0.062088
123550	0.161046
123600	0.036845
123650	0.042797
123700	-0.042771
123750	-0.051239
123800	-0.170414
123850	-0.002450
123900	0.168019
123950	0.107832
124000	0.016738
124050	-0.002401
124100	-0.028714
124150	0.083043
124200	-0.146368
124250	0.042546
124300	-0.059348
124350	-0.030741
124400	-0.147499
124450	-0.073665
124500	0.211134
124550	0.100770
124600	0.147973
124650	0.140609
124700	0.161158
124750	0.169899
124800	0.037428
124850	-0.117958
124900	0.106221
124950	0.108913
125000	-0.157412
125050	0.001506
125100	0.065542
125150	-0.104803
125200	0.055218
125250	0.013639
125300	-0.026200
125350	-0.007342
125400	-0.035619
125450	0.135136
125500	-0.010258
125550	-0.098884
125600	-0.146861
125650	0.086654
125700	0.153380
125750	-0.178655
125800	0.164005
125850	0.037114
125900	-0.159520
125950	-0.059205
126000	-0.103729
126050	-0.139210
126100	-0.031446
126150	0.001583
126200	0.019480
126250	-0.123439
126300	0.015726
126350	-0.090288
126400	0.072172
126450	-0.099321
126500	0.063500
126550	0.045351
126600	0.169290
126650	0.163314
126700	-0.122051
126750	0.104918
126800	-0.019927
126850	-0.121839
126900	-0.110476
126950	0.209305
127000	0.000585
127050	0.092382
127100	-0.065618
127150	-0.105678
127200	-0.067047
127250	-0.094620
127300	-0.009249
127350	0.095075
127400	0.025393
127450	0.026465
127500	0.045682
127550	0.210725
127600	0.006893
127650	-0.016350
127700	-0.109976
127750	-0.170249
127800	-0.047603
127850	0.006811
127900	-0.050802
127950	-0.134871
128000	0.095939
128050	-0.108298
128100	-0.129189
128150	-0.041134
128200	-0.208763
128250	0.032245
128300	-0.096376
128350	0.066283
128400	-0.094676
128450	-0.094502
128500	-0.018993
128550	-0.253658
128600	-0.116861
128650	-0.002165
128700	-0.083312
128750	-0.030882
128800	0.185456
128850	0.039642
128900	0.061485
128950	0.297046
129000	0.022593
129050	0.139251
129100	0.208127
129150	-0.005122
129200	-0.130479
129250	0.169513
129300	-0.054064
129350	0.254887
129400	-0.138580
129450	-0.000012
129500	-0.021815
129550	-0.013913
129600	-0.051541
129650	-0.264621
129700	0.169064
129750	-0.134646
129800	0.025982
129850	-0.239683
129900	0.055719
129950	0.046892
130000	0.027644
130050	0.192652
130100	0.043412
130150	-0.055940
130200	0.124027
130250	0.049188
130300	-0.006118
130350	-0.043761
130400	0.030049
130450	-0.019213
130500	0.028141
130550	0.142005
130600	0.070027
130650	-0.023772
130700	0.053557
130750	-0.092396
130800	0.127613
130850	0.035680
130900	-0.020329
130950	0.010839
131000	0.107160
131050	0.101156
131100	0.019716
131150	-0.056773
131200	-0.150252
131250	-0.042773
131300	0.086037
131350	0.005771
131400	0.188631
131450	0.014004
131500	0.050435
131550	-0.024732
131600	0.049629
131650	-0.053928
131700	0.182874
131750	0.002189
131800	-0.146673
131850	-0.176981
131900	0.068207
131950	-0.089282
132000	-0.306850
132050	0.085388
132100	0.081340
132150	0.101052
132200	-0.071239
132250	0.034858
132300	-0.014212
132350	0.005547
132400	-0.075617
132450	-0.243693
132500	0.123710
132550	-0.025260
132600	0.145327
132650	0.043777
132700	-0.001084
132750	-0.098464
132800	-0.101536
132850	0.099805
132900	-0.297058
132950	-0.221106
133000	-0.057312
133050	0.076541
133100	0.092900
133150	0.160383
133200	0.084084
133250	0.100187
133300	0.187733
133350	0.000489
133400	0.056290
133450	-0.118841
133500	-0.010240
133550	-0.111206
133600	-0.057999
133650	-0.026824
133700	-0.043012
133750	-0.036964
133800	-0.072553
133850	0.057864
133900	-0.109791
133950	-0.075030
134000	-0.030502
134050	0.035651
134100	-0.035714
134150	-0.102378
134200	-0.070722
134250	-0.048904
134300	0.116023
134350	-0.144819
134400	0.060444
134450	0.001915
134500	0.104623
134550	0.006561
134600	0.031676
134650	-0.063415
134700	-0.062942
134750	-0.034325
134800	0.147661
134850	-0.015873
134900	0.028756
134950	0.069141
135000	0.011591
135050	-0.154356
135100	0.000033
135150	-0.045592
135200	-0.073420
135250	-0.018336
135300	0.059149
135350	0.050736
135400	-0.118949
135450	-0.011250
135500	0.170620
135550	0.071840
135600	0.099231
135650	-0.010064
135700	0.009391
135750	-0.136176
135800	0.060336
135850	0.129025
135900	0.090210
135950	-0.074706
136000	0.145813
136050	-0.026760
136100	0.016192
136150	-0.216108
136200	0.108613
136250	-0.042516
136300	0.109012
136350	0.075643
136400	0.046174
136450	-0.034289
136500	0.011782
136550	0.161468
136600	0.062604
136650	-0.022528
136700	0.165496
136750	0.025053
136800	0.100324
136850	0.047243
136900	0.170718
136950	0.057739
137000	-0.034071
137050	-0.187327
137100	0.111286
137150	0.103424
137200	0.004014
137250	-0.091268
137300	-0.122676
137350	-0.059907
137400	-0.113951
137450	-0.041041
137500	-0.060031
137550	-0.053079
137600	-0.083441
137650	-0.180720
137700	-0.188245
137750	-0.139016
137800	-0.072205
137850	-0.043895
137900	0.003909
137950	-0.096414
138000	0.181820
138050	0.061116
138100	-0.310424
138150	-0.124282
138200	-0.015836
138250	0.097432
138300	-0.093539
138350	0.121839
138400	-0.019344
138450	-0.059209
138500	0.150477
138550	0.044145
138600	-0.064333
138650	0.019720
138700	0.205649
138750	-0.033675
138800	-0.039307
138850	0.105405
138900	0.112605
138950	0.058475
139000	0.231899
139050	-0.106735
139100	0.088590
139150	0.154299
139200	0.063663
139250	-0.010257
139300	-0.028387
139350	-0.014205
139400	-0.000777
139450	-0.052966
139500	-0.033757
139550	-0.076716
139600	-0.040910
139650	0.034039
139700	-0.116174
139750	0.086773
139800	0.047555
139850	0.141977
139900	0.070169
139950	0.107164
140000	0.019965
140050	-0.026737
140100	0.074602
140150	-0.136399
140200	-0.058237
140250	0.014298
140300	0.153331
140350	-0.064819
140400	0.093660
140450	-0.079763
140500	0.170592
140550	0.101961
140600	0.029314
140650	0.125028
140700	-0.023524
140750	-0.119886
140800	-0.038494
140850	0.102497
140900	0.011285
140950	-0.020949
141000	-0.051923
141050	0.225326
141100	0.142456
141150	-0.221505
141200	-0.059057
141250	0.053443
141300	0.054676
141350	0.171034
141400	-0.012217
141450	0.088865
141500	0.113955
141550	-0.039451
141600	-0.057433
141650	0.064833
141700	-0.268998
141750	-0.012312
141800	-0.084505
141850	0.037801
141900	-0.025705
141950	-0.072594
142000	0.007501
142050	-0.062154
142100	0.047931
142150	0.130708
142200	0.048006
142250	-0.188670
142300	0.052024
142350	0.039045
142400	-0.124091
142450	0.159821
142500	0.214446
142550	0.046019
142600	0.015925
142650	-0.094916
142700	0.010647
142750	-0.057978
142800	0.119874
142850	0.179610
142900	0.122198
142950	0.015862
143000	0.159769
143050	0.085151
143100	-0.015771
143150	-0.113231
143200	0.186764
143250	-0.122851
143300	0.237454
143350	0.164630
143400	-0.059159
143450	0.091882
143500	-0.100355
143550	0.068441
143600	0.067119
143650	0.026661
143700	-0.191059
143750	0.126599
143800	-0.084077
143850	-0.262623
143900	0.144216
143950	0.129438
144000	-0.189282
144050	-0.307492
144100	0.204392
144150	-0.091086
144200	-0.005264
144250	0.160985
144300	0.199399
144350	0.082510
144400	-0.061402
144450	0.072597
144500	0.041270
144550	0.041119
144600	-0.126696
144650	0.035629
144700	-0.209058
144750	-0.095840
144800	0.092209
144850	0.145906
144900	0.082046
144950	0.109501
145000	0.152343
145050	0.140721
145100	-0.039612
145150	-0.201262
145200	0.242668
145250	-0.205810
145300	-0.022591
145350	-0.024544
145400	-0.072149
145450	-0.141830
145500	-0.132881
145550	-0.063323
145600	-0.070027
145650	-0.090114
145700	0.012394
145750	-0.001499
145800	-0.086459
145850	-0.036382
145900	-0.031739
145950	-0.037755
146000	-0.185058
146050	-0.044553
146100	-0.037409
146150	0.082448
146200	-0.055413
146250	-0.099496
146300	-0.135888
146350	-0.133057
146400	-0.024618
146450	-0.005236
146500	0.005854
146550	-0.022724
146600	0.005642
146650	0.056466
146700	-0.033657
146750	0.060262
146800	-0.140030
146850	0.018043
146900	-0.006908
146950	-0.036509
147000	0.099751
147050	0.295708
147100	0.120196
147150	0.092672
147200	-0.080335
147250	0.037706
147300	-0.028530
147350	-0.075601
147400	0.100229
147450	0.129549
147500	0.187217
147550	0.112357
147600	0.154052
147650	0.084525
147700	0.100468
147750	0.076900
147800	-0.027946
147850	-0.096199
147900	0.088084
147950	-0.176811
148000	0.022525
148050	0.024320
148100	-0.068319
148150	-0.057329
148200	0.064088
148250	-0.013482
148300	-0.090203
148350	0.096844
148400	0.030742
148450	0.112446
148500	0.009372
148550	0.013336
148600	0.102845
148650	0.025289
148700	0.146281
148750	-0.009994
148800	-0.059382
148850	-0.107194
148900	-0.110015
148950	0.096493
149000	-0.014370
149050	-0.009311
149100	0.018630
149150	0.168225
149200	0.147714
149250	-0.047060
149300	0.079941
149350	-0.106617
149400	0.038338
149450	0.172575
149500	-0.016472
149550	-0.073656
149600	-0.039527
149650	-0.050925
149700	0.003305
149750	-0.120217
149800	0.043854
149850	-0.030151
149900	-0.015864
149950	0.392234
150000	0.202936
150050	-0.123603
150100	0.090461
150150	-0.135711
150200	-0.005470
150250	0.073256
150300	0.023862
150350	-0.190724
150400	-0.070055
150450	-0.089478
150500	0.034302
150550	0.103253
150600	-0.073311
150650	-0.108941
150700	0.055752
150750	0.027332
150800	0.031342
150850	-0.010430
150900	0.148442
150950	-0.102600
151000	0.041125
151050	-0.129743
151100	0.060010
151150	-0.100088
151200	0.074923
151250	0.092456
151300	0.123667
151350	0.168461
151400	0.309455
151450	-0.040681
151500	0.128104
151550	0.187535
151600	-0.009367
151650	-0.147865
151700	0.097225
151750	0.084487
151800	0.006956
151850	0.015728
151900	-0.116885
151950	-0.024263
152000	-0.109214
152050	0.020232
152100	0.067132
152150	0.153483
152200	0.051771
152250	-0.119984
152300	-0.058077
152350	-0.046345
152400	-0.034466
152450	-0.116016
152500	-0.170570
152550	-0.020144
152600	-0.120626
152650	-0.035706
152700	0.106134
152750	-0.053749
152800	0.113394
152850	0.008461
152900	-0.276469
152950	0.103426
153000	-0.053050
153050	-0.113099
153100	-0.200287
153150	-0.177725
153200	0.027831
153250	0.054465
153300	-0.031534
153350	-0.170326
153400	-0.079955
153450	-0.066824
153500	-0.079358
153550	0.006064
153600	0.108814
153650	-0.084871
153700	0.179037
153750	0.165619
153800	-0.082903
153850	-0.089888
153900	0.164366
153950	0.093573
154000	-0.054552
154050	0.109958
154100	-0.098809
154150	0.084304
154200	-0.063043
154250	-0.052781
154300	0.002742
154350	-0.049065
154400	0.089786
154450	-0.283085
154500	-0.032394
154550	0.040192
154600	-0.011647
154650	-0.037743
154700	0.006640
154750	0.088673
154800	0.133476
154850	-0.155902
154900	-0.082012
154950	-0.008567
155000	0.085398
155050	-0.134209
155100	0.080479
155150	0.205426
155200	0.012259
155250	-0.023487
155300	0.030995
155350	0.097152
155400	-0.018572
155450	-0.221871
155500	-0.144844
155550	0.033041
155600	0.114822
155650	0.075029
155700	0.069729
155750	-0.003225
155800	0.148241
155850	0.079419
155900	0.145818
155950	0.045023
156000	0.021354
156050	-0.008993
156100	0.080261
156150	-0.060834
156200	0.082209
156250	0.014323
156300	-0.134026
156350	0.214441
156400	-0.033610
156450	-0.130878
156500	-0.217693
156550	-0.036717
156600	-0.194798
156650	-0.155013
156700	0.159430
156750	-0.050649
156800	-0.100582
156850	0.033231
156900	-0.080752
156950	0.043861
157000	0.033794
157050	0.021115
157100	0.018987
157150	-0.059376
157200	-0.102349
157250	0.021000
157300	0.019351
157350	0.207798
157400	-0.010907
157450	-0.054826
157500	-0.000090
157550	-0.018775
157600	0.059443
157650	0.047379
157700	0.136368
157750	-0.014220
157800	0.145885
157850	-0.025589
157900	0.113338
157950	-0.105836
158000	0.185797
158050	0.067728
158100	0.043032
158150	0.052204
158200	-0.033402
158250	0.212170
158300	0.046236
158350	0.034784
158400	0.076988
158450	0.186716
158500	-0.193546
158550	0.001181
158600	-0.068433
158650	-0.123502
158700	-0.148724
158750	-0.090451
158800	0.124940
158850	-0.160243
158900	-0.005132
158950	-0.014617
159000	-0.134586
159050	0.054876
159100	-0.054493
159150	-0.013344
159200	0.033118
159250	-0.286263
159300	-0.107443
159350	-0.189976
159400	-0.006821
159450	0.033926
159500	0.055681
159550	-0.129486
159600	-0.119241
159650	0.004826
159700	0.254315
159750	0.041094
159800	0.023080
159850	-0.008781
159900	-0.157716
159950	-0.061340
160000	-0.033273
160050	-0.015025
160100	0.115451
160150	0.221115
160200	0.064345
160250	-0.035466
160300	0.012144
160350	0.127580
160400	-0.010904
160450	0.032434
160500	-0.112239
160550	-0.122216
160600	-0.037636
160650	-0.021699
160700	-0.088977
160750	0.045268
160800	-0.039241
160850	0.050436
160900	0.095455
160950	0.092477
161000	-0.119441
161050	-0.045489
161100	-0.052497
161150	0.007819
161200	0.065797
161250	-0.108122
161300	0.043426
161350	-0.012259
161400	0.162301
161450	-0.020583
161500	-0.101996
161550	-0.120592
161600	-0.089741
161650	0.037923
161700	-0.074042
161750	0.027813
161800	0.064615
161850	-0.137545
161900	-0.028458
161950	-0.121466
162000	-0.004884
162050	0.170291
162100	-0.080826
162150	0.089209
162200	0.140345
162250	-0.004447
162300	0.034877
162350	-0.031854
162400	-0.055961
162450	0.055485
162500	0.145780
162550	-0.038415
162600	-0.078126
162650	0.084121
162700	-0.135293
162750	-0.162587
162800	0.134391
162850	0.235533
162900	-0.143924
162950	-0.040406
163000	-0.066379
163050	-0.046185
163100	0.186864
163150	0.131227
163200	-0.104632
163250	-0.102257
163300	-0.158903
163350	-0.331451
163400	-0.009000
163450	-0.028987
163500	0.004782
163550	-0.061285
163600	0.157335
163650	-0.077135
163700	0.009800
163750	-0.132959
163800	-0.016675
163850	0.001597
163900	-0.073331
163950	-0.049009
164000	-0.148321
164050	-0.240555
164100	0.015610
164150	0.070446
164200	-0.041205
164250	-0.043513
164300	0.044072
164350	-0.129396
164400	-0.125564
164450	0.051879
164500	-0.182384
164550	-0.020471
164600	-0.465377
164650	0.092089
164700	-0.083353
164750	0.049136
164800	-0.123180
164850	0.061720
164900	0.155386
164950	-0.027937
165000	-0.130094
165050	0.058633
165100	-0.011386
165150	0.045999
165200	0.062316
165250	0.091542
165300	-0.212132
165350	-0.018183
165400	-0.156122
165450	0.116432
165500	0.010115
165550	0.186843
165600	0.138480
165650	0.150447
165700	-0.029891
165750	0.179936
165800	0.007310
165850	-0.152855
165900	-0.103136
165950	0.092127
166000	-0.125009
166050	0.131357
166100	-0.019324
166150	0.299013
166200	0.063705
166250	-0.068227
166300	0.154990
166350	-0.111787
166400	-0.095850
166450	-0.075258
166500	0.185000
166550	0.145270
166600	0.276045
166650	0.144514
166700	0.060316
166750	0.134038
166800	-0.083153
166850	-0.176302
166900	0.056680
166950	0.081371
167000	-0.252321
167050	-0.056650
167100	0.110643
167150	0.155579
167200	0.304210
167250	0.123777
167300	0.020025
167350	-0.171280
167400	-0.011542
167450	-0.191672
167500	-0.186397
167550	-0.082559
167600	-0.016338
167650	-0.155385
167700	0.012619
167750	-0.042500
167800	-0.102507
167850	-0.203665
167900	-0.066995
167950	-0.074735
168000	-0.030542
168050	-0.053347
168100	0.024646
168150	0.099743
168200	0.084125
168250	0.271102
168300	0.123150
168350	0.110325
168400	0.191932
168450	-0.015782
168500	0.027741
168550	0.211556
168600	-0.004804
168650	-0.141270
168700	-0.102970
168750	0.103810
168800	0.096677
168850	0.170317
168900	0.142071
168950	0.121835
169000	0.035109
169050	0.029945
169100	0.145422
169150	-0.019807
169200	0.118133
169250	-0.095789
169300	-0.012217
169350	-0.226526
169400	0.031672
169450	-0.167105
169500	0.124968
169550	-0.046685
169600	0.018448
169650	-0.158235
169700	-0.037463
169750	-0.111235
169800	0.156972
169850	-0.023161
169900	-0.050236
169950	-0.159478
170000	-0.054436
170050	-0.102755
170100	-0.063394
170150	0.111461
170200	0.158116
170250	-0.068987
170300	0.012526
170350	0.028716
170400	-0.032192
170450	-0.227936
170500	-0.038914
170550	0.035161
170600	0.082363
170650	0.081854
170700	-0.237493
170750	-0.038673
170800	-0.041562
170850	-0.109502
170900	-0.106759
170950	0.097215
171000	-0.082372
171050	-0.049642
171100	-0.024783
171150	-0.110855
171200	-0.044150
171250	-0.047062
171300	0.116117
171350	0.117660
171400	-0.027381
171450	0.068195
171500	0.261513
171550	-0.192344
171600	-0.214308
171650	-0.144316
171700	-0.217350
171750	0.013654
171800	0.107688
171850	-0.010077
171900	-0.171004
171950	-0.027272
172000	-0.060032
172050	0.031089
172100	0.045338
172150	-0.029403
172200	-0.014174
172250	-0.064550
172300	-0.042291
172350	-0.195943
172400	-0.061729
172450	-0.047872
172500	-0.041290
172550	0.092116
172600	-0.015049
172650	-0.119029
172700	-0.299237
172750	-0.232889
172800	-0.117798
172850	-0.046820
172900	-0.198829
172950	0.097864
173000	-0.196292
173050	-0.117679
173100	-0.139353
173150	-0.104424
173200	0.020597
173250	-0.024817
173300	-0.100976
173350	0.170821
173400	-0.056749
173450	0.159955
173500	0.050451
173550	0.028873
173600	0.053822
173650	-0.214577
173700	-0.178582
173750	0.072201
173800	0.120226
173850	-0.122524
173900	-0.091232
173950	0.108012
174000	-0.051173
174050	-0.083613
174100	-0.082675
174150	0.095517
174200	0.093401
174250	0.260791
174300	-0.013784
174350	-0.017338
174400	-0.091084
174450	-0.030707
174500	0.032197
174550	0.167551
174600	-0.157922
174650	0.069327
174700	0.193216
174750	-0.071728
174800	0.004049
174850	-0.049750
174900	-0.140527
174950	0.023313
175000	0.069488
175050	0.102436
175100	-0.072366
175150	0.054458
175200	0.056556
175250	-0.082176
175300	-0.098852
175350	0.037304
175400	0.002166
175450	0.200348
175500	0.027361
175550	0.083634
175600	0.194192
175650	0.148635
175700	0.038493
175750	-0.132056
175800	0.154958
175850	-0.184126
175900	0.005425
175950	0.022713
176000	-0.048869
176050	0.138990
176100	0.349647
176150	0.079494
176200	0.025940
176250	0.157062
176300	0.028950
176350	0.022525
176400	0.064464
176450	-0.178169
176500	0.010534
176550	0.098107
176600	-0.174253
176650	-0.160541
176700	-0.058140
176750	-0.144796
176800	-0.057542
176850	0.003088
176900	0.013332
176950	0.069952
177000	0.097921
177050	0.006612
177100	0.016711
177150	-0.155079
177200	0.173238
177250	-0.090734
177300	0.019656
177350	0.075499
177400	0.085075
177450	-0.114617
177500	-0.070384
177550	-0.101366
177600	0.144739
177650	-0.075457
177700	0.010584
177750	0.073675
177800	-0.025876
177850	-0.167084
177900	-0.086279
177950	0.169915
178000	0.086520
178050	0.010600
178100	-0.001370
178150	-0.079951
178200	-0.249528
178250	0.076468
178300	0.113280
178350	0.037249
178400	0.085044
178450	-0.058436
178500	-0.085212
178550	0.156775
178600	0.249554
178650	0.045798
178700	-0.110326
178750	-0.133797
178800	-0.013692
178850	-0.001874
178900	-0.072762
178950	0.104439
179000	-0.024333
179050	-0.070506
179100	0.168725
179150	0.057795
179200	0.067743
179250	-0.034771
179300	0.061948
179350	0.055420
179400	0.290319
179450	-0.104996
179500	-0.159196
179550	-0.150778
179600	0.229400
179650	-0.108693
179700	-0.094364
179750	-0.071815
179800	0.030812
179850	-0.059922
179900	0.088253
179950	0.167096
180000	0.016091
180050	-0.101851
180100	-0.034496
180150	0.134497
180200	0.018643
180250	0.044812
180300	0.084116
180350	-0.071591
180400	0.119755
180450	0.125180
180500	0.047408
180550	0.069889
180600	0.137348
180650	-0.013879
180700	-0.106365
180750	-0.007106
180800	0.047667
180850	0.219445
180900	0.253777
180950	-0.058522
181000	0.127097
181050	-0.092314
181100	0.077882
181150	-0.158417
181200	0.266224
181250	0.121455
181300	0.000775
181350	0.128750
181400	0.118092
181450	0.203819
181500	0.081588
181550	0.017545
181600	0.067893
181650	0.173338
181700	-0.075644
181750	-0.119060
181800	-0.168850
181850	0.016852
181900	0.206782
181950	-0.065874
182000	-0.009367
182050	0.139762
182100	0.276696
182150	0.005895
182200	0.150329
182250	-0.191840
182300	0.134166
182350	0.065391
182400	-0.067361
182450	0.122137
182500	0.021935
182550	0.090104
182600	0.133311
182650	0.089657
182700	-0.138555
182750	-0.161720
182800	-0.046833
182850	0.128332
182900	-0.097535
182950	-0.124442
183000	0.236996
183050	-0.092265
183100	-0.214958
183150	0.067866
183200	-0.192100
183250	0.066697
183300	-0.024355
183350	-0.069458
183400	-0.190835
183450	-0.030405
183500	0.248148
183550	-0.006919
183600	0.010205
183650	-0.171667
183700	-0.011027
183750	-0.105061
183800	0.154002
183850	0.031576
183900	-0.026988
183950	0.193640
184000	0.098442
184050	0.156955
184100	0.033660
184150	-0.022107
184200	-0.021148
184250	0.062326
184300	-0.011654
184350	-0.163733
184400	0.100110
184450	0.060113
184500	-0.255076
184550	-0.015776
184600	0.051806
184650	0.107405
184700	0.067508
184750	-0.116307
184800	-0.079657
184850	0.071685
184900	0.017485
184950	-0.052720
185000	0.230625
185050	0.018888
185100	0.059618
185150	-0.076581
185200	0.015548
185250	0.099184
185300	0.055081
185350	0.151433
185400	-0.047128
185450	-0.015456
185500	-0.036795
185550	-0.098803
185600	0.145095
185650	-0.005886
185700	-0.007409
185750	0.032502
185800	-0.004346
185850	0.147337
185900	0.124686
185950	0.017647
186000	-0.106163
186050	0.217696
186100	0.034427
186150	-0.138700
186200	0.053966
186250	-0.033195
186300	0.053772
186350	0.035252
186400	-0.072179
186450	0.245157
186500	0.149084
186550	0.279459
186600	0.176398
186650	0.039833
186700	0.053232
186750	-0.036338
186800	-0.030193
186850	-0.160816
186900	0.004452
186950	0.007338
187000	-0.049013
187050	0.045464
187100	-0.016681
187150	-0.093726
187200	-0.143766
187250	0.047665
187300	0.296757
187350	0.017695
187400	0.055083
187450	0.231289
187500	-0.120691
187550	-0.154322
187600	0.045176
187650	0.006474
187700	-0.043796
187750	0.072721
187800	0.055609
187850	0.215986
187900	-0.077249
187950	-0.081880
188000	-0.054119
188050	-0.187725
188100	-0.179798
188150	0.052837
188200	0.074522
188250	-0.026265
188300	0.074421
188350	0.046307
188400	0.063229
188450	-0.133179
188500	-0.110059
188550	0.128752
188600	-0.027061
188650	-0.008834
188700	-0.079495
188750	-0.040889
188800	0.117684
188850	0.005027
188900	0.207168
188950	0.167723
189000	-0.019682
189050	-0.055980
189100	-0.077751
189150	0.083014
189200	0.087485
189250	0.076598
189300	-0.016473
189350	-0.240316
189400	0.052377
189450	-0.018974
189500	0.126026
189550	-0.166807
189600	0.014810
189650	0.048174
189700	-0.292929
189750	0.069992
189800	0.166604
189850	-0.151114
189900	-0.090458
189950	0.019192
190000	-0.123185
190050	-0.113260
190100	-0.063185
190150	-0.029259
190200	-0.069854
190250	0.127412
190300	-0.006959
190350	-0.156087
190400	-0.212634
190450	-0.092436
190500	0.087149
190550	-0.141683
190600	-0.181247
190650	0.086142
190700	-0.112612
190750	0.167578
190800	0.083851
190850	0.168187
190900	0.170678
190950	-0.049393
191000	0.018528
191050	-0.001053
191100	0.065368
191150	0.180940
191200	0.083721
191250	0.153978
191300	-0.188864
191350	-0.103240
191400	-0.090349
191450	0.094691
191500	0.003012
191550	0.006667
191600	0.106458
191650	-0.031043
191700	-0.079952
191750	0.127522
191800	0.148392
191850	0.208287
191900	-0.056146
191950	0.054974
192000	-0.014902
192050	0.206355
192100	0.075179
192150	0.062504
192200	-0.094503
192250	0.096751
192300	0.083757
192350	-0.039937
192400	0.091097
192450	0.088575
192500	0.167094
192550	0.048558
192600	-0.121078
192650	0.208743
192700	0.121605
192750	0.174769
192800	-0.059226
192850	-0.041107
192900	-0.004306
192950	-0.113441
193000	-0.027207
193050	0.198544
193100	-0.131515
193150	-0.110704
193200	-0.144472
193250	-0.103592
193300	0.006622
193350	0.289488
193400	-0.072294
193450	0.070672
193500	-0.230227
193550	0.004814
193600	-0.060072
193650	-0.250048
193700	-0.171288
193750	0.055100
193800	0.212793
193850	0.117080
193900	0.158921
193950	0.064916
194000	-0.063429
194050	0.064741
194100	-0.026884
194150	-0.122385
194200	0.052714
194250	-0.100638
194300	-0.121917
194350	0.017674
194400	-0.121936
194450	0.032047
194500	-0.019556
194550	-0.013018
194600	0.092931
194650	0.045714
194700	-0.178055
194750	-0.155401
194800	-0.138645
194850	0.021705
194900	-0.077323
194950	-0.096841
195000	-0.026532
195050	0.129925
195100	0.061629
195150	0.059522
195200	-0.037143
195250	0.106697
195300	-0.102219
195350	0.055984
195400	-0.122571
195450	0.113327
195500	0.095189
195550	0.195219
195600	0.100817
195650	-0.408261
195700	0.136742
195750	0.227945
195800	0.130185
195850	-0.030976
195900	0.091296
195950	-0.015796
196000	0.263686
196050	0.228151
196100	0.116797
196150	-0.026778
196200	0.175954
196250	0.098111
196300	0.063689
196350	0.081157
196400	0.075950
196450	-0.048385
196500	0.107394
196550	-0.001973
196600	-0.134381
196650	-0.063222
196700	-0.142793
196750	-0.463543
196800	-0.055162
196850	-0.000505
196900	-0.194065
196950	0.080017
197000	-0.047640
197050	0.058778
197100	0.021925
197150	-0.117079
197200	0.067682
197250	-0.093582
197300	-0.036035
197350	-0.224991
197400	-0.027662
197450	-0.053200
197500	0.110119
197550	0.020578
197600	0.046605
197650	-0.032507
197700	0.148412
197750	-0.016283
197800	-0.052688
197850	-0.010772
197900	-0.150496
197950	-0.008664
198000	-0.026413
198050	-0.117960
198100	0.143296
198150	-0.191003
198200	0.202325
198250	0.173637
198300	-0.030011
198350	-0.023458
198400	-0.042026
198450	-0.128614
198500	0.060227
198550	0.003806
198600	-0.217988
198650	0.027760
198700	-0.125423
198750	0.024228
198800	0.018307
198850	0.140953
198900	-0.073705
198950	0.063312
199000	0.145966
199050	-0.010607
199100	0.098272
199150	0.126941
199200	-0.083062
199250	0.025717
199300	0.068367
199350	0.201455
199400	0.070703
199450	0.069609
199500	0.187735
199550	0.058441
199600	0.016203
199650	0.034843
199700	-0.104826
199750	-0.012626
199800	-0.122190
199850	-0.003440
199900	-0.105159
199950	-0.127082
