0	39.522852
50	2.475241
100	0.683975
150	0.415696
200	0.313444
250	0.473585
300	0.338508
350	0.296053
400	0.236611
450	0.157595
500	0.136854
550	0.106780
600	-0.019302
650	0.142054
700	0.191387
750	0.132646
800	0.152783
850	0.039830
900	0.224093
950	0.175705
1000	-0.036485
1050	-0.028706
1100	0.087464
1150	-0.053144
1200	0.031700
1250	-0.008743
1300	0.090732
1350	0.079488
1400	0.289908
1450	0.031265
1500	0.082669
1550	0.093632
1600	0.089769
1650	0.082316
1700	-0.214742
1750	0.029121
1800	0.045500
1850	0.131243
1900	0.103894
1950	-0.087176
2000	0.077260
2050	0.051113
2100	-0.012249
2150	0.132810
2200	0.105023
2250	-0.018748
2300	0.091989
2350	0.159204
2400	0.059931
2450	0.176375
2500	0.209495
2550	0.275674
2600	0.065420
2650	0.108654
2700	0.283837
2750	-0.016435
2800	0.012179
2850	0.184706
2900	-0.098912
2950	-0.057506
3000	0.158719
3050	-0.047332
3100	-0.209119
3150	0.048548
3200	0.225185
3250	0.002541
3300	-0.126591
3350	0.102591
3400	0.152193
3450	0.061181
3500	0.036722
3550	0.168242
3600	0.089539
3650	0.048816
3700	-0.038162
3750	-0.028133
3800	0.113010
3850	-0.034230
3900	0.130565
3950	0.009653
4000	0.119930
4050	-0.297432
4100	0.060571
4150	-0.011110
4200	0.040613
4250	0.033495
4300	0.099985
4350	0.006396
4400	0.088892
4450	0.038528
4500	0.005099
4550	-0.002830
4600	0.058225
4650	0.142064
4700	-0.058013
4750	0.210707
4800	-0.132155
4850	0.070077
4900	0.016868
4950	-0.093772
5000	0.129459
5050	0.187346
5100	0.085062
5150	0.098274
5200	0.037946
5250	0.021082
5300	-0.193056
5350	0.098590
5400	0.026327
5450	-0.237212
5500	-0.172113
5550	0.131149
5600	0.073884
5650	0.145110
5700	0.007210
5750	-0.004307
5800	0.077147
5850	0.253552
5900	0.141116
5950	-0.108145
6000	0.141412
6050	0.121641
6100	0.162634
6150	0.106236
6200	0.060991
6250	0.011218
6300	-0.020129
6350	0.001815
6400	0.055350
6450	-0.107192
6500	-0.087863
6550	0.057766
6600	-0.070381
6650	0.132691
6700	0.157972
6750	-0.108364
6800	-0.066021
6850	0.113200
6900	-0.087602
6950	-0.106966
7000	0.057386
7050	0.048134
7100	-0.098501
7150	-0.190334
7200	-0.077012
7250	0.003776
7300	0.070089
7350	0.275421
7400	-0.080419
7450	-0.039328
7500	-0.084372
7550	-0.041163
7600	-0.162836
7650	-0.005772
7700	-0.098789
7750	0.002808
7800	-0.000734
7850	0.017657
7900	-0.068200
7950	0.174476
8000	0.139931
8050	-0.051529
8100	0.135822
8150	-0.259038
8200	0.061391
8250	-0.171608
8300	0.210793
8350	0.072604
8400	0.028023
8450	0.134868
8500	0.111995
8550	0.143117
8600	-0.001689
8650	-0.024323
8700	0.036406
8750	0.023262
8800	0.051822
8850	-0.045250
8900	0.041151
8950	0.062467
9000	0.057504
9050	0.027653
9100	0.167948
9150	0.190855
9200	0.229877
9250	-0.019199
9300	0.063378
9350	-0.061367
9400	0.140551
9450	-0.006801
9500	-0.092604
9550	0.110514
9600	0.026941
9650	0.061700
9700	0.068491
9750	-0.005362
9800	0.075400
9850	0.063400
9900	0.091655
9950	0.055730
10000	-0.020580
10050	0.020395
10100	0.032533
10150	-0.214990
10200	-0.265897
10250	-0.067192
10300	0.078287
10350	0.098102
10400	0.234303
10450	-0.077952
10500	0.147969
10550	0.117743
10600	0.159394
10650	0.008328
10700	-0.030955
10750	-0.004326
10800	-0.056948
10850	0.030712
10900	-0.013283
10950	-0.161439
11000	0.108824
11050	-0.063752
11100	0.129480
11150	0.055815
11200	0.004564
11250	-0.103943
11300	-0.063172
11350	-0.024090
11400	0.180919
11450	0.097578
11500	0.209273
11550	0.181379
11600	0.084130
11650	-0.051095
11700	0.071622
11750	0.055812
11800	0.036256
11850	-0.027688
11900	-0.047463
11950	0.047396
12000	-0.105931
12050	0.019736
12100	0.018051
12150	0.003375
12200	0.110189
12250	0.123906
12300	0.287447
12350	0.096099
12400	0.183387
12450	-0.075944
12500	-0.055840
12550	0.048534
12600	0.053364
12650	0.094185
12700	0.096979
12750	0.190693
12800	0.025820
12850	0.026495
12900	0.069416
12950	-0.077711
13000	-0.106459
13050	0.269941
13100	0.177811
13150	0.084510
13200	0.007032
13250	0.013540
13300	-0.065563
13350	-0.168398
13400	-0.109407
13450	-0.029522
13500	-0.080199
13550	-0.072130
13600	-0.115967
13650	-0.067656
13700	0.036430
13750	-0.058185
13800	-0.023235
13850	-0.030690
13900	-0.013810
13950	0.072981
14000	-0.078302
14050	0.019976
14100	-0.079222
14150	-0.115451
14200	0.040930
14250	-0.006154
14300	0.133179
14350	0.004519
14400	-0.163690
14450	0.004300
14500	0.074983
14550	0.157096
14600	-0.082845
14650	0.170453
14700	-0.086986
14750	-0.093397
14800	-0.026747
14850	-0.164015
14900	0.089773
14950	0.081254
15000	-0.212162
15050	-0.046142
15100	-0.024355
15150	0.014266
15200	-0.142402
15250	-0.099635
15300	0.033367
15350	-0.017555
15400	-0.028411
15450	-0.000990
15500	0.052582
15550	-0.065021
15600	0.076801
15650	0.197174
15700	-0.036395
15750	0.099854
15800	-0.024828
15850	0.065363
15900	-0.043958
15950	0.084387
16000	0.076915
16050	0.061460
16100	0.125868
16150	-0.145334
16200	-0.083217
16250	-0.013968
16300	0.077078
16350	-0.112634
16400	-0.086552
16450	-0.294259
16500	-0.090518
16550	-0.097883
16600	0.029401
16650	-0.086000
16700	0.008983
16750	0.208186
16800	-0.054851
16850	0.137620
16900	0.088980
16950	0.097515
17000	0.040353
17050	0.038274
17100	-0.146575
17150	0.070510
17200	-0.007990
17250	-0.045619
17300	0.038162
17350	0.006184
17400	-0.163695
17450	0.075747
17500	0.013480
17550	0.014928
17600	-0.111995
17650	-0.046353
17700	0.196810
17750	-0.045595
17800	-0.009567
17850	0.080406
17900	0.005436
17950	0.200171
18000	0.099865
18050	-0.022610
18100	-0.148102
18150	0.144514
18200	0.052248
18250	0.021596
18300	-0.080007
18350	-0.089516
18400	-0.019738
18450	0.204924
18500	0.071194
18550	-0.002348
18600	0.027598
18650	-0.020324
18700	0.146405
18750	0.078426
18800	-0.204481
18850	-0.064700
18900	-0.022675
18950	0.155819
19000	0.006926
19050	-0.196521
19100	-0.054221
19150	0.017870
19200	-0.071613
19250	-0.137439
19300	0.096177
19350	0.046937
19400	0.033646
19450	0.119159
19500	0.196403
19550	-0.143849
19600	0.096336
19650	0.207512
19700	-0.111518
19750	-0.036687
19800	-0.088563
19850	-0.104671
19900	0.056316
19950	0.010418
20000	-0.140783
20050	0.188541
20100	0.088131
20150	0.125115
20200	-0.049731
20250	-0.306097
20300	-0.010557
20350	-0.441969
20400	0.083237
20450	-0.133031
20500	0.039331
20550	-0.194414
20600	0.157557
20650	-0.127693
20700	0.033145
20750	0.071096
20800	0.173116
20850	0.003652
20900	-0.071850
20950	0.018418
21000	-0.120419
21050	0.172873
21100	0.237035
21150	-0.041373
21200	0.021996
21250	0.115944
21300	0.081000
21350	0.029800
21400	0.099588
21450	-0.128577
21500	-0.112137
21550	0.262271
21600	0.121727
21650	0.092249
21700	-0.100558
21750	0.119340
21800	0.105569
21850	-0.074736
21900	-0.012277
21950	-0.160808
22000	-0.125267
22050	0.020084
22100	-0.115150
22150	-0.003906
22200	-0.024962
22250	0.066965
22300	0.099490
22350	0.119133
22400	-0.188090
22450	0.019618
22500	-0.101954
22550	-0.003405
22600	-0.003950
22650	-0.064770
22700	-0.024423
22750	-0.036041
22800	-0.194860
22850	-0.168688
22900	-0.265041
22950	0.070356
23000	-0.219274
23050	0.035658
23100	-0.040086
23150	0.022205
23200	-0.153330
23250	0.099043
23300	0.110337
23350	0.081940
23400	0.038355
23450	0.012214
23500	-0.043583
23550	0.132145
23600	-0.025620
23650	0.166885
23700	-0.006919
23750	0.118831
23800	0.117313
23850	0.104313
23900	0.111095
23950	0.063107
24000	0.103918
24050	0.070369
24100	-0.001589
24150	-0.132052
24200	-0.121100
24250	-0.131216
24300	-0.034485
24350	0.069566
24400	-0.116037
24450	0.069154
24500	-0.155553
24550	-0.047246
24600	0.083404
24650	0.171639
24700	-0.116425
24750	-0.164129
24800	-0.080272
24850	-0.046754
24900	-0.021201
24950	0.019829
25000	-0.080353
25050	0.246918
25100	-0.089996
25150	-0.045026
25200	-0.023259
25250	-0.014422
25300	0.067229
25350	-0.254965
25400	-0.072089
25450	0.094935
25500	-0.083695
25550	-0.291390
25600	-0.007549
25650	0.018740
25700	0.077322
25750	0.209801
25800	0.009890
25850	-0.035247
25900	-0.030151
25950	-0.121942
26000	0.012525
26050	0.120748
26100	-0.128935
26150	0.107710
26200	0.095313
26250	-0.020639
26300	-0.030451
26350	-0.172278
26400	-0.191366
26450	-0.008260
26500	-0.022665
26550	-0.022976
26600	0.091714
26650	-0.025151
26700	0.089839
26750	-0.073622
26800	-0.150339
26850	-0.085004
26900	-0.210339
26950	0.020991
27000	0.062201
27050	-0.079261
27100	-0.123777
27150	-0.064793
27200	-0.056871
27250	-0.225228
27300	0.154189
27350	-0.041618
27400	-0.076706
27450	0.014477
27500	-0.047456
27550	-0.156485
27600	-0.180262
27650	-0.076946
27700	-0.074149
27750	-0.178723
27800	-0.043468
27850	-0.010253
27900	0.084461
27950	-0.040563
28000	0.089793
28050	-0.151496
28100	0.060760
28150	0.033791
28200	-0.004772
28250	-0.061136
28300	0.038249
28350	-0.054445
28400	0.026569
28450	0.221922
28500	-0.132438
28550	-0.001637
28600	0.119087
28650	0.001264
28700	0.132435
28750	0.183306
28800	0.104672
28850	0.161998
28900	0.223866
28950	-0.016023
29000	-0.063533
29050	0.005604
29100	0.150941
29150	0.076344
29200	0.110862
29250	0.096964
29300	0.126936
29350	-0.035746
29400	0.096523
29450	0.134455
29500	0.214276
29550	0.076139
29600	-0.056817
29650	-0.083208
29700	0.115313
29750	-0.189755
29800	0.056995
29850	-0.052343
29900	-0.068772
29950	0.066345
30000	0.080383
30050	0.157440
30100	0.186151
30150	-0.216908
30200	-0.037233
30250	-0.138301
30300	0.098511
30350	-0.025482
30400	0.180315
30450	-0.048284
30500	0.046982
30550	0.148661
30600	-0.181286
30650	-0.298546
30700	0.032359
30750	-0.133124
30800	0.032103
30850	-0.014087
30900	0.089195
30950	-0.063386
31000	-0.045003
31050	0.079256
31100	0.059759
31150	-0.173825
31200	-0.195072
31250	0.042343
31300	0.060541
31350	-0.006052
31400	0.307741
31450	-0.007730
31500	0.102183
31550	-0.097106
31600	0.094723
31650	-0.074258
31700	0.048345
31750	0.026788
31800	-0.090109
31850	-0.144302
31900	-0.122189
31950	0.225444
32000	0.134540
32050	0.073632
32100	0.158651
32150	-0.036667
32200	-0.003238
32250	-0.243947
32300	-0.073777
32350	0.030690
32400	-0.230160
32450	0.158927
32500	-0.043134
32550	-0.044017
32600	0.091712
32650	0.241493
32700	-0.168323
32750	-0.016014
32800	-0.174785
32850	-0.030925
32900	-0.200895
32950	-0.080012
33000	-0.002902
33050	0.144319
33100	-0.214243
33150	-0.134943
33200	0.045158
33250	-0.102329
33300	-0.047705
33350	0.036320
33400	0.022137
33450	0.060595
33500	-0.052924
33550	-0.053575
33600	0.029251
33650	0.037286
33700	-0.075587
33750	0.009686
33800	0.080245
33850	0.078706
33900	0.076867
33950	0.069864
34000	0.005757
34050	0.053355
34100	0.007388
34150	0.189650
34200	0.157330
34250	-0.105268
34300	0.084659
34350	0.011300
34400	0.046120
34450	-0.028440
34500	0.003742
34550	-0.036003
34600	0.170697
34650	-0.039516
34700	-0.019240
34750	-0.084133
34800	0.172096
34850	-0.004630
34900	0.172720
34950	-0.084424
35000	0.055137
35050	0.002233
35100	-0.032291
35150	0.152564
35200	0.006757
35250	0.140195
35300	0.087948
35350	0.043653
35400	0.079687
35450	-0.057425
35500	-0.245679
35550	0.217434
35600	0.115864
35650	0.008753
35700	-0.127487
35750	-0.089585
35800	0.004383
35850	0.024353
35900	0.065569
35950	-0.078378
36000	0.042914
36050	-0.091708
36100	0.100193
36150	0.046566
36200	-0.031570
36250	0.039451
36300	-0.052951
36350	0.009520
36400	0.152925
36450	0.058217
36500	0.000240
36550	-0.062815
36600	0.125502
36650	0.114680
36700	0.145935
36750	-0.207552
36800	0.004662
36850	0.023266
36900	-0.156671
36950	-0.305823
37000	-0.141143
37050	-0.058737
37100	-0.115198
37150	-0.086022
37200	-0.033925
37250	-0.014503
37300	0.061707
37350	0.260048
37400	0.064461
37450	-0.051025
37500	-0.032180
37550	-0.058491
37600	-0.114228
37650	0.293016
37700	-0.043903
37750	0.183576
37800	0.227372
37850	0.128778
37900	0.100544
37950	0.164168
38000	-0.011504
38050	0.037946
38100	0.226238
38150	-0.097737
38200	0.008114
38250	0.040633
38300	0.258452
38350	-0.045307
38400	-0.010275
38450	0.036135
38500	0.033026
38550	0.072691
38600	0.032052
38650	0.221509
38700	0.082684
38750	-0.044521
38800	0.017348
38850	0.047258
38900	0.073439
38950	0.002414
39000	0.007683
39050	0.012858
39100	-0.058164
39150	-0.093339
39200	-0.069954
39250	0.052396
39300	-0.142199
39350	-0.246706
39400	-0.129762
39450	-0.124530
39500	0.004637
39550	-0.099399
39600	-0.084788
39650	0.025148
39700	0.048616
39750	0.074775
39800	0.132449
39850	0.022193
39900	0.013894
39950	-0.042424
40000	-0.038021
40050	-0.116487
40100	-0.143839
40150	-0.032457
40200	-0.054846
40250	-0.049756
40300	-0.009271
40350	0.130298
40400	0.086805
40450	-0.074127
40500	-0.063329
40550	0.168199
40600	0.069393
40650	0.256486
40700	0.075097
40750	0.144192
40800	0.254390
40850	-0.027388
40900	0.198355
40950	0.007718
41000	0.063557
41050	-0.088862
41100	-0.062116
41150	-0.151690
41200	-0.046308
41250	0.117220
41300	0.164559
41350	-0.061802
41400	0.093704
41450	-0.180443
41500	-0.059162
41550	-0.052017
41600	0.071447
41650	-0.012319
41700	-0.052022
41750	0.248260
41800	0.140959
41850	-0.100240
41900	-0.106556
41950	0.062829
42000	-0.020626
42050	0.058164
42100	0.052806
42150	0.004767
42200	-0.105072
42250	0.159407
42300	-0.009309
42350	0.129352
42400	0.127100
42450	-0.030251
42500	0.146599
42550	-0.056630
42600	0.131952
42650	0.014032
42700	-0.026541
42750	-0.025151
42800	0.231614
42850	-0.040447
42900	-0.208527
42950	-0.049095
43000	-0.233980
43050	0.017839
43100	0.013315
43150	0.037993
43200	-0.153954
43250	0.007230
43300	-0.162035
43350	-0.082024
43400	0.134196
43450	0.047451
43500	-0.093332
43550	0.120020
43600	0.332378
43650	-0.039140
43700	-0.011249
43750	-0.170343
43800	-0.008186
43850	0.141515
43900	0.232835
43950	0.163827
44000	0.108542
44050	-0.058020
44100	-0.125964
44150	-0.111221
44200	-0.023283
44250	-0.061036
44300	0.092777
44350	-0.122635
44400	-0.002983
44450	0.248887
44500	0.117873
44550	-0.044736
44600	0.139473
44650	0.064447
44700	0.084901
44750	-0.073230
44800	-0.130742
44850	0.063055
44900	-0.064331
44950	0.123168
45000	0.176454
45050	-0.032198
45100	0.211925
45150	0.185539
45200	0.124779
45250	0.171837
45300	-0.022787
45350	-0.190487
45400	-0.022600
45450	-0.190335
45500	-0.213886
45550	0.109584
45600	-0.152696
45650	0.037762
45700	0.093187
45750	0.010162
45800	-0.027906
45850	-0.174598
45900	0.038638
45950	0.050336
46000	-0.150339
46050	0.104501
46100	-0.022329
46150	0.097419
46200	0.088267
46250	0.027848
46300	-0.042475
46350	-0.029338
46400	0.132431
46450	0.098426
46500	0.028345
46550	0.069729
46600	0.014433
46650	-0.081493
46700	-0.090885
46750	0.060758
46800	0.045495
46850	-0.038876
46900	-0.100499
46950	-0.013078
47000	0.186238
47050	0.042006
47100	0.045882
47150	0.207049
47200	-0.061845
47250	0.009225
47300	-0.126501
47350	-0.100065
47400	-0.017340
47450	0.064373
47500	-0.005332
47550	0.077986
47600	0.017976
47650	-0.134944
47700	0.204473
47750	0.146215
47800	-0.043419
47850	-0.112238
47900	0.182006
47950	-0.064228
48000	0.067136
48050	-0.020250
48100	-0.019350
48150	0.119091
48200	-0.076408
48250	0.289248
48300	-0.116900
48350	0.098136
48400	0.261343
48450	0.056892
48500	0.015888
48550	0.059079
48600	0.124764
48650	-0.067403
48700	-0.036146
48750	-0.088198
48800	-0.041336
48850	0.172073
48900	0.055257
48950	0.127688
49000	0.172505
49050	-0.104116
49100	0.023223
49150	-0.184327
49200	-0.116275
49250	-0.033347
49300	0.143929
49350	0.023221
49400	0.029373
49450	0.110408
49500	0.065661
49550	-0.095149
49600	-0.119321
49650	-0.046134
49700	-0.038930
49750	0.005731
49800	-0.271291
49850	-0.055282
49900	-0.086638
49950	0.032533
50000	-0.060961
50050	-0.038395
50100	0.051913
50150	-0.010353
50200	-0.040972
50250	0.026860
50300	0.063529
50350	0.018696
50400	-0.020897
50450	0.004474
50500	0.100025
50550	0.102528
50600	-0.114491
50650	-0.379595
50700	0.167615
50750	0.051000
50800	0.351596
50850	0.036473
50900	0.070058
50950	0.154145
51000	-0.046317
51050	0.173132
51100	0.003468
51150	0.091839
51200	0.025125
51250	0.223095
51300	-0.136526
51350	0.017268
51400	-0.026101
51450	-0.013391
51500	0.260132
51550	-0.013721
51600	0.015863
51650	0.111714
51700	-0.037271
51750	0.057024
51800	-0.041258
51850	0.122751
51900	0.134194
51950	0.240844
52000	0.121720
52050	0.094447
52100	0.177827
52150	-0.112964
52200	-0.275586
52250	-0.182933
52300	-0.039348
52350	0.016906
52400	-0.051111
52450	0.024911
52500	0.109718
52550	-0.012743
52600	-0.025787
52650	0.033707
52700	-0.122954
52750	0.059593
52800	0.054753
52850	-0.028035
52900	-0.148386
52950	0.113263
53000	0.090120
53050	-0.023901
53100	-0.090990
53150	-0.143915
53200	-0.094088
53250	-0.036846
53300	-0.100055
53350	0.090819
53400	-0.310512
53450	-0.035660
53500	-0.106860
53550	0.119570
53600	0.188821
53650	-0.029533
53700	-0.015438
53750	0.002093
53800	0.004277
53850	-0.156514
53900	0.040823
53950	0.083029
54000	0.051520
54050	0.149969
54100	-0.092885
54150	0.062080
54200	-0.025882
54250	0.053477
54300	0.087613
54350	-0.138529
54400	0.041116
54450	0.093582
54500	-0.050999
54550	0.094599
54600	0.053835
54650	0.118441
54700	0.042831
54750	-0.243039
54800	0.130213
54850	0.081274
54900	0.082614
54950	0.017363
55000	0.142331
55050	0.059580
55100	0.065519
55150	-0.056206
55200	0.005750
55250	-0.089728
55300	0.075131
55350	0.078047
55400	-0.192743
55450	-0.076332
55500	0.094542
55550	-0.008178
55600	-0.085480
55650	-0.024598
55700	-0.157976
55750	-0.035105
55800	-0.012195
55850	-0.017663
55900	-0.065943
55950	-0.100172
56000	0.039659
56050	0.096861
56100	-0.080822
56150	0.096162
56200	-0.123106
56250	-0.050672
56300	-0.065544
56350	-0.125860
56400	-0.164904
56450	0.113324
56500	0.089045
56550	0.042433
56600	-0.037397
56650	0.077303
56700	-0.150964
56750	0.061108
56800	0.068905
56850	-0.130879
56900	0.154393
56950	-0.139205
57000	-0.052425
57050	0.051715
57100	-0.049640
57150	0.161312
57200	-0.188151
57250	-0.112727
57300	-0.213913
57350	0.034341
57400	0.276297
57450	-0.020466
57500	-0.085097
57550	0.135764
57600	-0.004534
57650	-0.033006
57700	0.096891
57750	-0.039152
57800	0.031237
57850	-0.025685
57900	-0.000651
57950	0.016319
58000	0.144120
58050	-0.056068
58100	-0.043985
58150	0.150886
58200	0.027517
58250	0.101005
58300	0.083190
58350	0.134562
58400	-0.239755
58450	-0.090647
58500	-0.116880
58550	-0.227643
58600	-0.004791
58650	0.025793
58700	0.073220
58750	-0.061562
58800	-0.047817
58850	0.032702
58900	0.027709
58950	-0.115634
59000	0.058368
59050	-0.034881
59100	0.085985
59150	0.091205
59200	-0.070943
59250	0.097718
59300	-0.147364
59350	-0.099196
59400	0.029138
59450	-0.109860
59500	-0.129981
59550	0.202539
59600	0.009623
59650	0.050477
59700	0.136169
59750	0.130344
59800	0.137330
59850	0.032175
59900	0.062161
59950	0.152852
60000	0.131404
60050	0.199027
60100	0.172520
60150	0.150483
60200	0.153668
60250	0.156271
60300	0.110717
60350	0.084403
60400	-0.124097
60450	-0.061710
60500	0.030489
60550	0.005921
60600	0.102386
60650	0.071043
60700	-0.152816
60750	0.344551
60800	-0.012812
60850	0.131622
60900	0.013717
60950	-0.125273
61000	-0.170380
61050	0.024424
61100	-0.099708
61150	0.001151
61200	0.123255
61250	0.076720
61300	-0.012303
61350	0.096220
61400	-0.029788
61450	0.013862
61500	-0.025265
61550	0.041397
61600	-0.128201
61650	-0.052057
61700	-0.020564
61750	-0.122556
61800	-0.169084
61850	0.028615
61900	0.206340
61950	0.088294
62000	0.090105
62050	0.029720
62100	0.129005
62150	-0.026224
62200	-0.125352
62250	-0.022508
62300	-0.010969
62350	-0.033841
62400	0.142868
62450	0.110894
62500	-0.041425
62550	0.204627
62600	0.098782
62650	0.099034
62700	0.110853
62750	-0.044121
62800	-0.201840
62850	-0.204235
62900	-0.071440
62950	-0.080260
63000	0.056377
63050	0.018991
63100	0.070956
63150	0.000378
63200	0.135819
63250	0.051612
63300	-0.002349
63350	0.112929
63400	0.225622
63450	0.161629
63500	0.167184
63550	0.260002
63600	0.135746
63650	0.081846
63700	0.052881
63750	0.040012
63800	-0.038388
63850	0.015149
63900	0.095340
63950	0.105507
64000	0.198561
64050	0.154550
64100	-0.057413
64150	-0.025526
64200	-0.035446
64250	0.142572
64300	-0.127466
64350	0.140144
64400	-0.077473
64450	0.026371
64500	-0.020155
64550	-0.042748
64600	0.098347
64650	0.157662
64700	0.314708
64750	-0.036907
64800	-0.135504
64850	0.048250
64900	-0.132828
64950	-0.057113
65000	0.002604
65050	0.004071
65100	0.108895
65150	0.064516
65200	0.002056
65250	0.092850
65300	-0.208552
65350	-0.039109
65400	-0.069211
65450	0.154008
65500	-0.010783
65550	-0.071803
65600	0.006331
65650	-0.042429
65700	-0.047259
65750	-0.039667
65800	-0.186733
65850	-0.132785
65900	-0.065709
65950	-0.125625
66000	0.138713
66050	0.008536
66100	0.095404
66150	0.041839
66200	-0.066171
66250	0.087651
66300	-0.090390
66350	0.014138
66400	0.074068
66450	0.099593
66500	-0.029726
66550	-0.129951
66600	-0.019904
66650	-0.136522
66700	0.064596
66750	0.075346
66800	0.103193
66850	0.202091
66900	-0.111068
66950	0.027972
67000	-0.001731
67050	0.001422
67100	-0.101914
67150	-0.201668
67200	-0.108285
67250	-0.170674
67300	-0.091111
67350	0.035089
67400	0.029358
67450	-0.013430
67500	0.037439
67550	-0.015411
67600	-0.102330
67650	0.005940
67700	-0.068438
67750	0.098551
67800	0.072324
67850	0.109542
67900	0.059689
67950	-0.067245
68000	-0.227880
68050	-0.158777
68100	0.023164
68150	0.139747
68200	0.102064
68250	0.103539
68300	0.083069
68350	-0.042427
68400	-0.244913
68450	-0.097210
68500	0.217479
68550	0.104207
68600	0.164339
68650	0.163311
68700	0.052913
68750	0.131116
68800	0.013763
68850	0.091443
68900	-0.035763
68950	0.138768
69000	0.070689
69050	-0.200253
69100	-0.032551
69150	0.046145
69200	0.114016
69250	0.055380
69300	0.176903
69350	0.082361
69400	0.094128
69450	0.021404
69500	-0.005389
69550	0.054614
69600	0.115970
69650	0.067361
69700	0.058905
69750	0.083072
69800	0.177527
69850	-0.033915
69900	-0.035896
69950	-0.015472
70000	-0.155644
70050	-0.091048
70100	-0.017234
70150	-0.058302
70200	-0.067735
70250	0.121218
70300	-0.039686
70350	0.003698
70400	0.135060
70450	0.012893
70500	0.126819
70550	-0.089667
70600	-0.047609
70650	-0.105052
70700	-0.197501
70750	-0.038880
70800	-0.048246
70850	-0.077966
70900	-0.022007
70950	0.061085
71000	0.074176
71050	-0.037412
71100	0.080975
71150	-0.117009
71200	-0.088133
71250	-0.068071
71300	-0.002120
71350	0.077063
71400	-0.012967
71450	-0.161806
71500	-0.122642
71550	-0.102727
71600	-0.024432
71650	0.039751
71700	0.175392
71750	-0.114524
71800	0.014730
71850	-0.036634
71900	-0.085365
71950	-0.016489
72000	0.050036
72050	-0.061908
72100	0.169812
72150	0.146187
72200	-0.017485
72250	-0.142341
72300	-0.186964
72350	0.130217
72400	0.191030
72450	0.001221
72500	-0.045733
72550	-0.119353
72600	-0.172379
72650	0.047092
72700	0.159914
72750	0.213700
72800	-0.060253
72850	-0.076162
72900	0.096442
72950	-0.086857
73000	0.005956
73050	0.098288
73100	0.001571
73150	-0.027896
73200	0.160946
73250	-0.137033
73300	0.082037
73350	0.071739
73400	0.099922
73450	0.151881
73500	0.061596
73550	0.010758
73600	-0.000123
73650	0.052528
73700	-0.110858
73750	-0.064935
73800	0.076523
73850	0.073200
73900	0.195402
73950	-0.016229
74000	-0.081570
74050	0.145134
74100	0.017560
74150	-0.094490
74200	-0.142220
74250	-0.042125
74300	0.031073
74350	-0.214987
74400	0.009503
74450	-0.122111
74500	0.052664
74550	0.077665
74600	0.092183
74650	0.040470
74700	-0.077111
74750	-0.004086
74800	0.072962
74850	-0.223044
74900	0.051600
74950	0.070462
75000	0.018578
75050	0.161588
75100	0.199507
75150	0.067358
75200	-0.019921
75250	0.051210
75300	-0.182792
75350	-0.092722
75400	-0.015796
75450	-0.142754
75500	-0.052040
75550	0.125875
75600	-0.004612
75650	0.026274
75700	0.013436
75750	0.131109
75800	0.071471
75850	0.207820
75900	0.086532
75950	0.046976
76000	0.174157
76050	0.144722
76100	0.049865
76150	0.019719
76200	0.159571
76250	-0.106445
76300	0.044082
76350	-0.138449
76400	-0.067320
76450	-0.009771
76500	-0.002484
76550	-0.002371
76600	0.029127
76650	0.149160
76700	-0.057940
76750	0.048378
76800	0.032982
76850	0.073240
76900	-0.128234
76950	0.032502
77000	0.290570
77050	0.104262
77100	0.041069
77150	-0.107696
77200	0.122692
77250	-0.024925
77300	0.079281
77350	0.168677
77400	-0.054112
77450	-0.179218
77500	-0.115749
77550	-0.131407
77600	0.039308
77650	0.056382
77700	0.032053
77750	0.071790
77800	-0.212054
77850	-0.075017
77900	-0.140183
77950	0.114992
78000	0.010567
78050	-0.307977
78100	-0.275338
78150	0.090440
78200	0.198988
78250	-0.150908
78300	-0.063978
78350	-0.100245
78400	0.032570
78450	0.098642
78500	0.011318
78550	-0.011555
78600	-0.172980
78650	-0.043031
78700	-0.040817
78750	-0.056334
78800	0.227767
78850	-0.065365
78900	-0.110007
78950	-0.039792
79000	0.126121
79050	-0.116346
79100	0.044724
79150	0.092997
79200	0.151113
79250	-0.085851
79300	0.183986
79350	-0.067038
79400	0.151150
79450	-0.111825
79500	-0.221141
79550	-0.285716
79600	-0.164067
79650	-0.161777
79700	-0.075572
79750	0.096745
79800	0.032687
79850	-0.319190
79900	-0.135626
79950	0.153268
80000	0.015606
80050	0.059426
80100	0.143900
80150	-0.073935
80200	0.121231
80250	-0.199135
80300	0.061287
80350	0.016608
80400	0.132760
80450	-0.109583
80500	0.176607
80550	0.038765
80600	0.134340
80650	0.069120
80700	0.022655
80750	0.053439
80800	0.150106
80850	-0.279895
80900	-0.105843
80950	0.088343
81000	0.089373
81050	-0.028487
81100	-0.170576
81150	-0.193369
81200	0.264975
81250	0.045950
81300	-0.019589
81350	0.151136
81400	0.119212
81450	0.069263
81500	-0.034559
81550	0.036596
81600	0.146567
81650	-0.018092
81700	0.078840
81750	-0.152946
81800	0.086359
81850	0.004483
81900	-0.014835
81950	0.206887
82000	0.164758
82050	-0.084470
82100	-0.068142
82150	-0.091138
82200	0.008048
82250	-0.159845
82300	-0.030938
82350	-0.061265
82400	-0.023874
82450	0.081510
82500	-0.108035
82550	-0.278148
82600	-0.031446
82650	0.095319
82700	-0.005343
82750	0.082594
82800	0.023641
82850	0.056105
82900	0.078722
82950	-0.159262
83000	-0.110724
83050	-0.103861
83100	0.040131
83150	0.212415
83200	-0.205640
83250	0.028679
83300	0.083097
83350	-0.230554
83400	-0.082890
83450	-0.034587
83500	0.093840
83550	0.239710
83600	-0.050357
83650	0.118039
83700	-0.014013
83750	-0.125882
83800	-0.008842
83850	0.104200
83900	-0.192623
83950	-0.104140
84000	0.094658
84050	-0.068608
84100	0.099788
84150	0.235379
84200	0.148452
84250	0.013128
84300	-0.011099
84350	0.188633
84400	-0.013923
84450	0.019836
84500	0.184054
84550	-0.092922
84600	-0.040443
84650	-0.115613
84700	-0.031060
84750	-0.008119
84800	0.092005
84850	0.056675
84900	-0.151902
84950	0.053490
85000	0.038980
85050	-0.030122
85100	0.044820
85150	0.007810
85200	0.026855
85250	-0.119875
85300	0.041684
85350	0.215451
85400	0.154994
85450	0.107507
85500	0.070482
85550	0.145586
85600	-0.276760
85650	0.070171
85700	-0.089308
85750	0.066928
85800	-0.128805
85850	-0.090376
85900	-0.089698
85950	-0.115102
86000	-0.130510
86050	-0.198149
86100	-0.059597
86150	-0.063896
86200	-0.007890
86250	0.190766
86300	0.045822
86350	-0.095457
86400	0.066008
86450	0.032554
86500	0.008276
86550	0.137639
86600	-0.007870
86650	0.205624
86700	-0.192005
86750	-0.118222
86800	0.153798
86850	0.121643
86900	0.091718
86950	0.139613
87000	-0.007148
87050	0.042890
87100	-0.250133
87150	-0.298173
87200	-0.033066
87250	0.055218
87300	-0.046574
87350	0.010136
87400	-0.148551
87450	-0.089890
87500	-0.015923
87550	0.158519
87600	0.220768
87650	0.146904
87700	0.249683
87750	-0.139428
87800	0.223501
87850	0.082312
87900	0.036789
87950	0.026609
88000	-0.012536
88050	0.071427
88100	-0.197428
88150	0.081635
88200	0.090517
88250	0.246920
88300	0.174745
88350	0.090173
88400	0.057268
88450	-0.015856
88500	0.037231
88550	0.025986
88600	-0.076947
88650	-0.383430
88700	0.074495
88750	-0.075053
88800	0.143372
88850	0.122947
88900	0.074135
88950	0.051289
89000	-0.010168
89050	-0.062361
89100	0.051871
89150	-0.073605
89200	-0.255129
89250	0.089859
89300	-0.109325
89350	-0.173463
89400	0.086797
89450	-0.105817
89500	0.035494
89550	0.020411
89600	-0.063923
89650	-0.058024
89700	-0.046057
89750	0.159230
89800	0.029308
89850	0.051511
89900	-0.083701
89950	0.091083
90000	0.097859
90050	0.189437
90100	0.039658
90150	0.142707
90200	0.008509
90250	-0.179681
90300	0.156005
90350	0.193505
90400	0.225837
90450	-0.095076
90500	-0.186372
90550	-0.030448
90600	0.203258
90650	-0.052076
90700	-0.060129
90750	-0.109377
90800	-0.086470
90850	-0.140575
90900	-0.295755
90950	-0.061976
91000	-0.111024
91050	0.000938
91100	0.073172
91150	0.100690
91200	0.159294
91250	-0.216163
91300	0.058413
91350	0.006013
91400	0.026072
91450	-0.193973
91500	-0.055891
91550	-0.138738
91600	0.083929
91650	0.183249
91700	-0.131253
91750	-0.129237
91800	-0.028223
91850	-0.019736
91900	0.116878
91950	0.024218
92000	0.180158
92050	-0.204760
92100	-0.026272
92150	0.119439
92200	-0.238222
92250	0.104666
92300	0.180275
92350	0.088406
92400	-0.164458
92450	-0.155675
92500	-0.151988
92550	0.045464
92600	-0.078559
92650	0.055787
92700	0.141144
92750	-0.030583
92800	0.062971
92850	-0.034258
92900	0.176743
92950	-0.042951
93000	-0.200881
93050	0.048957
93100	0.088176
93150	0.108780
93200	-0.100262
93250	-0.025653
93300	0.122560
93350	0.081211
93400	0.116308
93450	-0.091589
93500	0.034516
93550	0.093702
93600	0.062349
93650	-0.058990
93700	0.046479
93750	0.048521
93800	0.032559
93850	0.089319
93900	0.121109
93950	0.127272
94000	-0.150949
94050	0.078811
94100	-0.135679
94150	-0.167422
94200	0.101919
94250	0.106032
94300	-0.208933
94350	-0.066475
94400	0.095234
94450	0.176063
94500	-0.104776
94550	0.145487
94600	-0.082369
94650	0.033699
94700	0.039070
94750	0.006625
94800	0.075477
94850	0.007114
94900	0.018653
94950	-0.014099
95000	0.006353
95050	-0.059419
95100	0.036842
95150	-0.020486
95200	0.174932
95250	-0.131454
95300	-0.276721
95350	-0.033233
95400	0.015675
95450	0.082306
95500	-0.015551
95550	0.008925
95600	-0.094101
95650	-0.076255
95700	0.119350
95750	-0.011704
95800	-0.094896
95850	0.033650
95900	-0.045534
95950	0.086421
96000	0.114483
96050	0.082220
96100	-0.101788
96150	-0.090404
96200	-0.071781
96250	0.064146
96300	0.051735
96350	-0.103086
96400	0.006056
96450	0.146281
96500	-0.043208
96550	-0.162930
96600	0.110906
96650	-0.183385
96700	0.170732
96750	0.370520
96800	-0.081108
96850	-0.009266
96900	0.204589
96950	0.019420
97000	-0.088212
97050	-0.088442
97100	-0.121586
97150	-0.064061
97200	0.028690
97250	0.083361
97300	0.026066
97350	0.031541
97400	-0.206338
97450	-0.136993
97500	-0.069921
97550	0.090869
97600	-0.030368
97650	-0.121916
97700	0.056184
97750	0.137472
97800	0.112536
97850	-0.052365
97900	0.007859
97950	-0.152101
98000	-0.137311
98050	0.164545
98100	-0.063624
98150	0.020076
98200	0.041254
98250	-0.071390
98300	-0.058094
98350	0.185342
98400	-0.072269
98450	-0.012807
98500	-0.005052
98550	-0.237128
98600	-0.010229
98650	0.033228
98700	0.142504
98750	-0.036156
98800	-0.064656
98850	0.059667
98900	-0.000834
98950	-0.018093
99000	-0.103360
99050	-0.152827
99100	0.038992
99150	-0.022226
99200	-0.111530
99250	0.138072
99300	0.073988
99350	0.122891
99400	0.139243
99450	0.027110
99500	0.089615
99550	-0.135436
99600	-0.022384
99650	0.064894
99700	0.040651
99750	-0.106069
99800	0.130471
99850	0.036472
99900	-0.011220
99950	-0.009764
100000	-0.001026
100050	-0.008919
100100	0.054510
100150	0.069173
100200	-0.018982
100250	0.081627
100300	0.111159
100350	0.063127
100400	0.019287
100450	0.116237
100500	0.130184
100550	-0.025656
100600	0.180707
100650	0.120670
100700	-0.002096
100750	-0.008156
100800	0.152887
100850	-0.023119
100900	-0.050917
100950	-0.127459
101000	-0.026299
101050	-0.177494
101100	-0.018691
101150	0.071364
101200	0.313658
101250	-0.047644
101300	0.146561
101350	-0.133765
101400	0.038692
101450	0.085479
101500	0.026386
101550	0.025509
101600	0.086903
101650	-0.080674
101700	0.005402
101750	0.101793
101800	-0.111101
101850	-0.047536
101900	-0.193979
101950	0.020963
102000	0.008251
102050	0.190273
102100	0.115593
102150	-0.021616
102200	0.131564
102250	-0.003804
102300	0.049968
102350	-0.004789
102400	-0.030755
102450	0.174043
102500	0.096028
102550	0.021947
102600	-0.042640
102650	-0.024825
102700	0.011792
102750	-0.084072
102800	0.096561
102850	0.122869
102900	0.021887
102950	0.086919
103000	0.053015
103050	0.042555
103100	-0.024588
103150	0.196672
103200	-0.094104
103250	0.038021
103300	-0.234932
103350	0.076323
103400	0.109643
103450	0.007555
103500	0.048631
103550	-0.148183
103600	0.051476
103650	0.061135
103700	0.160524
103750	0.039939
103800	0.141854
103850	-0.049843
103900	0.141224
103950	-0.000374
104000	-0.241593
104050	-0.097615
104100	0.028065
104150	0.139460
104200	0.122774
104250	0.032969
104300	-0.046822
104350	-0.049859
104400	0.064336
104450	0.010941
104500	-0.130095
104550	0.059104
104600	-0.102070
104650	0.034645
104700	0.084930
104750	0.157442
104800	0.036645
104850	0.047861
104900	-0.046639
104950	-0.024739
105000	-0.062620
105050	-0.102789
105100	-0.097427
105150	0.159060
105200	0.011424
105250	0.186656
105300	0.009429
105350	0.006082
105400	-0.000141
105450	0.085874
105500	0.045002
105550	-0.108485
105600	-0.191460
105650	0.206237
105700	0.033850
105750	0.154875
105800	0.162576
105850	0.088972
105900	-0.013807
105950	0.031241
106000	-0.075607
106050	0.043823
106100	0.055194
106150	-0.039910
106200	0.146698
106250	0.021250
106300	0.136897
106350	0.095678
106400	0.007736
106450	-0.105872
106500	-0.047818
106550	0.052733
106600	-0.020622
106650	-0.286108
106700	0.040156
106750	-0.055062
106800	-0.085537
106850	-0.128489
106900	-0.063677
106950	0.257083
107000	0.125660
107050	-0.100837
107100	0.113900
107150	0.163548
107200	0.197798
107250	0.266850
107300	-0.060939
107350	0.027258
107400	-0.036662
107450	0.087008
107500	-0.018265
107550	-0.037265
107600	0.200458
107650	-0.082364
107700	0.025334
107750	0.048405
107800	0.087062
107850	-0.040651
107900	0.095479
107950	-0.066745
108000	0.022919
108050	0.095526
108100	-0.038699
108150	-0.010182
108200	0.130757
108250	0.027738
108300	-0.053226
108350	-0.136098
108400	-0.230760
108450	0.136708
108500	0.049963
108550	-0.013228
108600	0.138398
108650	0.209999
108700	0.140897
108750	0.005697
108800	0.269416
108850	0.151416
108900	0.195918
108950	-0.065255
109000	0.149947
109050	-0.027493
109100	-0.005886
109150	-0.043822
109200	0.026429
109250	0.004754
109300	-0.062977
109350	0.025630
109400	0.100622
109450	-0.084962
109500	-0.027054
109550	-0.012837
109600	-0.133517
109650	-0.170775
109700	0.133694
109750	-0.042966
109800	0.226979
109850	-0.106907
109900	-0.003991
109950	-0.198682
110000	-0.054694
110050	0.034972
110100	0.015306
110150	0.055309
110200	-0.141777
110250	-0.018337
110300	-0.051868
110350	-0.060390
110400	0.061936
110450	-0.054146
110500	0.021287
110550	-0.086274
110600	0.110761
110650	-0.049506
110700	-0.018959
110750	-0.049865
110800	0.031112
110850	0.011660
110900	-0.229269
110950	-0.136852
111000	-0.091727
111050	0.027733
111100	-0.102818
111150	-0.015689
111200	0.057534
111250	0.137497
111300	0.227098
111350	-0.107082
111400	0.175934
111450	-0.047726
111500	-0.112120
111550	0.271735
111600	0.139456
111650	0.135471
111700	0.045086
111750	0.016349
111800	0.019062
111850	0.132061
111900	-0.140105
111950	-0.151299
112000	0.067435
112050	0.091666
112100	0.024350
112150	-0.106342
112200	-0.077501
112250	0.275119
112300	-0.087088
112350	-0.051016
112400	0.133355
112450	-0.014899
112500	-0.234761
112550	-0.141795
112600	0.080359
112650	0.103254
112700	0.045299
112750	0.107918
112800	-0.138374
112850	0.022516
112900	-0.170552
112950	-0.022143
113000	-0.156292
113050	0.075985
113100	-0.090912
113150	-0.071114
113200	-0.138078
113250	-0.080100
113300	-0.087166
113350	0.038058
113400	-0.203320
113450	-0.082054
113500	-0.174976
113550	0.128221
113600	0.057510
113650	0.070222
113700	-0.150053
113750	-0.030240
113800	0.108957
113850	-0.022846
113900	0.228935
113950	-0.000905
114000	0.084607
114050	0.009744
114100	0.034734
114150	-0.019364
114200	0.133975
114250	0.046905
114300	-0.079378
114350	-0.057497
114400	0.137037
114450	0.330578
114500	-0.044771
114550	-0.123816
114600	0.037274
114650	-0.041112
114700	-0.141450
114750	-0.085668
114800	-0.110989
114850	-0.126860
114900	-0.025001
114950	0.069780
115000	-0.034551
115050	-0.046644
115100	0.071925
115150	0.243469
115200	0.295027
115250	-0.070329
115300	0.032720
115350	-0.082167
115400	0.078195
115450	-0.091546
115500	0.088938
115550	0.095956
115600	-0.041746
115650	0.188501
115700	0.065098
115750	-0.092094
115800	0.134195
115850	-0.018063
115900	-0.039115
115950	0.068426
116000	-0.064262
116050	-0.212684
116100	-0.092464
116150	0.073002
116200	0.115349
116250	0.062962
116300	-0.253904
116350	-0.080831
116400	-0.176845
116450	-0.112829
116500	-0.147739
116550	0.055749
116600	0.037630
116650	-0.009760
116700	-0.010715
116750	-0.077195
116800	0.080184
116850	0.081264
116900	-0.000838
116950	0.049736
117000	0.036865
117050	-0.106002
117100	-0.060113
117150	0.252478
117200	-0.158037
117250	-0.115532
117300	0.141820
117350	0.058870
117400	0.102696
117450	-0.232600
117500	-0.268823
117550	-0.134921
117600	0.173294
117650	-0.007254
117700	0.082215
117750	0.117021
117800	-0.008624
117850	-0.036206
117900	-0.218971
117950	-0.091389
118000	-0.061046
118050	0.086090
118100	-0.083565
118150	-0.189356
118200	-0.009899
118250	-0.151664
118300	-0.000074
118350	0.159564
118400	-0.049322
118450	-0.076930
118500	-0.302749
118550	-0.330034
118600	0.099892
118650	-0.064065
118700	-0.166862
118750	-0.267545
118800	-0.026908
118850	0.019123
118900	-0.037241
118950	-0.085416
119000	-0.154720
119050	-0.042003
119100	-0.090886
119150	-0.153355
119200	-0.143885
119250	0.003814
119300	-0.144884
119350	-0.056772
119400	0.095812
119450	0.216645
119500	0.014789
119550	0.078830
119600	0.104962
119650	0.048252
119700	-0.043305
119750	-0.143498
119800	0.035242
119850	0.107709
119900	0.271370
119950	-0.130375
120000	0.325575
120050	-0.007005
120100	0.050281
120150	0.097310
120200	-0.065681
120250	-0.131630
120300	-0.205018
120350	-0.065186
120400	-0.034496
120450	-0.012604
120500	0.302596
120550	0.020684
120600	-0.087443
120650	-0.181799
120700	-0.016022
120750	0.052212
120800	-0.130758
120850	-0.081497
120900	0.001292
120950	0.064058
121000	0.097979
121050	-0.004416
121100	-0.162604
121150	-0.112211
121200	0.154892
121250	0.036198
121300	-0.050641
121350	-0.106855
121400	-0.094820
121450	-0.122695
121500	0.112793
121550	0.040521
121600	-0.299092
121650	0.123432
121700	0.078560
121750	0.180011
121800	0.176425
121850	0.033764
121900	0.079694
121950	-0.041577
122000	-0.197605
122050	-0.170207
122100	-0.077288
122150	0.100313
122200	0.012384
122250	0.012108
122300	-0.295089
122350	-0.106168
122400	-0.030691
122450	0.150393
122500	-0.021067
122550	0.003772
122600	-0.036883
122650	-0.086627
122700	0.111315
122750	-0.019702
122800	-0.061170
122850	0.000675
122900	-0.062035
122950	-0.200316
123000	0.169910
123050	0.085536
123100	-0.086795
123150	0.068301
123200	-0.007877
123250	-0.111779
123300	-0.104864
123350	0.165848
123400	-0.076898
123450	0.137711
123500	0.088164
123550	-0.137672
123600	0.048053
123650	0.201881
123700	0.013022
123750	0.123067
123800	0.051551
123850	0.011626
123900	0.092928
123950	0.148026
124000	0.184213
124050	0.039223
124100	-0.076259
124150	-0.026110
124200	0.119935
124250	0.123073
124300	0.176661
124350	0.065974
124400	0.008350
124450	0.014694
124500	0.165602
124550	-0.161032
124600	-0.190659
124650	0.091997
124700	-0.109441
124750	-0.008114
124800	-0.220160
124850	0.132771
124900	0.131056
124950	-0.121494
125000	0.228817
125050	-0.086990
125100	0.019340
125150	-0.071556
125200	0.012662
125250	0.036763
125300	-0.138847
125350	-0.135138
125400	-0.154328
125450	-0.225830
125500	0.152808
125550	0.013255
125600	0.003080
125650	0.162857
125700	-0.263751
125750	-0.122857
125800	-0.147860
125850	-0.248508
125900	-0.202191
125950	0.195834
126000	0.186795
126050	-0.163638
126100	-0.095373
126150	-0.245275
126200	0.098255
126250	0.038325
126300	0.051379
126350	-0.133779
126400	-0.123005
126450	0.014855
126500	-0.169732
126550	0.217666
126600	0.047371
126650	-0.087552
126700	0.000218
126750	-0.250109
126800	0.038999
126850	0.030945
126900	-0.163713
126950	-0.076906
127000	0.127254
127050	-0.032396
127100	-0.109642
127150	0.000037
127200	0.105577
127250	-0.164299
127300	0.239315
127350	0.046601
127400	-0.034389
127450	0.128099
127500	0.068861
127550	0.095116
127600	-0.048646
127650	0.094269
127700	0.020030
127750	0.057320
127800	-0.094275
127850	0.124804
127900	0.152271
127950	-0.006943
128000	0.094093
128050	-0.083284
128100	-0.044315
128150	-0.067325
128200	-0.151741
128250	0.107375
128300	0.166349
128350	0.073785
128400	0.030634
128450	-0.217398
128500	0.011414
128550	0.121193
128600	0.060319
128650	-0.123707
128700	-0.002137
128750	-0.113930
128800	0.006505
128850	-0.093558
128900	-0.050560
128950	-0.027649
129000	0.083084
129050	0.015422
129100	-0.156995
129150	-0.167524
129200	-0.003552
129250	-0.056032
129300	0.053091
129350	0.321481
129400	0.015311
129450	0.016672
129500	0.015965
129550	-0.085885
129600	-0.056156
129650	-0.220706
129700	-0.064030
129750	0.040652
129800	0.020114
129850	-0.016612
129900	0.034952
129950	0.022421
130000	-0.097577
130050	-0.201517
130100	-0.086433
130150	0.032595
130200	0.199906
130250	-0.046202
130300	-0.121015
130350	0.061921
130400	-0.106495
130450	-0.027795
130500	0.045476
130550	-0.059610
130600	0.141671
130650	-0.068510
130700	-0.139375
130750	-0.002598
130800	0.013292
130850	-0.075830
130900	-0.009102
130950	-0.247138
131000	0.181223
131050	-0.066488
131100	0.070083
131150	-0.074448
131200	-0.136265
131250	0.025238
131300	-0.089572
131350	0.015937
131400	0.065076
131450	0.081310
131500	0.107972
131550	0.002999
131600	-0.171702
131650	-0.062237
131700	-0.176743
131750	0.105692
131800	-0.138542
131850	0.009217
131900	-0.138624
131950	0.086567
132000	-0.001200
132050	-0.008603
132100	0.139390
132150	0.133966
132200	0.045409
132250	-0.067957
132300	0.089515
132350	-0.048605
132400	-0.125236
132450	-0.218147
132500	0.266727
132550	-0.116902
132600	-0.210584
132650	0.109662
132700	0.049063
132750	0.047092
132800	0.025339
132850	0.181291
132900	0.058708
132950	0.167074
133000	-0.062661
133050	-0.210258
133100	0.005731
133150	-0.045957
133200	-0.061709
133250	-0.043971
133300	-0.063997
133350	0.028422
133400	0.085628
133450	0.081367
133500	-0.266166
133550	-0.000821
133600	-0.003933
133650	0.012338
133700	0.061930
133750	-0.009255
133800	0.052505
133850	0.053816
133900	0.086437
133950	-0.070516
134000	-0.206812
134050	-0.162218
134100	-0.006777
134150	-0.159590
134200	-0.064833
134250	-0.095093
134300	-0.038904
134350	0.101187
134400	-0.036565
134450	0.116749
134500	-0.114779
134550	-0.063810
134600	0.010268
134650	-0.048873
134700	-0.004215
134750	-0.099693
134800	0.108051
134850	-0.204330
134900	-0.235353
134950	0.104790
135000	-0.192204
135050	-0.239435
135100	-0.007332
135150	-0.077190
135200	0.122293
135250	-0.041931
135300	-0.142869
135350	0.069586
135400	-0.019050
135450	-0.032325
135500	0.155581
135550	0.103055
135600	0.257831
135650	0.209509
135700	0.246950
135750	-0.085080
135800	0.014233
135850	0.240950
135900	0.016193
135950	-0.265775
136000	-0.147838
136050	0.058750
136100	-0.068600
136150	0.062935
136200	-0.149675
136250	0.203164
136300	0.149442
136350	-0.171256
136400	0.126381
136450	0.070718
136500	-0.122221
136550	-0.120201
136600	0.159571
136650	0.064882
136700	0.018098
136750	0.057063
136800	-0.115128
136850	0.127843
136900	0.108612
136950	-0.002833
137000	-0.126091
137050	-0.108838
137100	0.047679
137150	-0.133003
137200	0.103794
137250	-0.123285
137300	0.138344
137350	-0.074617
137400	0.133742
137450	-0.017218
137500	0.068237
137550	0.127630
137600	0.054611
137650	-0.137985
137700	0.119312
137750	0.003190
137800	0.112790
137850	-0.070370
137900	0.008022
137950	-0.234756
138000	-0.009259
138050	-0.040698
138100	-0.047504
138150	0.108061
138200	0.034557
138250	-0.055536
138300	-0.025068
138350	0.170765
138400	0.020636
138450	-0.135985
138500	0.218696
138550	0.052824
138600	-0.147080
138650	-0.078311
138700	0.100994
138750	-0.029304
138800	0.135650
138850	0.225362
138900	0.049704
138950	0.193366
139000	0.208840
139050	-0.004837
139100	-0.034806
139150	-0.056515
139200	-0.166532
139250	-0.279965
139300	0.068199
139350	-0.060572
139400	0.299918
139450	0.431402
139500	-0.081826
139550	-0.162725
139600	0.051427
139650	0.013969
139700	0.272347
139750	-0.011292
139800	-0.081293
139850	-0.017311
139900	-0.024354
139950	0.079811
140000	0.078620
140050	0.083529
140100	-0.172079
140150	-0.052224
140200	0.152999
140250	0.180331
140300	0.138716
140350	0.042712
140400	-0.044435
140450	-0.121161
140500	-0.008242
140550	0.148139
140600	0.037907
140650	0.027589
140700	-0.046421
140750	-0.090128
140800	-0.134167
140850	-0.082604
140900	0.043820
140950	-0.246182
141000	0.170796
141050	-0.086039
141100	-0.153253
141150	0.048673
141200	0.000087
141250	0.136951
141300	0.028249
141350	0.037033
141400	0.100890
141450	0.017580
141500	-0.112506
141550	-0.060255
141600	-0.150913
141650	0.073971
141700	-0.005194
141750	0.149051
141800	-0.158161
141850	0.230547
141900	0.000406
141950	-0.136960
142000	-0.113623
142050	0.014414
142100	-0.056288
142150	-0.001924
142200	0.012207
142250	-0.083359
142300	-0.086045
142350	0.040042
142400	0.007638
142450	-0.091057
142500	0.124751
142550	-0.119962
142600	0.167815
142650	-0.005855
142700	-0.130366
142750	-0.069757
142800	0.006844
142850	0.170994
142900	-0.071926
142950	-0.148689
143000	-0.035325
143050	0.134204
143100	0.090872
143150	0.012819
143200	-0.089788
143250	-0.034134
143300	-0.074003
143350	-0.047831
143400	-0.063029
143450	0.073979
143500	0.099108
143550	0.207040
143600	0.195210
143650	-0.055317
143700	-0.006409
143750	0.108659
143800	-0.048214
143850	-0.161239
143900	0.047952
143950	0.067631
144000	-0.185278
144050	0.124270
144100	-0.028255
144150	-0.076787
144200	-0.024773
144250	0.011430
144300	-0.276294
144350	0.128056
144400	0.132448
144450	0.091045
144500	-0.091567
144550	0.020174
144600	0.011565
144650	0.054584
144700	-0.212909
144750	-0.021720
144800	0.190745
144850	0.113266
144900	0.066147
144950	0.022882
145000	0.007617
145050	0.136811
145100	-0.281360
145150	0.106431
145200	0.012596
145250	-0.040575
145300	-0.017274
145350	-0.109108
145400	0.022908
145450	0.197680
145500	0.240719
145550	0.109525
145600	-0.001481
145650	-0.152404
145700	-0.074130
145750	-0.023114
145800	-0.116990
145850	0.152784
145900	-0.098627
145950	-0.047443
146000	0.003724
146050	0.131912
146100	0.150930
146150	-0.046208
146200	-0.010311
146250	-0.071536
146300	-0.183010
146350	-0.021527
146400	0.190754
146450	-0.067823
146500	-0.056469
146550	-0.025482
146600	-0.071941
146650	0.053805
146700	0.079550
146750	-0.045777
146800	-0.022742
146850	0.045213
146900	-0.230181
146950	0.105241
147000	-0.090467
147050	0.093750
147100	-0.098720
147150	0.033781
147200	-0.006669
147250	0.013645
147300	0.161445
147350	0.063720
147400	0.103183
147450	-0.156718
147500	-0.059194
147550	0.108832
147600	0.007585
147650	-0.001689
147700	0.087839
147750	-0.058918
147800	-0.030961
147850	-0.022907
147900	-0.003142
147950	-0.156747
148000	-0.119358
148050	0.050006
148100	-0.108470
148150	-0.092258
148200	0.036457
148250	0.008758
148300	0.112172
148350	0.192864
148400	0.046456
148450	0.145264
148500	0.049785
148550	0.029913
148600	-0.156090
148650	0.063799
148700	-0.070730
148750	-0.051106
148800	0.133974
148850	0.122276
148900	-0.062167
148950	0.099195
149000	-0.041307
149050	-0.038336
149100	0.089616
149150	0.203345
149200	-0.081834
149250	0.219150
149300	0.063294
149350	-0.010451
149400	-0.028632
149450	0.081841
149500	0.072115
149550	0.025242
149600	0.070524
149650	0.142145
149700	0.284642
149750	0.040203
149800	-0.196114
149850	0.008532
149900	-0.144370
149950	-0.059822
150000	-0.076612
150050	0.067188
150100	0.088464
150150	-0.092078
150200	-0.102285
150250	0.038049
150300	-0.096489
150350	-0.144791
150400	-0.043144
150450	-0.320107
150500	-0.045281
150550	-0.246988
150600	0.074743
150650	0.051208
150700	-0.061310
150750	-0.082382
150800	0.152319
150850	0.101907
150900	0.124492
150950	0.151257
151000	0.019618
151050	0.044029
151100	0.070406
151150	0.138829
151200	0.038537
151250	0.082038
151300	0.063338
151350	0.171316
151400	0.112975
151450	-0.145531
151500	0.252641
151550	-0.013688
151600	0.214090
151650	-0.094720
151700	-0.028584
151750	-0.067443
151800	-0.058843
151850	-0.144359
151900	0.059192
151950	0.116304
152000	-0.026926
152050	-0.091247
152100	-0.104589
152150	0.110236
152200	-0.044647
152250	0.003180
152300	-0.054104
152350	0.005252
152400	0.059737
152450	-0.013821
152500	-0.147399
152550	-0.050424
152600	0.154017
152650	-0.014440
152700	0.104078
152750	0.051242
152800	0.026628
152850	0.174250
152900	0.083388
152950	0.193589
153000	-0.047041
153050	-0.093438
153100	-0.090892
153150	0.015735
153200	0.048015
153250	0.041397
153300	0.088942
153350	0.011418
153400	0.211257
153450	-0.028076
153500	0.038069
153550	-0.018701
153600	0.078152
153650	0.168671
153700	0.176030
153750	-0.129844
153800	-0.018280
153850	-0.087341
153900	-0.013979
153950	-0.033448
154000	0.085783
154050	-0.088665
154100	0.062248
154150	0.033769
154200	0.028058
154250	-0.194114
154300	-0.065442
154350	0.143981
154400	-0.099266
154450	-0.057446
154500	-0.018251
154550	-0.138968
154600	0.045045
154650	-0.132534
154700	-0.198706
154750	0.071279
154800	0.153750
154850	-0.095440
154900	0.059727
154950	0.172816
155000	0.102079
155050	-0.026411
155100	-0.073864
155150	0.158206
155200	-0.059175
155250	0.031312
155300	-0.247565
155350	0.096854
155400	0.028830
155450	-0.127352
155500	-0.040365
155550	-0.284473
155600	0.288788
155650	0.068286
155700	-0.030506
155750	-0.016421
155800	-0.079491
155850	-0.198878
155900	0.132559
155950	-0.163970
156000	-0.089188
156050	-0.094006
156100	0.022965
156150	-0.025158
156200	-0.190096
156250	-0.057062
156300	-0.069485
156350	0.038680
156400	-0.012633
156450	0.112222
156500	0.012272
156550	-0.036883
156600	0.104755
156650	0.063103
156700	0.003652
156750	-0.069601
156800	-0.109071
156850	-0.118409
156900	-0.105415
156950	-0.195419
157000	-0.029995
157050	0.018649
157100	-0.048184
157150	0.077724
157200	0.021935
157250	-0.178226
157300	-0.199820
157350	-0.031335
157400	-0.013153
157450	-0.082414
157500	0.228479
157550	0.137352
157600	-0.177100
157650	-0.006329
157700	-0.199905
157750	-0.065117
157800	0.067526
157850	-0.184218
157900	0.179019
157950	0.102093
158000	-0.003461
158050	-0.178348
158100	-0.034495
158150	0.106191
158200	0.099584
158250	0.039429
158300	-0.107767
158350	-0.168036
158400	0.113914
158450	0.037722
158500	-0.163156
158550	0.051732
158600	-0.195054
158650	-0.089397
158700	0.028895
158750	-0.078352
158800	-0.166581
158850	-0.029258
158900	-0.070909
158950	-0.018217
159000	0.085882
159050	-0.058862
159100	-0.115336
159150	0.042549
159200	0.093697
159250	0.098172
159300	-0.051124
159350	-0.018256
159400	0.042865
159450	-0.067479
159500	0.137800
159550	0.027049
159600	0.024472
159650	0.238094
159700	0.064411
159750	-0.017045
159800	0.013293
159850	0.145499
159900	0.152269
159950	-0.164888
160000	-0.182392
160050	-0.223471
160100	-0.012998
160150	0.050006
160200	-0.109609
160250	0.069510
160300	-0.161337
160350	0.111817
160400	0.193241
160450	0.030253
160500	0.052637
160550	-0.040939
160600	-0.086335
160650	0.034746
160700	-0.046495
160750	0.040003
160800	0.081996
160850	0.120494
160900	0.017801
160950	0.019500
161000	0.112416
161050	-0.186553
161100	-0.066697
161150	0.039587
161200	0.122245
161250	-0.090117
161300	-0.104442
161350	0.016861
161400	-0.207364
161450	0.042421
161500	0.005118
161550	0.029552
161600	0.068634
161650	0.052875
161700	-0.029770
161750	0.142432
161800	-0.159464
161850	0.254878
161900	0.171757
161950	0.052746
162000	-0.087338
162050	-0.211216
162100	-0.049067
162150	-0.093600
162200	0.030482
162250	0.051471
162300	0.031365
162350	-0.076618
162400	0.169108
162450	-0.023699
162500	-0.033902
162550	-0.050782
162600	-0.062368
162650	0.060854
162700	0.024503
162750	-0.084870
162800	-0.053828
162850	0.136959
162900	-0.077732
162950	-0.093907
163000	0.195536
163050	0.172442
163100	0.043041
163150	-0.042839
163200	0.195016
163250	0.048013
163300	0.060954
163350	0.115724
163400	-0.026613
163450	0.178038
163500	0.019401
163550	0.203673
163600	-0.220189
163650	-0.091217
163700	0.286099
163750	0.022186
163800	0.101262
163850	0.027452
163900	0.263841
163950	-0.065143
164000	-0.215018
164050	-0.183719
164100	0.167230
164150	0.022868
164200	0.342279
164250	-0.102858
164300	-0.007287
164350	0.068530
164400	0.099072
164450	-0.056476
164500	0.079545
164550	0.008053
164600	-0.024036
164650	-0.069136
164700	-0.058446
164750	0.013321
164800	-0.089553
164850	-0.213430
164900	0.193738
164950	0.017839
165000	-0.102131
165050	-0.178929
165100	-0.004027
165150	0.213595
165200	0.090745
165250	-0.065183
165300	0.006969
165350	-0.096475
165400	-0.023100
165450	0.031915
165500	-0.029428
165550	0.076116
165600	-0.051587
165650	0.032635
165700	0.292808
165750	-0.010343
165800	-0.206565
165850	-0.128944
165900	-0.112020
165950	-0.003511
166000	-0.099021
166050	-0.108423
166100	0.013561
166150	-0.062612
166200	-0.082654
166250	-0.082969
166300	-0.079638
166350	0.053980
166400	0.147506
166450	0.045115
166500	0.121624
166550	-0.060573
166600	-0.057176
166650	0.003499
166700	0.000711
166750	-0.067566
166800	0.016749
166850	-0.200257
166900	-0.086113
166950	-0.195700
167000	0.145010
167050	-0.098757
167100	-0.107769
167150	-0.082426
167200	0.067272
167250	-0.098125
167300	0.062129
167350	-0.097812
167400	-0.240361
167450	-0.251435
167500	-0.149312
167550	-0.211915
167600	-0.066601
167650	-0.043136
167700	-0.047739
167750	0.014307
167800	-0.142175
167850	0.043026
167900	-0.020781
167950	0.013316
168000	-0.074559
168050	-0.143279
168100	0.079519
168150	-0.048298
168200	0.082994
168250	0.022666
168300	-0.001848
168350	0.020696
168400	0.068815
168450	-0.076552
168500	-0.032412
168550	-0.111794
168600	-0.139224
168650	0.046071
168700	0.360310
168750	-0.015670
168800	0.043722
168850	0.196777
168900	-0.065530
168950	0.083420
169000	-0.107921
169050	0.080824
169100	-0.128997
169150	-0.167803
169200	-0.025952
169250	-0.097589
169300	0.136312
169350	0.096085
169400	-0.027267
169450	-0.137626
169500	0.061517
169550	-0.136126
169600	0.089613
169650	-0.095851
169700	0.028781
169750	0.179884
169800	-0.054756
169850	-0.301768
169900	0.001978
169950	0.091839
170000	0.014234
170050	0.078204
170100	-0.105094
170150	0.006830
170200	-0.132861
170250	0.217228
170300	-0.109987
170350	-0.100699
170400	0.030442
170450	0.152405
170500	0.124839
170550	0.162020
170600	0.173209
170650	-0.090666
170700	-0.109535
170750	0.114958
170800	-0.013716
170850	0.034938
170900	0.090794
170950	0.118037
171000	-0.090401
171050	-0.039203
171100	-0.127456
171150	-0.073402
171200	0.050421
171250	0.223438
171300	-0.280726
171350	0.042922
171400	-0.022273
171450	-0.009218
171500	-0.014862
171550	-0.039312
171600	0.020661
171650	-0.139722
171700	-0.217242
171750	0.051822
171800	-0.078315
171850	-0.002038
171900	-0.151343
171950	0.122956
172000	0.066068
172050	-0.079319
172100	-0.072424
172150	-0.083567
172200	0.116382
172250	-0.028383
172300	-0.082181
172350	-0.056284
172400	0.087947
172450	0.083426
172500	-0.185376
172550	-0.076516
172600	-0.014452
172650	0.037480
172700	-0.036675
172750	-0.036883
172800	-0.067338
172850	-0.185212
172900	0.113272
172950	-0.127216
173000	-0.113232
173050	-0.070765
173100	0.036929
173150	-0.129292
173200	-0.234950
173250	-0.032359
173300	-0.159014
173350	-0.093840
173400	-0.146117
173450	0.222702
173500	-0.075717
173550	-0.229229
173600	0.054514
173650	0.021644
173700	0.149395
173750	0.124226
173800	0.068687
173850	0.074757
173900	0.114706
173950	-0.016261
174000	0.024556
174050	0.195613
174100	-0.077451
174150	0.001126
174200	0.192875
174250	0.125180
174300	0.014237
174350	0.102106
174400	-0.131126
174450	0.292639
174500	0.114814
174550	0.136559
174600	0.004839
174650	-0.073016
174700	0.111561
174750	0.059062
174800	-0.031791
174850	-0.011256
174900	0.091408
174950	0.153493
175000	-0.090583
175050	0.076067
175100	0.040635
175150	0.168600
175200	0.180396
175250	0.202069
175300	0.048416
175350	-0.141511
175400	-0.005683
175450	-0.334990
175500	0.218240
175550	0.197122
175600	0.003438
175650	0.108979
175700	0.034243
175750	-0.080700
175800	-0.029445
175850	0.074731
175900	0.046370
175950	0.135979
176000	0.121056
176050	0.012922
176100	-0.021793
176150	0.124583
176200	-0.113495
176250	0.041170
176300	-0.145179
176350	-0.026664
176400	-0.089412
176450	0.030163
176500	0.032889
176550	-0.146936
176600	0.234694
176650	0.084355
176700	0.100836
176750	0.005521
176800	-0.120825
176850	0.008355
176900	-0.168260
176950	0.087978
177000	0.102920
177050	-0.014003
177100	0.047867
177150	-0.135974
177200	-0.141293
177250	0.071810
177300	-0.084911
177350	-0.063494
177400	0.118325
177450	-0.172060
177500	-0.162917
177550	0.141215
177600	0.141376
177650	0.172844
177700	-0.160677
177750	-0.024731
177800	-0.065732
177850	0.010427
177900	0.133642
177950	-0.148775
178000	0.013918
178050	0.105293
178100	-0.110946
178150	0.012027
178200	-0.076823
178250	-0.043062
178300	-0.045502
178350	-0.026780
178400	-0.263711
178450	-0.190491
178500	-0.162065
178550	-0.234586
178600	0.026979
178650	0.114720
178700	0.121434
178750	0.148018
178800	-0.034897
178850	-0.051455
178900	-0.017597
178950	-0.157414
179000	-0.132634
179050	0.063619
179100	-0.119170
179150	0.017456
179200	-0.109839
179250	-0.016536
179300	-0.071317
179350	0.117564
179400	-0.205887
179450	-0.180721
179500	0.010289
179550	0.123709
179600	-0.148034
179650	0.060752
179700	-0.019873
179750	-0.263415
179800	0.084474
179850	-0.051331
179900	0.023266
179950	-0.162937
180000	-0.100965
180050	-0.060757
180100	-0.064525
180150	-0.023548
180200	0.146818
180250	0.163548
180300	-0.072760
180350	-0.168579
180400	0.012762
180450	-0.115651
180500	0.132646
180550	-0.121235
180600	0.111578
180650	0.077830
180700	-0.000980
180750	0.298099
180800	-0.118764
180850	0.141977
180900	0.011037
180950	0.132263
181000	-0.003564
181050	0.183092
181100	0.058659
181150	0.087297
181200	0.261563
181250	0.130619
181300	0.058130
181350	0.228220
181400	-0.103545
181450	0.249057
181500	0.199724
181550	0.293841
181600	-0.065617
181650	0.131622
181700	-0.071241
181750	0.055216
181800	-0.025743
181850	0.055432
181900	0.022419
181950	-0.135215
182000	0.054310
182050	0.204206
182100	0.172448
182150	-0.103191
182200	0.000453
182250	0.097975
182300	0.026323
182350	-0.121804
182400	0.086032
182450	0.055367
182500	0.023781
182550	-0.124426
182600	-0.063642
182650	-0.025107
182700	0.218277
182750	-0.077900
182800	-0.091220
182850	0.079732
182900	-0.003063
182950	0.096764
183000	0.048009
183050	0.208868
183100	0.126705
183150	0.038115
183200	-0.034515
183250	0.015427
183300	-0.026818
183350	-0.099450
183400	0.170998
183450	0.036323
183500	0.020533
183550	-0.099388
183600	-0.002680
183650	0.295736
183700	-0.180291
183750	-0.122822
183800	0.164557
183850	-0.027594
183900	-0.132679
183950	-0.059563
184000	-0.197146
184050	0.097382
184100	-0.048605
184150	-0.161776
184200	0.011964
184250	0.282769
184300	0.100702
184350	0.073092
184400	0.059210
184450	-0.088956
184500	0.009329
184550	0.064556
184600	0.093867
184650	0.126779
184700	0.155035
184750	-0.002198
184800	0.045309
184850	0.006069
184900	0.010028
184950	0.005601
185000	-0.029238
185050	0.172209
185100	0.124030
185150	0.261992
185200	0.215356
185250	0.075779
185300	0.003504
185350	0.047783
185400	-0.031913
185450	-0.009684
185500	-0.150858
185550	-0.087821
185600	0.150186
185650	-0.099825
185700	0.126152
185750	-0.121593
185800	0.015303
185850	-0.080187
185900	-0.136078
185950	0.022312
186000	-0.051924
186050	-0.202931
186100	0.124759
186150	0.030534
186200	-0.131827
186250	-0.060168
186300	-0.098638
186350	-0.066545
186400	-0.194244
186450	-0.200819
186500	-0.151929
186550	0.062496
186600	-0.024206
186650	0.019218
186700	-0.113899
186750	-0.083060
186800	-0.340267
186850	0.020086
186900	0.127829
186950	0.018724
187000	0.052658
187050	-0.158341
187100	-0.061683
187150	0.081052
187200	0.027437
187250	0.005991
187300	0.063852
187350	0.195651
187400	-0.118544
187450	0.158281
187500	0.130594
187550	0.042556
187600	0.189856
187650	0.293400
187700	0.097023
187750	-0.021214
187800	-0.180077
187850	0.000242
187900	0.190954
187950	0.072931
188000	-0.168148
188050	0.042396
188100	0.065598
188150	0.229455
188200	0.162294
188250	0.100378
188300	-0.007546
188350	-0.092631
188400	-0.066985
188450	-0.100777
188500	-0.041319
188550	0.140089
188600	0.016894
188650	0.063989
188700	0.231160
188750	-0.101417
188800	0.000438
188850	0.096060
188900	-0.098702
188950	-0.158237
189000	0.100309
189050	-0.072540
189100	0.080603
189150	0.114374
189200	-0.124790
189250	0.207170
189300	0.139286
189350	0.158073
189400	0.085417
189450	-0.017821
189500	0.106128
189550	-0.008637
189600	-0.052460
189650	0.127403
189700	0.022465
189750	-0.032265
189800	-0.075810
189850	-0.154551
189900	0.017619
189950	0.021561
190000	0.126543
190050	0.078687
190100	-0.089677
190150	0.078168
190200	-0.022745
190250	-0.165726
190300	-0.003184
190350	0.127356
190400	0.118130
190450	0.023931
190500	0.062650
190550	-0.126017
190600	-0.069095
190650	-0.116310
190700	-0.114892
190750	-0.051636
190800	-0.005022
190850	-0.230483
190900	-0.138328
190950	0.197037
191000	0.022697
191050	-0.157263
191100	0.098202
191150	0.046637
191200	0.097051
191250	-0.014852
191300	0.061215
191350	0.014514
191400	-0.036734
191450	-0.037670
191500	0.040612
191550	0.004722
191600	0.266381
191650	0.079717
191700	0.041987
191750	0.105482
191800	0.093473
191850	-0.053603
191900	0.053064
191950	-0.075742
192000	-0.007983
192050	0.128660
192100	0.076198
192150	-0.206009
192200	0.011611
192250	0.017795
192300	0.141580
192350	-0.086153
192400	0.041825
192450	-0.062139
192500	0.045397
192550	-0.005666
192600	0.021814
192650	-0.023175
192700	0.109663
192750	0.076292
192800	-0.321872
192850	0.016797
192900	0.010177
192950	0.191982
193000	0.191597
193050	-0.039573
193100	-0.395986
193150	0.021890
193200	0.197804
193250	-0.022390
193300	-0.288275
193350	0.205462
193400	-0.084510
193450	0.114112
193500	-0.139817
193550	0.273346
193600	0.188046
193650	0.116031
193700	0.203862
193750	0.009694
193800	-0.014987
193850	0.103031
193900	-0.001621
193950	0.117269
194000	-0.016932
194050	-0.335896
194100	-0.070964
194150	-0.010616
194200	0.012706
194250	-0.092926
194300	-0.000275
194350	0.112646
194400	-0.044558
194450	-0.037884
194500	-0.175786
194550	0.018540
194600	-0.076255
194650	-0.215800
194700	-0.056508
194750	-0.154828
194800	0.050258
194850	-0.073263
194900	-0.133390
194950	-0.022568
195000	-0.110918
195050	-0.247167
195100	0.051365
195150	-0.048506
195200	0.077741
195250	-0.051588
195300	0.025627
195350	-0.053271
195400	0.083774
195450	0.220168
195500	0.087781
195550	0.068831
195600	-0.027896
195650	0.198715
195700	0.273180
195750	0.215353
195800	0.110544
195850	-0.005320
195900	-0.070515
195950	-0.095076
196000	-0.080102
196050	0.048553
196100	0.014751
196150	0.162048
196200	0.026732
196250	0.088595
196300	-0.031343
196350	0.009252
196400	-0.086938
196450	-0.012670
196500	0.015991
196550	-0.136763
196600	-0.213043
196650	0.023390
196700	-0.041524
196750	0.116394
196800	0.092847
196850	0.004343
196900	-0.126507
196950	-0.025399
197000	0.163947
197050	0.090569
197100	0.218822
197150	0.160668
197200	0.111469
197250	-0.057097
197300	-0.027564
197350	0.098613
197400	-0.254652
197450	0.198094
197500	0.028077
197550	-0.040114
197600	0.140590
197650	0.057580
197700	-0.014181
197750	0.273058
197800	0.026934
197850	-0.077392
197900	0.224541
197950	-0.261623
198000	-0.032311
198050	-0.023786
198100	0.082403
198150	-0.122679
198200	0.035618
198250	0.107895
198300	-0.055786
198350	-0.065040
198400	-0.038896
198450	-0.286873
198500	-0.183466
198550	-0.085963
198600	-0.191943
198650	0.112522
198700	-0.113224
198750	-0.197095
198800	0.111892
198850	0.049633
198900	-0.045829
198950	0.090703
199000	0.005621
199050	0.254704
199100	0.177082
199150	0.045751
199200	0.090224
199250	0.114053
199300	0.055089
199350	0.057825
199400	-0.158511
199450	-0.086772
199500	-0.121619
199550	0.045969
199600	-0.118313
199650	0.212957
199700	0.044587
199750	0.078363
199800	0.152486
199850	-0.096911
199900	0.001318
199950	0.129407
