10.000000 1.883016 2.623084 0.000000 0.000000
20.000000 0.747632 0.695305 0.000000 0.000000
30.000000 0.670151 0.650730 0.000000 0.000000
40.000000 0.472965 0.468503 0.000000 0.000000
50.000000 0.417536 0.284251 0.000000 0.000000
60.000000 0.233698 0.176627 0.000000 0.000000
70.000000 0.230907 0.284972 0.000000 0.000000
80.000000 0.262479 0.292475 0.000000 0.000000
90.000000 0.101311 0.194534 0.000000 0.000000
100.000000 0.091938 0.194610 0.000000 0.000000
110.000000 0.227955 0.149122 0.000000 0.000000
120.000000 0.155487 0.143643 0.000000 0.000000
130.000000 0.101216 0.115613 0.000000 0.000000
140.000000 0.148417 0.079206 0.000000 0.000000
150.000000 0.181715 0.061530 0.000000 0.000000
160.000000 0.129728 0.033862 0.000000 0.000000
170.000000 0.118531 0.046212 0.000000 0.000000
180.000000 0.102835 0.107525 0.000000 0.000000
190.000000 0.167767 0.174165 0.000000 0.000000
200.000000 0.166656 0.091660 0.000000 0.000000
210.000000 0.099749 0.066382 0.000000 0.000000
220.000000 0.094354 0.206006 0.000000 0.000000
230.000000 0.083218 0.112909 0.000000 0.000000
240.000000 0.129612 0.057947 0.000000 0.000000
250.000000 0.150151 0.067814 0.000000 0.000000
260.000000 0.086532 0.117587 0.000000 0.000000
270.000000 0.020999 0.041276 0.000000 0.000000
280.000000 0.089233 0.025896 0.000000 0.000000
290.000000 0.133697 0.011310 0.000000 0.000000
300.000000 0.085477 0.091460 0.000000 0.000000
310.000000 0.113376 0.098134 0.000000 0.000000
320.000000 0.131869 0.065329 0.000000 0.000000
330.000000 0.142742 0.037120 0.000000 0.000000
340.000000 0.049518 0.077096 0.000000 0.000000
350.000000 0.061564 -0.008533 0.000000 0.000000
360.000000 0.162010 0.030978 0.000000 0.000000
370.000000 0.046369 0.156660 0.000000 0.000000
380.000000 0.042458 0.051618 0.000000 0.000000
390.000000 0.120387 -0.033698 0.000000 0.000000
400.000000 0.064970 0.071106 0.000000 0.000000
410.000000 -0.026748 0.027685 0.000000 0.000000
420.000000 0.004022 -0.060428 0.000000 0.000000
430.000000 0.057120 0.029375 0.000000 0.000000
440.000000 0.107252 0.022416 0.000000 0.000000
450.000000 0.105172 0.139962 0.000000 0.000000
460.000000 0.030417 0.081264 0.000000 0.000000
470.000000 0.149479 0.020245 0.000000 0.000000
480.000000 0.105512 0.027759 0.000000 0.000000
490.000000 0.036675 0.020836 0.000000 0.000000
500.000000 0.152890 0.074771 0.000000 0.000000
510.000000 0.117175 0.037735 0.000000 0.000000
550.000000 0.056315 0.044345 0.000000 0.000000
600.000000 0.068907 0.088807 0.000000 0.000000
650.000000 0.061916 0.083654 0.000000 0.000000
700.000000 0.056833 0.083954 0.000000 0.000000
750.000000 0.106005 0.003577 0.000000 0.000000
800.000000 0.067444 0.022071 0.000000 0.000000
850.000000 0.099319 -0.005920 0.000000 0.000000
900.000000 0.068915 0.004387 0.000000 0.000000
950.000000 0.097980 0.049117 0.000000 0.000000
1000.000000 0.050309 -0.011385 0.000000 0.000000
1050.000000 0.080811 0.049491 0.000000 0.000000
1100.000000 0.046040 0.047803 0.000000 0.000000
1150.000000 0.031163 0.097205 0.000000 0.000000
1200.000000 0.040543 0.087552 0.000000 0.000000
1250.000000 0.013171 0.044479 0.000000 0.000000
1300.000000 0.039248 0.094735 0.000000 0.000000
1350.000000 -0.022928 0.025270 0.000000 0.000000
1400.000000 0.013682 0.049804 0.000000 0.000000
1450.000000 0.037807 0.077918 0.000000 0.000000
1500.000000 0.023885 0.078420 0.000000 0.000000
1550.000000 0.030528 0.078293 0.000000 0.000000
1600.000000 0.025976 0.000949 0.000000 0.000000
1650.000000 -0.006244 0.044893 0.000000 0.000000
1700.000000 0.022454 0.013352 0.000000 0.000000
1750.000000 0.024107 0.050286 0.000000 0.000000
1800.000000 0.063947 0.035995 0.000000 0.000000
1850.000000 0.074970 0.028108 0.000000 0.000000
1900.000000 0.108604 0.005562 0.000000 0.000000
1950.000000 0.003312 0.012751 0.000000 0.000000
2000.000000 -0.007262 0.016971 0.000000 0.000000
2050.000000 0.053365 0.052119 0.000000 0.000000
2100.000000 0.028635 0.046693 0.000000 0.000000
2150.000000 0.053800 0.008844 0.000000 0.000000
2200.000000 0.001697 -0.004012 0.000000 0.000000
2250.000000 -0.017661 0.000251 0.000000 0.000000
2300.000000 0.029780 -0.027585 0.000000 0.000000
2350.000000 -0.008685 -0.005071 0.000000 0.000000
2400.000000 0.013375 -0.005455 0.000000 0.000000
2450.000000 0.059045 -0.012226 0.000000 0.000000
2500.000000 0.046109 -0.009308 0.000000 0.000000
2550.000000 0.048179 -0.035012 0.000000 0.000000
2600.000000 0.042076 0.017996 0.000000 0.000000
2650.000000 0.019221 -0.023611 0.000000 0.000000
2700.000000 0.065709 0.018016 0.000000 0.000000
2750.000000 0.042137 0.024793 0.000000 0.000000
2800.000000 0.051860 0.024846 0.000000 0.000000
2850.000000 0.045696 -0.049399 0.000000 0.000000
2900.000000 0.013388 0.012109 0.000000 0.000000
2950.000000 0.027123 -0.016942 0.000000 0.000000
3000.000000 0.059170 0.012759 0.000000 0.000000
3050.000000 0.034944 -0.020203 0.000000 0.000000
3100.000000 0.054500 0.030793 0.000000 0.000000
3150.000000 0.049966 -0.008702 0.000000 0.000000
3200.000000 0.033065 0.010022 0.000000 0.000000
3250.000000 0.015633 0.025853 0.000000 0.000000
3300.000000 0.017052 -0.001798 0.000000 0.000000
3350.000000 0.048050 0.020454 0.000000 0.000000
3400.000000 0.035664 0.030042 0.000000 0.000000
3450.000000 0.017930 0.046558 0.000000 0.000000
3500.000000 0.006319 -0.006162 0.000000 0.000000
3550.000000 -0.032004 -0.012765 0.000000 0.000000
3600.000000 0.017980 0.060771 0.000000 0.000000
3650.000000 0.036054 -0.021566 0.000000 0.000000
3700.000000 -0.010549 0.016349 0.000000 0.000000
3750.000000 -0.017633 0.039492 0.000000 0.000000
3800.000000 0.042735 0.012415 0.000000 0.000000
3850.000000 0.013986 0.048341 0.000000 0.000000
3900.000000 0.052732 0.015833 0.000000 0.000000
3950.000000 0.014423 0.047105 0.000000 0.000000
4000.000000 0.033844 0.067366 0.000000 0.000000
4050.000000 -0.002056 0.029871 0.000000 0.000000
4100.000000 0.005554 0.026207 0.000000 0.000000
4150.000000 -0.006523 0.038501 0.000000 0.000000
4200.000000 -0.002793 0.019135 0.000000 0.000000
4250.000000 0.025809 0.024092 0.000000 0.000000
4300.000000 0.033811 0.015310 0.000000 0.000000
4350.000000 -0.005731 0.016901 0.000000 0.000000
4400.000000 0.051283 -0.025759 0.000000 0.000000
4450.000000 0.048662 -0.001529 0.000000 0.000000
4500.000000 -0.013951 0.054233 0.000000 0.000000
4550.000000 -0.010797 0.020875 0.000000 0.000000
4600.000000 -0.022685 0.025589 0.000000 0.000000
4650.000000 -0.002493 -0.011955 0.000000 0.000000
4700.000000 -0.028568 0.004696 0.000000 0.000000
4750.000000 -0.078116 0.019067 0.000000 0.000000
4800.000000 -0.053265 0.004998 0.000000 0.000000
4850.000000 -0.013653 0.044412 0.000000 0.000000
4900.000000 0.072143 0.026764 0.000000 0.000000
4950.000000 -0.002514 0.067172 0.000000 0.000000
5000.000000 0.038123 0.036445 0.000000 0.000000
5050.000000 0.014269 -0.002703 0.000000 0.000000
5100.000000 -0.034585 0.020189 0.000000 0.000000
5150.000000 0.034506 -0.009065 0.000000 0.000000
5200.000000 0.043324 -0.002569 0.000000 0.000000
5250.000000 -0.021191 0.011284 0.000000 0.000000
5300.000000 0.013475 0.031529 0.000000 0.000000
5350.000000 -0.015858 0.022691 0.000000 0.000000
5400.000000 -0.008716 0.045664 0.000000 0.000000
5450.000000 0.009010 0.022336 0.000000 0.000000
5500.000000 -0.025058 0.049242 0.000000 0.000000
5550.000000 -0.021329 0.024969 0.000000 0.000000
5600.000000 0.004002 0.050357 0.000000 0.000000
5650.000000 0.008141 0.008079 0.000000 0.000000
5700.000000 0.069082 0.028256 0.000000 0.000000
5750.000000 0.008184 -0.019092 0.000000 0.000000
5800.000000 0.015393 0.030045 0.000000 0.000000
5850.000000 0.043885 0.028554 0.000000 0.000000
5900.000000 0.000537 0.023511 0.000000 0.000000
5950.000000 -0.020781 0.056906 0.000000 0.000000
6000.000000 -0.032796 0.056924 0.000000 0.000000
6050.000000 -0.016346 0.022523 0.000000 0.000000
6100.000000 0.041612 0.044263 0.000000 0.000000
6150.000000 0.003581 0.011518 0.000000 0.000000
6200.000000 0.017666 0.038048 0.000000 0.000000
6250.000000 -0.053156 0.028576 0.000000 0.000000
6300.000000 0.010115 -0.019400 0.000000 0.000000
6350.000000 0.025801 -0.032182 0.000000 0.000000
6400.000000 -0.032981 0.008039 0.000000 0.000000
6450.000000 0.051600 0.029519 0.000000 0.000000
6500.000000 0.015985 0.055749 0.000000 0.000000
6550.000000 0.041222 0.030844 0.000000 0.000000
6600.000000 0.037234 0.049944 0.000000 0.000000
6650.000000 0.015929 0.006919 0.000000 0.000000
6700.000000 0.020716 -0.013770 0.000000 0.000000
6750.000000 0.003985 0.016799 0.000000 0.000000
6800.000000 0.003008 0.026799 0.000000 0.000000
6850.000000 0.028516 0.014521 0.000000 0.000000
6900.000000 0.000086 0.009884 0.000000 0.000000
6950.000000 0.000628 -0.027445 0.000000 0.000000
7000.000000 0.000895 -0.008118 0.000000 0.000000
7050.000000 0.013101 -0.000608 0.000000 0.000000
7100.000000 0.028191 0.025229 0.000000 0.000000
7150.000000 -0.029060 -0.028033 0.000000 0.000000
7200.000000 0.058497 0.023002 0.000000 0.000000
7250.000000 0.020314 0.021624 0.000000 0.000000
7300.000000 0.003821 -0.011384 0.000000 0.000000
7350.000000 0.007810 0.005130 0.000000 0.000000
7400.000000 0.045567 0.007282 0.000000 0.000000
7450.000000 0.057440 -0.025411 0.000000 0.000000
7500.000000 0.016903 -0.021961 0.000000 0.000000
7550.000000 -0.029782 0.001824 0.000000 0.000000
7600.000000 0.028007 0.006557 0.000000 0.000000
7650.000000 -0.021657 -0.059651 0.000000 0.000000
7700.000000 -0.013670 -0.014890 0.000000 0.000000
7750.000000 -0.048746 0.027807 0.000000 0.000000
7800.000000 0.019742 -0.016226 0.000000 0.000000
7850.000000 -0.029381 -0.022009 0.000000 0.000000
7900.000000 0.032564 0.011908 0.000000 0.000000
7950.000000 0.015008 -0.049802 0.000000 0.000000
8000.000000 -0.021450 -0.022547 0.000000 0.000000
8050.000000 -0.010383 0.040782 0.000000 0.000000
8100.000000 0.038491 0.016206 0.000000 0.000000
8150.000000 0.026756 0.076174 0.000000 0.000000
8200.000000 -0.006056 0.034108 0.000000 0.000000
8250.000000 0.000686 0.067800 0.000000 0.000000
8300.000000 0.030097 0.068924 0.000000 0.000000
8350.000000 -0.006940 0.025985 0.000000 0.000000
8400.000000 0.011380 0.005508 0.000000 0.000000
8450.000000 0.036327 -0.012339 0.000000 0.000000
8500.000000 0.004763 0.025108 0.000000 0.000000
8550.000000 0.038104 -0.008422 0.000000 0.000000
8600.000000 0.012384 0.034081 0.000000 0.000000
8650.000000 -0.024868 0.012188 0.000000 0.000000
8700.000000 -0.010199 -0.003910 0.000000 0.000000
8750.000000 0.019541 -0.002716 0.000000 0.000000
8800.000000 0.038122 0.020572 0.000000 0.000000
8850.000000 0.016965 -0.012902 0.000000 0.000000
8900.000000 0.011119 0.008655 0.000000 0.000000
8950.000000 0.040926 0.070064 0.000000 0.000000
9000.000000 0.046550 0.046995 0.000000 0.000000
9050.000000 0.023140 0.059824 0.000000 0.000000
9100.000000 -0.014150 0.044077 0.000000 0.000000
9150.000000 0.044173 0.034748 0.000000 0.000000
9200.000000 -0.012150 0.016609 0.000000 0.000000
9250.000000 -0.033966 0.023594 0.000000 0.000000
9300.000000 -0.013499 0.009574 0.000000 0.000000
9350.000000 0.000525 -0.006354 0.000000 0.000000
9400.000000 0.034605 -0.012877 0.000000 0.000000
9450.000000 0.004453 0.004737 0.000000 0.000000
9500.000000 0.066031 -0.045764 0.000000 0.000000
9550.000000 0.032095 0.027569 0.000000 0.000000
9600.000000 0.017218 0.027356 0.000000 0.000000
9650.000000 -0.022895 0.008893 0.000000 0.000000
9700.000000 0.016572 0.003646 0.000000 0.000000
9750.000000 0.008835 -0.032884 0.000000 0.000000
9800.000000 -0.011794 -0.006267 0.000000 0.000000
9850.000000 0.055505 0.035324 0.000000 0.000000
9900.000000 0.045769 0.018713 0.000000 0.000000
9950.000000 0.004702 -0.003600 0.000000 0.000000
10000.000000 0.004655 -0.010547 0.000000 0.000000
10090.000000 0.004955 -0.000187 0.000000 0.000000
10240.000000 -0.027578 0.006983 0.000000 0.000000
10390.000000 0.040402 0.003884 0.000000 0.000000
10540.000000 0.011159 -0.009951 0.000000 0.000000
10690.000000 -0.003863 0.011529 0.000000 0.000000
10840.000000 0.009508 0.013409 0.000000 0.000000
10990.000000 0.011134 0.030488 0.000000 0.000000
11140.000000 0.029493 0.033053 0.000000 0.000000
11290.000000 0.018701 -0.006733 0.000000 0.000000
11440.000000 -0.011223 -0.002964 0.000000 0.000000
11590.000000 -0.017873 -0.003729 0.000000 0.000000
11740.000000 0.019059 0.001709 0.000000 0.000000
11890.000000 0.029566 -0.003103 0.000000 0.000000
12040.000000 0.002550 0.015269 0.000000 0.000000
12190.000000 0.050565 0.031841 0.000000 0.000000
12340.000000 -0.010088 0.016532 0.000000 0.000000
12490.000000 0.070379 0.028293 0.000000 0.000000
12640.000000 0.033935 -0.022884 0.000000 0.000000
12790.000000 0.030419 -0.015942 0.000000 0.000000
12940.000000 0.039133 0.023380 0.000000 0.000000
13090.000000 -0.003106 0.010518 0.000000 0.000000
13240.000000 0.014064 -0.014716 0.000000 0.000000
13390.000000 -0.010585 0.000204 0.000000 0.000000
13540.000000 0.007250 0.002423 0.000000 0.000000
13690.000000 0.030173 -0.032480 0.000000 0.000000
13840.000000 0.015600 0.005667 0.000000 0.000000
13990.000000 0.015932 0.018337 0.000000 0.000000
14140.000000 -0.004630 0.017521 0.000000 0.000000
14290.000000 0.031144 0.003204 0.000000 0.000000
14440.000000 -0.041630 0.057340 0.000000 0.000000
14590.000000 -0.021986 0.013485 0.000000 0.000000
14740.000000 0.006210 0.014326 0.000000 0.000000
14890.000000 -0.000758 -0.008060 0.000000 0.000000
15040.000000 -0.005072 -0.003099 0.000000 0.000000
15190.000000 0.015956 0.019330 0.000000 0.000000
15340.000000 0.002656 -0.007451 0.000000 0.000000
15490.000000 -0.011577 -0.014813 0.000000 0.000000
15640.000000 0.043043 0.008757 0.000000 0.000000
15790.000000 0.007852 0.023389 0.000000 0.000000
15940.000000 0.042559 -0.005833 0.000000 0.000000
16090.000000 0.012645 -0.021701 0.000000 0.000000
16240.000000 0.002128 0.032660 0.000000 0.000000
16390.000000 0.016998 -0.023630 0.000000 0.000000
16540.000000 0.009629 0.034385 0.000000 0.000000
16690.000000 0.011000 0.015974 0.000000 0.000000
16840.000000 -0.000727 -0.006363 0.000000 0.000000
16990.000000 -0.000647 -0.001000 0.000000 0.000000
17140.000000 -0.031641 0.011109 0.000000 0.000000
17290.000000 -0.014763 0.054546 0.000000 0.000000
17440.000000 -0.014438 0.011407 0.000000 0.000000
17590.000000 0.003538 0.013743 0.000000 0.000000
17740.000000 -0.018044 0.014164 0.000000 0.000000
17890.000000 0.004218 0.020131 0.000000 0.000000
18040.000000 -0.005157 -0.003494 0.000000 0.000000
18190.000000 0.010871 -0.002591 0.000000 0.000000
18340.000000 -0.012541 -0.017422 0.000000 0.000000
18490.000000 0.021840 0.033879 0.000000 0.000000
18640.000000 0.024233 0.014756 0.000000 0.000000
18790.000000 0.018626 0.003571 0.000000 0.000000
18940.000000 0.018049 0.036119 0.000000 0.000000
19090.000000 0.038675 0.035233 0.000000 0.000000
19240.000000 -0.000901 -0.010267 0.000000 0.000000
19390.000000 0.011060 0.026353 0.000000 0.000000
19540.000000 0.015036 -0.003908 0.000000 0.000000
19690.000000 0.006775 -0.000462 0.000000 0.000000
19840.000000 -0.005700 0.027960 0.000000 0.000000
19990.000000 0.011573 0.008885 0.000000 0.000000
20140.000000 -0.021439 0.008002 0.000000 0.000000
20290.000000 -0.010807 0.017564 0.000000 0.000000
20440.000000 0.003209 0.008234 0.000000 0.000000
20590.000000 0.009581 -0.004234 0.000000 0.000000
20740.000000 0.015068 -0.002109 0.000000 0.000000
20890.000000 -0.006558 0.030226 0.000000 0.000000
21040.000000 0.039040 0.016412 0.000000 0.000000
21190.000000 0.014725 -0.001855 0.000000 0.000000
21340.000000 -0.006179 -0.000148 0.000000 0.000000
21490.000000 0.035759 0.004588 0.000000 0.000000
21640.000000 0.013972 0.000995 0.000000 0.000000
21790.000000 -0.008558 0.015368 0.000000 0.000000
21940.000000 -0.044021 0.008485 0.000000 0.000000
22090.000000 -0.002987 0.001316 0.000000 0.000000
22240.000000 0.034874 0.007152 0.000000 0.000000
22390.000000 -0.006980 -0.014914 0.000000 0.000000
22540.000000 -0.005927 0.021785 0.000000 0.000000
22690.000000 0.015037 0.027446 0.000000 0.000000
22840.000000 0.010580 -0.014485 0.000000 0.000000
22990.000000 -0.011910 0.007555 0.000000 0.000000
23140.000000 -0.017387 -0.009798 0.000000 0.000000
23290.000000 0.000505 0.019099 0.000000 0.000000
23440.000000 -0.046812 -0.011452 0.000000 0.000000
23590.000000 0.005592 0.014465 0.000000 0.000000
23740.000000 -0.001343 0.009953 0.000000 0.000000
23890.000000 0.021401 0.030368 0.000000 0.000000
24040.000000 0.027940 0.018172 0.000000 0.000000
24190.000000 -0.011074 0.027699 0.000000 0.000000
24340.000000 0.029184 0.048968 0.000000 0.000000
24490.000000 0.020211 0.032458 0.000000 0.000000
24640.000000 0.014348 0.004447 0.000000 0.000000
24790.000000 -0.033827 0.022000 0.000000 0.000000
24940.000000 -0.018521 -0.012900 0.000000 0.000000
25090.000000 0.040703 0.017400 0.000000 0.000000
25240.000000 0.048240 -0.011842 0.000000 0.000000
25390.000000 0.008495 -0.001835 0.000000 0.000000
25540.000000 -0.026852 0.008078 0.000000 0.000000
25690.000000 -0.020827 0.035253 0.000000 0.000000
25840.000000 0.011600 0.018585 0.000000 0.000000
25990.000000 0.002334 0.017526 0.000000 0.000000
26140.000000 -0.003093 0.018614 0.000000 0.000000
26290.000000 -0.005707 0.029616 0.000000 0.000000
26440.000000 0.021872 0.021686 0.000000 0.000000
26590.000000 0.015916 0.017551 0.000000 0.000000
26740.000000 -0.019046 0.002946 0.000000 0.000000
26890.000000 0.003723 -0.001786 0.000000 0.000000
27040.000000 -0.023812 -0.012247 0.000000 0.000000
27190.000000 -0.000303 0.029684 0.000000 0.000000
27340.000000 0.017199 0.007736 0.000000 0.000000
27490.000000 0.031682 0.003185 0.000000 0.000000
27640.000000 0.014652 0.001612 0.000000 0.000000
27790.000000 -0.017453 0.024518 0.000000 0.000000
27940.000000 0.000847 0.013377 0.000000 0.000000
28090.000000 0.014461 -0.003325 0.000000 0.000000
28240.000000 -0.004127 0.043919 0.000000 0.000000
28390.000000 -0.008396 -0.005319 0.000000 0.000000
28540.000000 -0.038257 0.014745 0.000000 0.000000
28690.000000 -0.023326 0.029460 0.000000 0.000000
28840.000000 -0.035029 0.016602 0.000000 0.000000
28990.000000 0.006233 0.002675 0.000000 0.000000
29140.000000 -0.010799 0.019194 0.000000 0.000000
29290.000000 0.001568 0.031677 0.000000 0.000000
29440.000000 0.004916 0.003711 0.000000 0.000000
29590.000000 -0.005008 -0.023885 0.000000 0.000000
29740.000000 -0.002942 0.000289 0.000000 0.000000
29890.000000 -0.006481 -0.003663 0.000000 0.000000
30040.000000 0.013634 -0.008979 0.000000 0.000000
30190.000000 0.019123 -0.015268 0.000000 0.000000
30340.000000 0.008000 -0.036638 0.000000 0.000000
30490.000000 0.013675 -0.018265 0.000000 0.000000
30640.000000 -0.045891 0.029301 0.000000 0.000000
30790.000000 -0.006881 0.019983 0.000000 0.000000
30940.000000 0.014416 0.004695 0.000000 0.000000
31090.000000 0.021230 -0.049109 0.000000 0.000000
31240.000000 0.034133 -0.001309 0.000000 0.000000
31390.000000 -0.028308 -0.006938 0.000000 0.000000
31540.000000 0.011096 0.003607 0.000000 0.000000
31690.000000 -0.001804 0.022237 0.000000 0.000000
31840.000000 -0.004754 -0.005149 0.000000 0.000000
31990.000000 -0.006081 -0.001104 0.000000 0.000000
32140.000000 -0.003354 0.002920 0.000000 0.000000
32290.000000 0.001378 -0.002344 0.000000 0.000000
32440.000000 0.000549 -0.015458 0.000000 0.000000
32590.000000 -0.039890 -0.020424 0.000000 0.000000
32740.000000 -0.035273 -0.021654 0.000000 0.000000
32890.000000 0.003683 -0.016404 0.000000 0.000000
33040.000000 0.053209 0.011497 0.000000 0.000000
33190.000000 0.025654 -0.008609 0.000000 0.000000
33340.000000 0.045462 -0.039724 0.000000 0.000000
33490.000000 0.014757 0.019399 0.000000 0.000000
33640.000000 0.004125 -0.000075 0.000000 0.000000
33790.000000 0.017336 0.015403 0.000000 0.000000
33940.000000 0.019566 -0.010678 0.000000 0.000000
34090.000000 0.013843 0.011098 0.000000 0.000000
34240.000000 0.013440 0.007958 0.000000 0.000000
34390.000000 0.003069 -0.020635 0.000000 0.000000
34540.000000 0.003030 -0.018016 0.000000 0.000000
34690.000000 0.014948 -0.000737 0.000000 0.000000
34840.000000 -0.009623 0.025362 0.000000 0.000000
34990.000000 -0.015445 -0.006906 0.000000 0.000000
35140.000000 0.009736 -0.044340 0.000000 0.000000
35290.000000 0.032841 0.003651 0.000000 0.000000
35440.000000 -0.010722 -0.039741 0.000000 0.000000
35590.000000 -0.003483 -0.007735 0.000000 0.000000
35740.000000 0.002808 -0.027029 0.000000 0.000000
35890.000000 0.036281 -0.015250 0.000000 0.000000
36040.000000 0.009217 0.022254 0.000000 0.000000
36190.000000 0.014874 0.018911 0.000000 0.000000
36340.000000 0.012004 -0.004659 0.000000 0.000000
36490.000000 0.020106 -0.005789 0.000000 0.000000
36640.000000 0.005920 0.028791 0.000000 0.000000
36790.000000 0.009050 -0.026890 0.000000 0.000000
36940.000000 0.010102 -0.002105 0.000000 0.000000
37090.000000 -0.006263 0.031665 0.000000 0.000000
37240.000000 0.013744 0.003345 0.000000 0.000000
37390.000000 0.009312 0.030575 0.000000 0.000000
37540.000000 0.015342 -0.011386 0.000000 0.000000
37690.000000 -0.016466 -0.005913 0.000000 0.000000
37840.000000 -0.045511 -0.000811 0.000000 0.000000
37990.000000 0.016493 -0.027343 0.000000 0.000000
38140.000000 0.002231 0.000723 0.000000 0.000000
38290.000000 0.026084 0.015628 0.000000 0.000000
38440.000000 0.029601 0.016505 0.000000 0.000000
38590.000000 0.033049 -0.020682 0.000000 0.000000
38740.000000 0.018640 -0.020068 0.000000 0.000000
38890.000000 0.039820 0.010942 0.000000 0.000000
39040.000000 0.003203 0.007182 0.000000 0.000000
39190.000000 0.012268 -0.020137 0.000000 0.000000
39340.000000 0.014109 -0.021426 0.000000 0.000000
39490.000000 0.012955 -0.004627 0.000000 0.000000
39640.000000 -0.005046 0.026585 0.000000 0.000000
39790.000000 0.011218 0.023559 0.000000 0.000000
39940.000000 0.058393 -0.002197 0.000000 0.000000
40090.000000 0.023832 -0.001316 0.000000 0.000000
40240.000000 -0.001162 0.009598 0.000000 0.000000
40390.000000 -0.042695 -0.002757 0.000000 0.000000
40540.000000 0.010249 0.004878 0.000000 0.000000
40690.000000 0.001839 -0.013264 0.000000 0.000000
40840.000000 -0.012100 -0.025836 0.000000 0.000000
40990.000000 0.012182 -0.027695 0.000000 0.000000
41140.000000 -0.020401 -0.004728 0.000000 0.000000
41290.000000 -0.028549 -0.037473 0.000000 0.000000
41440.000000 -0.007585 0.014574 0.000000 0.000000
41590.000000 0.008647 -0.008067 0.000000 0.000000
41740.000000 0.005147 0.022875 0.000000 0.000000
41890.000000 -0.004408 0.008053 0.000000 0.000000
42040.000000 0.024512 -0.020802 0.000000 0.000000
42190.000000 -0.015358 -0.024266 0.000000 0.000000
42340.000000 0.001645 0.001695 0.000000 0.000000
42490.000000 -0.012665 -0.004682 0.000000 0.000000
42640.000000 -0.039404 0.018225 0.000000 0.000000
42790.000000 -0.021646 0.002705 0.000000 0.000000
42940.000000 -0.026387 0.004612 0.000000 0.000000
43090.000000 0.002952 -0.003237 0.000000 0.000000
43240.000000 -0.021586 -0.037482 0.000000 0.000000
43390.000000 -0.000514 0.026262 0.000000 0.000000
43540.000000 -0.005338 0.029778 0.000000 0.000000
43690.000000 -0.015401 0.003811 0.000000 0.000000
43840.000000 0.002300 -0.009886 0.000000 0.000000
43990.000000 0.002244 0.018614 0.000000 0.000000
44140.000000 -0.039129 0.043558 0.000000 0.000000
44290.000000 -0.001460 0.011515 0.000000 0.000000
44440.000000 0.019698 -0.020418 0.000000 0.000000
44590.000000 0.021450 0.000603 0.000000 0.000000
44740.000000 0.009351 -0.000834 0.000000 0.000000
44890.000000 -0.007828 -0.013669 0.000000 0.000000
45040.000000 -0.013011 -0.020520 0.000000 0.000000
45190.000000 0.010686 0.016711 0.000000 0.000000
45340.000000 0.017270 0.003913 0.000000 0.000000
45490.000000 0.003382 -0.014254 0.000000 0.000000
45640.000000 0.037157 -0.063371 0.000000 0.000000
45790.000000 -0.013977 0.017496 0.000000 0.000000
45940.000000 0.003182 0.020320 0.000000 0.000000
46090.000000 0.005924 0.034797 0.000000 0.000000
46240.000000 0.035049 -0.015367 0.000000 0.000000
46390.000000 -0.007256 0.003055 0.000000 0.000000
46540.000000 0.016812 0.008567 0.000000 0.000000
46690.000000 0.009941 0.036369 0.000000 0.000000
46840.000000 0.002068 -0.006041 0.000000 0.000000
46990.000000 -0.038180 0.001580 0.000000 0.000000
47140.000000 -0.050027 -0.023414 0.000000 0.000000
47290.000000 -0.015157 -0.018920 0.000000 0.000000
47440.000000 0.018056 -0.010826 0.000000 0.000000
47590.000000 0.038555 0.013905 0.000000 0.000000
47740.000000 0.012738 -0.001549 0.000000 0.000000
47890.000000 -0.012232 -0.008593 0.000000 0.000000
48040.000000 0.015106 0.002384 0.000000 0.000000
48190.000000 0.000908 0.007641 0.000000 0.000000
48340.000000 0.022832 -0.006307 0.000000 0.000000
48490.000000 -0.007055 0.009339 0.000000 0.000000
48640.000000 -0.031989 -0.027674 0.000000 0.000000
48790.000000 -0.026244 0.004490 0.000000 0.000000
48940.000000 -0.001076 0.016420 0.000000 0.000000
49090.000000 -0.009674 0.009410 0.000000 0.000000
49240.000000 0.009562 -0.032986 0.000000 0.000000
49390.000000 -0.010172 -0.001677 0.000000 0.000000
49540.000000 0.018898 -0.004540 0.000000 0.000000
49690.000000 0.031292 -0.015459 0.000000 0.000000
49840.000000 -0.006541 -0.016293 0.000000 0.000000
49990.000000 -0.004439 -0.000956 0.000000 0.000000
50140.000000 0.019520 0.001748 0.000000 0.000000
50290.000000 0.003224 0.013785 0.000000 0.000000
50440.000000 0.009654 0.036866 0.000000 0.000000
50590.000000 0.001975 0.034694 0.000000 0.000000
50740.000000 -0.001526 0.009353 0.000000 0.000000
50890.000000 -0.006758 -0.002686 0.000000 0.000000
51040.000000 0.003084 0.001295 0.000000 0.000000
51190.000000 -0.023727 0.005391 0.000000 0.000000
51340.000000 -0.004387 0.031275 0.000000 0.000000
51490.000000 -0.004491 0.011180 0.000000 0.000000
51640.000000 -0.029821 0.015529 0.000000 0.000000
51790.000000 -0.030039 -0.004960 0.000000 0.000000
51940.000000 -0.007464 0.007450 0.000000 0.000000
52090.000000 -0.013272 -0.011008 0.000000 0.000000
52240.000000 -0.015392 0.000053 0.000000 0.000000
52390.000000 -0.032890 -0.026283 0.000000 0.000000
52540.000000 -0.014109 0.005030 0.000000 0.000000
52690.000000 0.010369 0.010539 0.000000 0.000000
52840.000000 -0.013109 -0.004622 0.000000 0.000000
52990.000000 -0.027217 -0.017832 0.000000 0.000000
53140.000000 -0.031374 0.019365 0.000000 0.000000
53290.000000 -0.001767 -0.003767 0.000000 0.000000
53440.000000 0.002506 -0.000280 0.000000 0.000000
53590.000000 0.001237 0.064202 0.000000 0.000000
53740.000000 -0.021439 -0.001715 0.000000 0.000000
53890.000000 0.022220 0.002390 0.000000 0.000000
54040.000000 0.002630 -0.014050 0.000000 0.000000
54190.000000 -0.005406 0.025423 0.000000 0.000000
54340.000000 -0.004595 -0.026418 0.000000 0.000000
54490.000000 -0.004540 0.010479 0.000000 0.000000
54640.000000 0.002959 0.010263 0.000000 0.000000
54790.000000 0.025842 0.014308 0.000000 0.000000
54940.000000 0.014891 -0.002226 0.000000 0.000000
55090.000000 -0.036694 0.017137 0.000000 0.000000
55240.000000 0.009005 -0.000301 0.000000 0.000000
55390.000000 0.019195 -0.000686 0.000000 0.000000
55540.000000 -0.003783 -0.000146 0.000000 0.000000
55690.000000 -0.014887 0.068309 0.000000 0.000000
55840.000000 0.012261 -0.014111 0.000000 0.000000
55990.000000 -0.018653 0.003165 0.000000 0.000000
56140.000000 -0.001360 0.013517 0.000000 0.000000
56290.000000 0.002247 -0.010023 0.000000 0.000000
56440.000000 0.014015 0.033184 0.000000 0.000000
56590.000000 0.008522 -0.009311 0.000000 0.000000
56740.000000 -0.003283 -0.011358 0.000000 0.000000
56890.000000 -0.001968 -0.007357 0.000000 0.000000
57040.000000 0.033383 -0.001027 0.000000 0.000000
57190.000000 0.018472 -0.012509 0.000000 0.000000
57340.000000 -0.011572 0.000124 0.000000 0.000000
57490.000000 -0.007126 0.009966 0.000000 0.000000
57640.000000 -0.004234 -0.012839 0.000000 0.000000
57790.000000 -0.030151 0.002967 0.000000 0.000000
57940.000000 0.031848 0.018102 0.000000 0.000000
58090.000000 -0.009680 0.006811 0.000000 0.000000
58240.000000 0.045244 -0.049844 0.000000 0.000000
58390.000000 0.018454 0.007885 0.000000 0.000000
58540.000000 0.036464 0.010260 0.000000 0.000000
58690.000000 0.017823 0.021441 0.000000 0.000000
58840.000000 0.003139 -0.017229 0.000000 0.000000
58990.000000 -0.008128 -0.023725 0.000000 0.000000
59140.000000 0.013212 0.022318 0.000000 0.000000
59290.000000 0.025392 -0.013168 0.000000 0.000000
59440.000000 0.018303 -0.001140 0.000000 0.000000
59590.000000 -0.005123 0.022452 0.000000 0.000000
59740.000000 0.002377 0.015452 0.000000 0.000000
59890.000000 -0.011169 -0.010035 0.000000 0.000000
60040.000000 -0.006836 -0.005256 0.000000 0.000000
60190.000000 -0.024065 -0.012851 0.000000 0.000000
60340.000000 -0.023920 -0.029759 0.000000 0.000000
60490.000000 -0.004819 0.004700 0.000000 0.000000
60640.000000 -0.015962 0.002419 0.000000 0.000000
60790.000000 0.022721 -0.012462 0.000000 0.000000
60940.000000 0.009943 0.009763 0.000000 0.000000
61090.000000 0.007179 -0.012731 0.000000 0.000000
61240.000000 0.012028 -0.017896 0.000000 0.000000
61390.000000 -0.007854 -0.027771 0.000000 0.000000
61540.000000 -0.039321 0.015315 0.000000 0.000000
61690.000000 -0.027925 0.019826 0.000000 0.000000
61840.000000 0.011565 -0.004859 0.000000 0.000000
61990.000000 0.005756 -0.036421 0.000000 0.000000
62140.000000 -0.034270 -0.038657 0.000000 0.000000
62290.000000 0.004149 -0.029135 0.000000 0.000000
62440.000000 -0.024837 0.000287 0.000000 0.000000
62590.000000 0.049158 -0.008604 0.000000 0.000000
62740.000000 0.017747 -0.031755 0.000000 0.000000
62890.000000 -0.022177 -0.010200 0.000000 0.000000
63040.000000 0.005546 -0.007422 0.000000 0.000000
63190.000000 0.031081 -0.030651 0.000000 0.000000
63340.000000 0.011500 0.030924 0.000000 0.000000
63490.000000 -0.020573 0.032111 0.000000 0.000000
63640.000000 0.020770 -0.004376 0.000000 0.000000
63790.000000 0.015645 -0.022198 0.000000 0.000000
63940.000000 0.002305 0.020326 0.000000 0.000000
64090.000000 0.020865 -0.036507 0.000000 0.000000
64240.000000 0.019728 -0.011724 0.000000 0.000000
64390.000000 0.019611 -0.005811 0.000000 0.000000
64540.000000 -0.011646 0.005310 0.000000 0.000000
64690.000000 -0.011820 0.025515 0.000000 0.000000
64840.000000 -0.003619 -0.028285 0.000000 0.000000
64990.000000 -0.007533 -0.004844 0.000000 0.000000
65140.000000 0.018757 -0.016573 0.000000 0.000000
65290.000000 -0.016898 0.009628 0.000000 0.000000
65440.000000 -0.015027 -0.004770 0.000000 0.000000
65590.000000 0.005772 -0.001743 0.000000 0.000000
65740.000000 0.002004 -0.018352 0.000000 0.000000
65890.000000 0.021922 -0.006085 0.000000 0.000000
66040.000000 -0.028374 0.001236 0.000000 0.000000
66190.000000 0.003070 -0.015814 0.000000 0.000000
66340.000000 -0.000815 -0.018717 0.000000 0.000000
66490.000000 -0.020176 0.009309 0.000000 0.000000
66640.000000 0.016420 0.004504 0.000000 0.000000
66790.000000 -0.018075 -0.019999 0.000000 0.000000
66940.000000 -0.011958 0.004031 0.000000 0.000000
67090.000000 -0.002127 0.002956 0.000000 0.000000
67240.000000 -0.017703 -0.011740 0.000000 0.000000
67390.000000 0.004205 -0.019023 0.000000 0.000000
67540.000000 -0.043697 -0.005036 0.000000 0.000000
67690.000000 0.001453 -0.029953 0.000000 0.000000
67840.000000 0.021849 -0.021353 0.000000 0.000000
67990.000000 0.027315 -0.016857 0.000000 0.000000
68140.000000 0.014968 -0.004409 0.000000 0.000000
68290.000000 0.027222 -0.013392 0.000000 0.000000
68440.000000 0.011492 -0.025267 0.000000 0.000000
68590.000000 -0.020400 0.015503 0.000000 0.000000
68740.000000 -0.009684 0.017006 0.000000 0.000000
68890.000000 -0.018884 -0.010244 0.000000 0.000000
69040.000000 -0.003891 -0.019076 0.000000 0.000000
69190.000000 -0.016534 0.007172 0.000000 0.000000
69340.000000 -0.003702 -0.012611 0.000000 0.000000
69490.000000 -0.015638 -0.009583 0.000000 0.000000
69640.000000 -0.003197 0.004012 0.000000 0.000000
69790.000000 0.007897 -0.021461 0.000000 0.000000
69940.000000 0.002708 -0.015038 0.000000 0.000000
70090.000000 -0.013288 -0.043350 0.000000 0.000000
70240.000000 -0.002878 -0.008345 0.000000 0.000000
70390.000000 -0.015322 -0.022031 0.000000 0.000000
70540.000000 -0.007306 -0.017279 0.000000 0.000000
70690.000000 0.010627 -0.028099 0.000000 0.000000
70840.000000 -0.005489 -0.000647 0.000000 0.000000
70990.000000 0.012687 -0.016422 0.000000 0.000000
71140.000000 0.008201 -0.019988 0.000000 0.000000
71290.000000 0.013087 0.024064 0.000000 0.000000
71440.000000 -0.012310 0.007584 0.000000 0.000000
71590.000000 -0.014817 0.025175 0.000000 0.000000
71740.000000 -0.003388 0.034993 0.000000 0.000000
71890.000000 -0.008795 0.002874 0.000000 0.000000
72040.000000 0.000360 0.001742 0.000000 0.000000
72190.000000 0.000408 0.005004 0.000000 0.000000
72340.000000 0.014537 0.011536 0.000000 0.000000
72490.000000 0.010731 0.015940 0.000000 0.000000
72640.000000 0.008826 -0.029005 0.000000 0.000000
72790.000000 -0.039507 0.023616 0.000000 0.000000
72940.000000 0.012722 0.003400 0.000000 0.000000
73090.000000 0.009460 -0.006261 0.000000 0.000000
73240.000000 0.019706 -0.033284 0.000000 0.000000
73390.000000 -0.034792 0.006735 0.000000 0.000000
73540.000000 0.001107 0.003413 0.000000 0.000000
73690.000000 -0.000459 0.034682 0.000000 0.000000
73840.000000 -0.007538 0.015128 0.000000 0.000000
73990.000000 -0.017178 0.032259 0.000000 0.000000
74140.000000 -0.013203 0.006233 0.000000 0.000000
74290.000000 -0.031970 0.007024 0.000000 0.000000
74440.000000 -0.021812 0.019539 0.000000 0.000000
74590.000000 0.013144 0.007912 0.000000 0.000000
74740.000000 0.007759 0.016855 0.000000 0.000000
74890.000000 -0.009495 -0.016993 0.000000 0.000000
75040.000000 0.011792 0.010413 0.000000 0.000000
75190.000000 0.000269 -0.024150 0.000000 0.000000
75340.000000 0.039993 0.006811 0.000000 0.000000
75490.000000 0.000622 0.050120 0.000000 0.000000
75640.000000 -0.006606 0.016763 0.000000 0.000000
75790.000000 0.002682 0.008754 0.000000 0.000000
75940.000000 0.007481 -0.017052 0.000000 0.000000
76090.000000 -0.032471 -0.009449 0.000000 0.000000
76240.000000 0.000998 0.045128 0.000000 0.000000
76390.000000 0.006744 0.023884 0.000000 0.000000
76540.000000 0.002246 -0.005067 0.000000 0.000000
76690.000000 0.012314 0.009170 0.000000 0.000000
76840.000000 0.025272 -0.016854 0.000000 0.000000
76990.000000 0.010989 0.027369 0.000000 0.000000
77140.000000 0.026995 -0.010771 0.000000 0.000000
77290.000000 0.019917 0.012102 0.000000 0.000000
77440.000000 0.030482 0.013724 0.000000 0.000000
77590.000000 0.002343 0.020105 0.000000 0.000000
77740.000000 -0.005353 -0.000241 0.000000 0.000000
77890.000000 -0.014165 0.001498 0.000000 0.000000
78040.000000 0.003015 0.020476 0.000000 0.000000
78190.000000 0.005079 0.020066 0.000000 0.000000
78340.000000 0.005669 0.005662 0.000000 0.000000
78490.000000 0.027194 -0.008992 0.000000 0.000000
78640.000000 -0.000131 0.065296 0.000000 0.000000
78790.000000 -0.009754 0.024198 0.000000 0.000000
78940.000000 0.001143 0.001623 0.000000 0.000000
79090.000000 0.005598 -0.010820 0.000000 0.000000
79240.000000 0.018648 0.021479 0.000000 0.000000
79390.000000 0.018709 -0.000579 0.000000 0.000000
79540.000000 0.014141 -0.000077 0.000000 0.000000
79690.000000 0.006727 -0.017060 0.000000 0.000000
79840.000000 -0.019065 -0.022009 0.000000 0.000000
79990.000000 0.005509 0.005409 0.000000 0.000000
80140.000000 0.004288 0.017279 0.000000 0.000000
80290.000000 0.003000 0.018569 0.000000 0.000000
80440.000000 -0.026112 -0.032236 0.000000 0.000000
80590.000000 -0.005110 0.006283 0.000000 0.000000
80740.000000 0.001843 -0.037382 0.000000 0.000000
80890.000000 0.026882 0.007903 0.000000 0.000000
81040.000000 0.000974 0.009815 0.000000 0.000000
81190.000000 0.025023 -0.004116 0.000000 0.000000
81340.000000 0.012949 0.013397 0.000000 0.000000
81490.000000 -0.001416 0.011561 0.000000 0.000000
81640.000000 -0.007494 0.007447 0.000000 0.000000
81790.000000 -0.028104 -0.005320 0.000000 0.000000
81940.000000 0.002271 -0.021982 0.000000 0.000000
82090.000000 -0.004074 0.016792 0.000000 0.000000
82240.000000 0.005634 0.004533 0.000000 0.000000
82390.000000 -0.009362 0.076145 0.000000 0.000000
82540.000000 0.008397 0.009232 0.000000 0.000000
82690.000000 -0.027421 0.014094 0.000000 0.000000
82840.000000 -0.014254 0.021309 0.000000 0.000000
82990.000000 0.000764 0.020974 0.000000 0.000000
83140.000000 -0.003020 -0.002011 0.000000 0.000000
83290.000000 -0.017915 -0.014812 0.000000 0.000000
83440.000000 0.017797 0.012574 0.000000 0.000000
83590.000000 0.011505 -0.007040 0.000000 0.000000
83740.000000 0.016247 0.016137 0.000000 0.000000
83890.000000 0.001712 0.024160 0.000000 0.000000
84040.000000 0.008429 -0.016064 0.000000 0.000000
84190.000000 0.000417 0.019051 0.000000 0.000000
84340.000000 -0.010876 0.014482 0.000000 0.000000
84490.000000 0.015010 0.012279 0.000000 0.000000
84640.000000 0.025365 0.023596 0.000000 0.000000
84790.000000 0.003224 0.029152 0.000000 0.000000
84940.000000 -0.021883 0.007986 0.000000 0.000000
85090.000000 0.026620 -0.025663 0.000000 0.000000
85240.000000 0.005736 -0.009208 0.000000 0.000000
85390.000000 0.015421 -0.037555 0.000000 0.000000
85540.000000 -0.019701 0.008022 0.000000 0.000000
85690.000000 0.003109 -0.032921 0.000000 0.000000
85840.000000 0.028125 0.018856 0.000000 0.000000
85990.000000 -0.011047 -0.028785 0.000000 0.000000
86140.000000 -0.013653 -0.009203 0.000000 0.000000
86290.000000 -0.009019 -0.012815 0.000000 0.000000
86440.000000 -0.000878 -0.012392 0.000000 0.000000
86590.000000 -0.025109 -0.019462 0.000000 0.000000
86740.000000 -0.015371 0.007198 0.000000 0.000000
86890.000000 0.018306 -0.003151 0.000000 0.000000
87040.000000 0.006477 0.025281 0.000000 0.000000
87190.000000 -0.008918 0.031463 0.000000 0.000000
87340.000000 0.005849 -0.028217 0.000000 0.000000
87490.000000 -0.013090 -0.025431 0.000000 0.000000
87640.000000 0.009093 0.024064 0.000000 0.000000
87790.000000 0.007170 -0.019342 0.000000 0.000000
87940.000000 -0.005483 -0.013044 0.000000 0.000000
88090.000000 -0.009221 0.006184 0.000000 0.000000
88240.000000 -0.009887 0.008168 0.000000 0.000000
88390.000000 -0.003866 -0.011687 0.000000 0.000000
88540.000000 0.020758 0.011110 0.000000 0.000000
88690.000000 0.000328 0.020917 0.000000 0.000000
88840.000000 0.023320 -0.046550 0.000000 0.000000
88990.000000 0.026499 -0.020534 0.000000 0.000000
89140.000000 -0.021028 0.000645 0.000000 0.000000
89290.000000 0.002197 0.010844 0.000000 0.000000
89440.000000 0.013428 0.004989 0.000000 0.000000
89590.000000 -0.003014 -0.009343 0.000000 0.000000
89740.000000 0.011506 -0.013286 0.000000 0.000000
89890.000000 0.027129 0.014196 0.000000 0.000000
90040.000000 0.005979 0.010890 0.000000 0.000000
90190.000000 0.006969 -0.004030 0.000000 0.000000
90340.000000 0.029964 0.011119 0.000000 0.000000
90490.000000 0.005088 0.008615 0.000000 0.000000
90640.000000 0.018903 -0.020697 0.000000 0.000000
90790.000000 -0.017074 0.005672 0.000000 0.000000
90940.000000 -0.006947 -0.000912 0.000000 0.000000
91090.000000 0.019000 0.019240 0.000000 0.000000
91240.000000 -0.005288 -0.014194 0.000000 0.000000
91390.000000 0.003527 -0.012883 0.000000 0.000000
91540.000000 0.016045 0.002431 0.000000 0.000000
91690.000000 0.015615 -0.015731 0.000000 0.000000
91840.000000 -0.025145 0.006205 0.000000 0.000000
91990.000000 0.008874 -0.028575 0.000000 0.000000
92140.000000 -0.000829 0.003785 0.000000 0.000000
92290.000000 -0.000234 -0.024037 0.000000 0.000000
92440.000000 0.002730 -0.021854 0.000000 0.000000
92590.000000 0.002162 -0.006680 0.000000 0.000000
92740.000000 0.002202 0.000962 0.000000 0.000000
92890.000000 -0.010885 0.032288 0.000000 0.000000
93040.000000 -0.025438 -0.013695 0.000000 0.000000
93190.000000 -0.017972 0.001184 0.000000 0.000000
93340.000000 -0.011205 -0.020584 0.000000 0.000000
93490.000000 -0.009695 0.008703 0.000000 0.000000
93640.000000 -0.001308 -0.039450 0.000000 0.000000
93790.000000 0.001942 0.006943 0.000000 0.000000
93940.000000 0.013548 -0.004914 0.000000 0.000000
94090.000000 0.028385 -0.019253 0.000000 0.000000
94240.000000 -0.058269 0.011677 0.000000 0.000000
94390.000000 -0.024005 -0.023068 0.000000 0.000000
94540.000000 -0.020630 0.017109 0.000000 0.000000
94690.000000 0.025130 0.007638 0.000000 0.000000
94840.000000 0.005538 0.009801 0.000000 0.000000
94990.000000 0.006404 0.014681 0.000000 0.000000
95140.000000 0.014045 -0.008128 0.000000 0.000000
95290.000000 0.008003 -0.021882 0.000000 0.000000
95440.000000 -0.006019 0.043427 0.000000 0.000000
95590.000000 0.005527 0.000036 0.000000 0.000000
95740.000000 -0.022708 0.012362 0.000000 0.000000
95890.000000 -0.003351 -0.021706 0.000000 0.000000
96040.000000 -0.011642 0.028374 0.000000 0.000000
96190.000000 -0.002313 -0.001265 0.000000 0.000000
96340.000000 -0.009056 -0.004477 0.000000 0.000000
96490.000000 -0.023178 0.017717 0.000000 0.000000
96640.000000 -0.009297 0.038259 0.000000 0.000000
96790.000000 -0.001931 0.011727 0.000000 0.000000
96940.000000 0.025860 0.008174 0.000000 0.000000
97090.000000 0.017839 0.011831 0.000000 0.000000
97240.000000 -0.018888 0.007016 0.000000 0.000000
97390.000000 -0.017938 0.016392 0.000000 0.000000
97540.000000 0.006570 -0.013453 0.000000 0.000000
97690.000000 0.012523 0.004519 0.000000 0.000000
97840.000000 0.003339 -0.023164 0.000000 0.000000
97990.000000 -0.005578 -0.032064 0.000000 0.000000
98140.000000 -0.019181 -0.018422 0.000000 0.000000
98290.000000 -0.014842 -0.006588 0.000000 0.000000
98440.000000 0.001951 -0.015760 0.000000 0.000000
98590.000000 0.008309 0.004894 0.000000 0.000000
98740.000000 0.010962 -0.005485 0.000000 0.000000
98890.000000 -0.025791 0.009125 0.000000 0.000000
99040.000000 0.007319 -0.007689 0.000000 0.000000
99190.000000 0.011371 0.006997 0.000000 0.000000
99340.000000 0.001539 -0.012093 0.000000 0.000000
99490.000000 -0.008131 0.023789 0.000000 0.000000
99640.000000 -0.011482 -0.018017 0.000000 0.000000
99790.000000 -0.017099 0.008838 0.000000 0.000000
99940.000000 -0.025179 -0.001482 0.000000 0.000000
