0	297	30	7745	30	30	30	30	30	30	30	30	30	30	30	30	30	30	30	30	30	30	30	30	30	30	30	30	30	30	109	30	30	30	30	30	30	30	30	30	30	30	30	30	30	30	30	30	30	30	30	30	30	30	30	30	30	30	30	30	30	30	30	30	30	30	30	30	109	30	30	30	30	30	30	30	30	30	30	30	30	30	30	30	30	30	30	30	30	30	30	30	30	
50000	30	30	30	30	30	6192	30	30	30	30	30	30	30	237	30	30	109	30	30	30	30	30	30	30	30	30	30	30	30	30	30	30	30	139	30	1207	30	30	30	30	30	30	30	30	30	30	30	30	30	30	30	188	30	30	30	30	30	30	30	30	30	30	30	79	30	30	30	30	30	30	30	30	30	30	30	30	30	30	30	30	30	109	30	30	30	30	30	30	30	30	30	30	30	30	30	30	
100000	297	139	30	30	6903	139	30	30	30	30	30	30	30	30	30	30	30	30	30	30	30	30	30	30	30	30	30	30	30	30	534	30	30	30	30	30	30	30	30	30	30	30	30	30	30	30	30	30	30	30	30	30	248	30	30	30	30	30	30	30	30	30	30	30	30	30	30	30	30	30	30	30	30	30	30	30	30	30	30	30	30	30	30	30	30	30	30	30	30	30	30	30	30	30	
150000	267	6492	30	30	30	30	30	30	30	30	30	30	30	30	30	264	30	30	30	30	30	30	30	30	30	30	30	30	49	30	30	30	30	30	30	30	30	30	30	30	30	30	30	30	30	30	30	109	30	30	30	30	30	30	30	30	30	30	30	30	30	30	30	30	30	30	30	692	207	30	30	30	30	30	30	30	30	30	30	30	30	30	30	30	30	30	30	30	30	30	30	30	30	30	30	30	30	30	30	30	30	
200000	30	30	30	30	207	30	30	30	30	7546	158	30	30	30	30	30	30	30	30	30	30	30	30	30	30	30	30	30	30	30	30	30	30	30	30	30	30	30	30	30	30	30	30	30	30	30	30	30	30	139	30	30	30	30	30	30	30	30	30	30	30	30	30	30	30	30	30	30	30	30	30	30	30	30	30	30	30	30	30	30	30	30	30	30	30	30	30	30	30	30	30	30	30	30	30	30	30	30	30	
250000	30	30	7535	30	30	30	30	30	30	30	30	30	30	267	30	30	30	30	30	30	30	30	30	30	30	30	30	30	30	30	30	139	30	30	30	30	30	30	30	30	30	30	30	30	30	30	30	30	109	30	30	30	30	30	30	30	30	30	30	30	30	30	30	30	30	30	30	30	30	30	30	30	30	30	30	30	30	30	30	30	30	30	30	30	30	30	30	30	30	30	30	30	30	30	30	30	30	30	30	
300000	30	30	6854	30	30	30	30	30	237	30	30	30	30	30	30	30	30	30	30	30	30	30	30	30	30	30	30	30	30	30	30	30	30	455	376	30	30	30	79	30	30	30	30	30	30	30	30	30	30	30	30	30	30	30	30	30	30	30	30	30	30	30	30	30	30	30	30	30	30	30	30	30	30	30	30	30	30	30	79	30	30	30	30	30	30	30	30	30	30	30	30	30	30	30	30	30	30	30	30	30	
350000	30	30	30	30	3525	30	30	3994	30	30	267	30	30	30	30	30	30	30	30	30	30	30	30	30	30	30	30	30	218	30	30	30	30	30	30	30	30	218	30	30	30	30	30	30	30	30	30	30	30	30	30	30	30	30	30	30	30	30	30	30	30	139	30	30	30	30	30	30	30	30	30	30	30	30	30	30	79	30	30	30	30	30	30	30	30	30	30	30	30	
400000	7320	30	30	30	30	297	30	30	218	30	30	30	30	30	30	30	30	30	30	30	30	30	30	30	30	30	30	30	30	30	30	30	30	30	30	30	30	30	30	30	30	30	30	30	30	30	128	30	30	79	30	30	30	30	30	30	30	30	30	30	30	30	30	30	109	30	30	30	30	139	30	30	30	30	30	30	30	30	30	30	30	30	30	30	30	30	30	30	30	30	30	30	30	30	
450000	7012	30	109	30	218	346	30	30	30	30	30	30	30	169	30	30	30	30	30	30	30	30	188	30	30	30	79	30	30	30	30	30	30	30	30	30	30	30	30	30	30	30	30	30	30	30	30	30	30	30	30	30	30	30	30	30	30	30	30	30	30	30	30	30	30	30	30	79	30	30	30	30	30	30	30	30	30	30	30	30	30	30	30	30	30	30	30	30	30	30	30	30	30	30	30	30	30	30	
500000	6584	30	30	30	218	30	30	30	30	30	30	30	30	30	169	30	30	30	30	30	30	30	30	30	30	30	30	30	30	30	30	30	30	30	30	30	30	30	30	30	30	30	30	30	30	30	30	30	30	30	30	158	30	30	30	109	30	30	30	30	30	30	79	30	30	30	30	30	30	30	30	30	30	30	30	30	30	30	237	30	30	30	30	30	30	30	30	49	30	30	30	30	79	158	30	30	30	30	30	30	30	30	30	30	30	30	30	30	30	30	30	30	