0	36.944304
50	2.068772
100	0.369808
150	0.511981
200	-0.044113
250	0.307599
300	0.039808
350	0.071947
400	0.010646
450	0.236285
500	-0.013709
550	0.109888
600	0.047881
650	0.275297
700	0.082656
750	0.131927
800	0.074787
850	0.359486
900	0.203954
950	0.113886
1000	0.141571
1050	0.092112
1100	0.001203
1150	0.129499
1200	0.204294
1250	-0.053088
1300	0.057465
1350	-0.092380
1400	0.128686
1450	0.071415
1500	-0.041079
1550	-0.100167
1600	-0.144655
1650	0.061712
1700	-0.034192
1750	0.011495
1800	-0.021428
1850	0.239301
1900	0.057135
1950	0.227426
2000	-0.092909
2050	0.189442
2100	0.088860
2150	0.300245
2200	-0.092778
2250	0.304444
2300	0.069651
2350	-0.133418
2400	0.205980
2450	-0.105845
2500	0.006524
2550	-0.012167
2600	0.080183
2650	0.142864
2700	0.038745
2750	-0.045700
2800	-0.159448
2850	-0.021247
2900	0.119427
2950	0.103619
3000	-0.093371
3050	-0.043731
3100	0.178805
3150	-0.024974
3200	0.183747
3250	0.210906
3300	-0.035541
3350	-0.087815
3400	-0.028142
3450	-0.232265
3500	0.159203
3550	0.027839
3600	-0.200198
3650	0.104339
3700	0.019832
3750	-0.140308
3800	-0.096890
3850	-0.094738
3900	0.041030
3950	0.115619
4000	-0.058662
4050	0.063969
4100	-0.031362
4150	-0.081208
4200	0.183447
4250	0.125315
4300	-0.037624
4350	0.118560
4400	0.213295
4450	0.141997
4500	-0.078123
4550	0.106429
4600	0.025100
4650	0.037618
4700	-0.058045
4750	-0.105078
4800	0.107613
4850	0.142485
4900	-0.038629
4950	0.164306
5000	0.039044
5050	-0.037816
5100	0.048294
5150	-0.023844
5200	-0.120709
5250	-0.026517
5300	0.143504
5350	-0.006272
5400	-0.049962
5450	-0.042904
5500	-0.104058
5550	-0.038878
5600	0.147970
5650	0.041189
5700	0.040009
5750	0.125004
5800	0.063994
5850	-0.179813
5900	-0.197732
5950	0.129547
6000	0.070748
6050	0.087859
6100	-0.029903
6150	-0.104489
6200	0.005265
6250	0.034450
6300	0.071757
6350	0.067658
6400	0.048330
6450	0.046721
6500	0.114900
6550	0.018298
6600	0.179030
6650	0.098618
6700	-0.173023
6750	0.048566
6800	0.101357
6850	-0.018041
6900	-0.075355
6950	-0.008606
7000	0.114624
7050	-0.130722
7100	0.012508
7150	-0.001286
7200	0.076528
7250	-0.017145
7300	0.149470
7350	-0.078418
7400	-0.038572
7450	-0.137556
7500	0.020992
7550	-0.003347
7600	-0.087664
7650	-0.235720
7700	0.077361
7750	0.088159
7800	-0.125403
7850	0.076969
7900	-0.002668
7950	-0.008074
8000	0.001436
8050	0.110501
8100	-0.018271
8150	0.117108
8200	-0.166916
8250	0.014163
8300	0.134104
8350	-0.004294
8400	-0.030636
8450	0.018400
8500	0.064603
8550	0.092978
8600	-0.081588
8650	0.040289
8700	0.017736
8750	-0.258382
8800	-0.224298
8850	-0.040882
8900	0.010241
8950	-0.046886
9000	0.058455
9050	-0.076228
9100	0.154468
9150	0.203748
9200	0.083318
9250	0.009723
9300	0.204332
9350	0.011984
9400	-0.021779
9450	-0.003597
9500	-0.139090
9550	-0.124270
9600	-0.180402
9650	-0.030228
9700	0.144070
9750	0.111645
9800	0.049602
9850	0.155700
9900	0.049376
9950	0.058555
10000	0.107294
10050	-0.046770
10100	-0.003878
10150	-0.122844
10200	-0.092340
10250	-0.000105
10300	0.034524
10350	-0.011212
10400	-0.072267
10450	0.118253
10500	-0.005279
10550	0.040619
10600	-0.107948
10650	-0.198823
10700	0.000048
10750	-0.022318
10800	-0.130943
10850	0.099277
10900	0.196574
10950	-0.060130
11000	-0.012685
11050	0.183035
11100	-0.114898
11150	-0.000158
11200	0.055269
11250	-0.038537
11300	0.055467
11350	0.107021
11400	-0.042531
11450	0.115705
11500	-0.016449
11550	0.022386
11600	0.049114
11650	0.011810
11700	-0.006926
11750	-0.023841
11800	0.034240
11850	-0.062547
11900	-0.140780
11950	0.002072
12000	-0.118528
12050	0.011422
12100	-0.053059
12150	-0.045733
12200	-0.012795
12250	-0.010760
12300	-0.094178
12350	-0.083562
12400	-0.074593
12450	-0.111586
12500	-0.027369
12550	-0.035371
12600	-0.058836
12650	0.041723
12700	0.000390
12750	0.016979
12800	-0.047552
12850	0.148145
12900	-0.111304
12950	0.018184
13000	0.017773
13050	-0.020017
13100	0.023724
13150	0.090619
13200	0.041535
13250	0.055839
13300	0.097602
13350	0.099348
13400	0.118811
13450	-0.004931
13500	-0.147722
13550	-0.087189
13600	0.128775
13650	0.009947
13700	-0.024037
13750	0.024433
13800	0.102530
13850	0.038334
13900	0.034550
13950	0.003195
14000	0.037471
14050	-0.108791
14100	0.108973
14150	-0.116302
14200	-0.077777
14250	-0.076096
14300	0.023286
14350	-0.115425
14400	-0.001749
14450	-0.045816
14500	-0.173460
14550	-0.070212
14600	-0.098161
14650	-0.096025
14700	-0.089267
14750	-0.024210
14800	-0.079054
14850	-0.179049
14900	0.037290
14950	-0.104577
15000	0.086798
15050	0.258895
15100	0.136458
15150	-0.018777
15200	0.055165
15250	0.003129
15300	0.054185
15350	0.139300
15400	0.071071
15450	0.052032
15500	0.095812
15550	-0.089298
15600	0.221012
15650	-0.191741
15700	0.199624
15750	0.076779
15800	-0.034941
15850	0.090778
15900	0.087123
15950	-0.118104
16000	-0.155436
16050	-0.118589
16100	-0.187231
16150	-0.113261
16200	-0.142429
16250	0.082612
16300	0.088598
16350	0.016095
16400	0.013117
16450	0.028158
16500	0.034055
16550	0.119487
16600	0.018493
16650	-0.033695
16700	-0.212070
16750	0.174129
16800	0.159138
16850	0.117292
16900	-0.037194
16950	0.063573
17000	-0.076122
17050	-0.132727
17100	-0.033196
17150	-0.019686
17200	0.160961
17250	0.099321
17300	-0.017243
17350	0.120241
17400	0.036921
17450	-0.041703
17500	0.016749
17550	0.060622
17600	0.019580
17650	-0.014200
17700	-0.096755
17750	-0.009745
17800	-0.085738
17850	0.123742
17900	-0.035659
17950	0.198135
18000	0.125984
18050	-0.109894
18100	0.065027
18150	0.249312
18200	0.081092
18250	0.104309
18300	-0.001415
18350	-0.103614
18400	0.129140
18450	-0.059620
18500	-0.174448
18550	0.073976
18600	0.000559
18650	0.062922
18700	0.044302
18750	-0.062855
18800	-0.025644
18850	-0.073616
18900	0.057571
18950	0.116629
19000	0.049690
19050	-0.028653
19100	0.016616
19150	0.156109
19200	-0.148162
19250	0.019764
19300	0.068429
19350	0.071513
19400	-0.048643
19450	0.095159
19500	-0.131882
19550	0.013742
19600	0.226162
19650	0.121279
19700	0.099163
19750	-0.104398
19800	0.105344
19850	-0.007874
19900	-0.211394
19950	0.010471
20000	-0.163892
20050	0.040716
20100	0.114562
20150	-0.055807
20200	-0.005067
20250	-0.081980
20300	0.035042
20350	-0.023453
20400	0.080078
20450	0.059507
20500	0.117205
20550	0.018952
20600	0.103492
20650	0.058140
20700	-0.004482
20750	0.142261
20800	0.233748
20850	0.057808
20900	-0.089069
20950	0.051164
21000	0.124471
21050	-0.042502
21100	-0.214031
21150	-0.022733
21200	0.170842
21250	0.082800
21300	0.095517
21350	0.018866
21400	0.098788
21450	0.239198
21500	0.122940
21550	-0.021820
21600	-0.051587
21650	0.091499
21700	0.000742
21750	0.128250
21800	0.030299
21850	-0.009994
21900	-0.105029
21950	0.196657
22000	-0.055406
22050	0.032428
22100	-0.038146
22150	-0.052687
22200	0.005915
22250	0.020446
22300	0.055784
22350	0.006858
22400	0.114856
22450	-0.030609
22500	-0.114838
22550	-0.071505
22600	0.006969
22650	-0.126130
22700	0.062868
22750	-0.092755
22800	-0.021184
22850	-0.085814
22900	-0.097996
22950	-0.111319
23000	-0.149532
23050	0.138796
23100	0.082960
23150	0.010577
23200	-0.042612
23250	-0.032239
23300	0.121997
23350	-0.038014
23400	-0.027893
23450	-0.127014
23500	-0.000310
23550	-0.141913
23600	0.121284
23650	-0.080948
23700	0.024410
23750	-0.169616
23800	-0.053014
23850	0.055901
23900	-0.117782
23950	-0.064832
24000	0.189741
24050	0.158911
24100	-0.046712
24150	0.104673
24200	0.146955
24250	0.015414
24300	-0.025514
24350	-0.235112
24400	0.139129
24450	0.017886
24500	0.194368
24550	-0.073762
24600	-0.123800
24650	0.075194
24700	0.007115
24750	-0.004467
24800	-0.142582
24850	0.143385
24900	-0.050824
24950	-0.149253
25000	0.002671
25050	0.070806
25100	0.116819
25150	0.005525
25200	0.072699
25250	0.175348
25300	-0.043148
25350	0.005914
25400	0.040223
25450	0.146991
25500	0.019776
25550	0.198774
25600	0.192591
25650	0.035021
25700	0.268274
25750	0.271621
25800	0.024509
25850	-0.098215
25900	0.084107
25950	0.034858
26000	0.224528
26050	0.039682
26100	0.043993
26150	-0.098918
26200	-0.073733
26250	-0.120576
26300	-0.209293
26350	-0.033795
26400	0.075090
26450	0.002600
26500	0.140106
26550	0.233782
26600	0.114246
26650	-0.126739
26700	-0.085262
26750	0.073283
26800	0.023983
26850	0.179727
26900	-0.024666
26950	-0.184695
27000	-0.044372
27050	-0.044874
27100	0.072859
27150	0.043020
27200	-0.042091
27250	-0.065949
27300	-0.080903
27350	0.003486
27400	-0.031414
27450	-0.108035
27500	0.002976
27550	0.063294
27600	0.116768
27650	0.008526
27700	0.209463
27750	0.169807
27800	-0.006276
27850	0.004390
27900	0.085189
27950	0.244849
28000	0.180094
28050	-0.025154
28100	0.026853
28150	0.087233
28200	-0.082211
28250	-0.100512
28300	-0.017879
28350	-0.187277
28400	-0.052625
28450	-0.009592
28500	0.178336
28550	0.090142
28600	0.190930
28650	-0.004771
28700	-0.014248
28750	0.163240
28800	0.101422
28850	0.092595
28900	0.072281
28950	0.086842
29000	0.186626
29050	-0.041812
29100	-0.124334
29150	0.013722
29200	0.284377
29250	0.065416
29300	0.081579
29350	-0.145712
29400	0.125502
29450	-0.036061
29500	-0.146148
29550	-0.113135
29600	-0.070937
29650	0.086920
29700	0.029932
29750	0.022093
29800	0.194899
29850	0.049623
29900	0.118598
29950	-0.095841
30000	-0.209308
30050	-0.150779
30100	0.080309
30150	-0.008157
30200	0.065668
30250	0.028017
30300	-0.048303
30350	0.078283
30400	-0.016141
30450	-0.007311
30500	-0.147310
30550	0.138434
30600	0.026759
30650	-0.057324
30700	0.037867
30750	0.143793
30800	0.124447
30850	-0.087801
30900	0.192843
30950	0.034139
31000	0.075229
31050	-0.143107
31100	0.071281
31150	0.066340
31200	-0.150049
31250	0.150150
31300	-0.047639
31350	-0.146418
31400	0.007145
31450	-0.146043
31500	0.219198
31550	-0.051471
31600	-0.047388
31650	0.029326
31700	0.157345
31750	-0.166241
31800	0.165554
31850	0.096548
31900	-0.122984
31950	0.145804
32000	0.037832
32050	0.038733
32100	-0.047457
32150	0.222909
32200	-0.128468
32250	-0.042524
32300	-0.218023
32350	0.031794
32400	0.121517
32450	-0.060261
32500	0.214956
32550	0.080424
32600	0.041985
32650	-0.075922
32700	0.022060
32750	-0.033194
32800	0.029016
32850	-0.052319
32900	-0.152235
32950	0.199661
33000	-0.080395
33050	0.026131
33100	-0.115023
33150	0.090455
33200	-0.089989
33250	-0.088416
33300	-0.050286
33350	-0.033513
33400	-0.020338
33450	0.101140
33500	-0.155134
33550	-0.056806
33600	0.093995
33650	-0.106791
33700	0.036304
33750	-0.095634
33800	-0.165822
33850	-0.058891
33900	0.140902
33950	-0.243560
34000	0.126790
34050	-0.002741
34100	0.201530
34150	0.254131
34200	-0.037882
34250	0.064033
34300	0.141110
34350	-0.102806
34400	0.099742
34450	0.042106
34500	-0.003687
34550	-0.092244
34600	0.083050
34650	-0.003478
34700	0.050601
34750	0.066037
34800	-0.051675
34850	0.004608
34900	-0.026442
34950	-0.123410
35000	0.019487
35050	0.058611
35100	-0.085258
35150	-0.230169
35200	0.063234
35250	0.068648
35300	-0.239190
35350	-0.074252
35400	-0.168229
35450	-0.008914
35500	-0.012143
35550	-0.160854
35600	-0.164465
35650	-0.125703
35700	0.126076
35750	0.177426
35800	0.166463
35850	0.047214
35900	0.047272
35950	-0.103084
36000	0.114860
36050	-0.115644
36100	0.095061
36150	-0.064378
36200	0.152022
36250	-0.036163
36300	0.021601
36350	-0.154099
36400	0.007183
36450	0.035351
36500	0.096632
36550	-0.009516
36600	-0.124022
36650	0.059769
36700	-0.023612
36750	0.146833
36800	0.093140
36850	0.037973
36900	0.184169
36950	0.042431
37000	-0.094934
37050	0.050934
37100	0.138205
37150	-0.023533
37200	0.002847
37250	-0.085098
37300	0.034896
37350	-0.045690
37400	-0.016878
37450	0.009613
37500	-0.118707
37550	0.154180
37600	-0.011677
37650	0.074280
37700	0.118847
37750	0.084874
37800	0.122329
37850	0.014483
37900	-0.141271
37950	0.116312
38000	0.214051
38050	0.027224
38100	-0.085419
38150	0.008984
38200	0.016701
38250	-0.038903
38300	0.041629
38350	-0.050733
38400	0.169812
38450	-0.035470
38500	0.068566
38550	0.036488
38600	-0.064322
38650	-0.103451
38700	0.096000
38750	-0.085361
38800	-0.094251
38850	-0.059542
38900	-0.113436
38950	0.017929
39000	0.208843
39050	0.116899
39100	0.207524
39150	-0.022375
39200	0.008681
39250	0.087878
39300	-0.075165
39350	0.007806
39400	-0.042910
39450	-0.034007
39500	0.070658
39550	-0.266690
39600	0.031847
39650	0.075240
39700	0.046812
39750	-0.084339
39800	-0.139622
39850	-0.038368
39900	0.010412
39950	-0.083451
40000	0.003846
40050	-0.060639
40100	-0.009236
40150	0.008814
40200	0.127946
40250	-0.035563
40300	-0.065575
40350	-0.106599
40400	0.057701
40450	0.294381
40500	-0.010718
40550	-0.066494
40600	-0.176649
40650	-0.038062
40700	-0.062164
40750	-0.020450
40800	0.027344
40850	-0.032258
40900	-0.038538
40950	0.008588
41000	-0.006953
41050	-0.119673
41100	-0.020817
41150	0.044471
41200	0.121557
41250	0.079789
41300	-0.082640
41350	-0.106213
41400	-0.006152
41450	0.018137
41500	0.093781
41550	-0.058030
41600	-0.111428
41650	-0.044793
41700	-0.208696
41750	0.096009
41800	0.036632
41850	-0.049389
41900	0.054725
41950	-0.047533
42000	0.064418
42050	-0.015965
42100	-0.104237
42150	0.022848
42200	-0.003215
42250	-0.184176
42300	0.169406
42350	-0.018306
42400	-0.031503
42450	0.049920
42500	-0.023437
42550	-0.012565
42600	0.046812
42650	-0.046444
42700	-0.159684
42750	-0.110066
42800	-0.274682
42850	-0.078401
42900	-0.150035
42950	-0.074908
43000	-0.177358
43050	-0.082404
43100	-0.005864
43150	0.169297
43200	0.048075
43250	0.000858
43300	-0.138065
43350	0.056364
43400	-0.231733
43450	-0.122832
43500	-0.141608
43550	-0.018848
43600	-0.058712
43650	-0.048127
43700	0.248778
43750	0.003845
43800	-0.146780
43850	0.146280
43900	-0.084487
43950	0.002548
44000	-0.120916
44050	-0.053277
44100	0.201631
44150	0.135465
44200	0.073504
44250	0.282041
44300	0.016921
44350	-0.103301
44400	-0.162072
44450	-0.091719
44500	-0.081693
44550	-0.165261
44600	-0.103978
44650	-0.017634
44700	0.076441
44750	0.003726
44800	0.080295
44850	0.053361
44900	0.052757
44950	-0.069726
45000	-0.050643
45050	0.145954
45100	0.075138
45150	0.034741
45200	-0.031961
45250	-0.003824
45300	0.020696
45350	0.146215
45400	-0.074226
45450	0.106386
45500	-0.256926
45550	0.026903
45600	0.134499
45650	0.053950
45700	0.047658
45750	0.162112
45800	-0.156305
45850	-0.102350
45900	-0.063907
45950	-0.063916
46000	0.074065
46050	-0.105476
46100	0.117948
46150	-0.225832
46200	-0.178898
46250	0.016959
46300	0.094069
46350	0.075307
46400	0.170264
46450	0.080224
46500	-0.001703
46550	-0.151921
46600	-0.004208
46650	0.050571
46700	0.207200
46750	-0.072227
46800	0.020496
46850	0.134808
46900	0.071911
46950	-0.095119
47000	-0.121024
47050	0.150957
47100	-0.016022
47150	0.089606
47200	-0.058160
47250	0.068803
47300	0.031341
47350	-0.161159
47400	-0.137249
47450	-0.003207
47500	-0.012059
47550	-0.030680
47600	0.001088
47650	-0.252798
47700	0.176283
47750	0.028722
47800	-0.106951
47850	-0.303254
47900	-0.076225
47950	-0.323460
48000	-0.038336
48050	-0.192004
48100	-0.157992
48150	0.091708
48200	0.049683
48250	0.176247
48300	-0.185348
48350	-0.172257
48400	-0.103197
48450	0.139372
48500	0.027060
48550	0.080113
48600	0.008269
48650	0.010968
48700	-0.001756
48750	0.172791
48800	0.149756
48850	-0.123115
48900	0.054584
48950	0.095873
49000	0.109131
49050	0.069756
49100	0.012875
49150	0.080151
49200	-0.111388
49250	-0.110295
49300	0.180029
49350	-0.030491
49400	0.119467
49450	0.133801
49500	0.005952
49550	-0.019005
49600	0.024746
49650	-0.108428
49700	0.116255
49750	0.193464
49800	0.309873
49850	-0.066498
49900	0.122944
49950	0.054555
50000	0.117659
50050	0.120325
50100	0.078607
50150	-0.048902
50200	-0.026529
50250	-0.158551
50300	-0.150587
50350	-0.279263
50400	0.004871
50450	-0.080424
50500	0.070877
50550	0.106790
50600	0.031886
50650	0.101674
50700	-0.073355
50750	0.053803
50800	-0.250532
50850	-0.075570
50900	-0.076070
50950	-0.120032
51000	-0.027573
51050	-0.049150
51100	0.119084
51150	-0.098406
51200	-0.041387
51250	0.073047
51300	-0.087615
51350	0.008669
51400	0.059924
51450	0.109386
51500	-0.060989
51550	-0.250806
51600	0.048666
51650	0.009310
51700	-0.034084
51750	0.011536
51800	0.076786
51850	-0.095453
51900	0.116912
51950	0.064940
52000	-0.080361
52050	0.086659
52100	-0.180476
52150	-0.143650
52200	-0.128388
52250	-0.063263
52300	-0.032029
52350	-0.144571
52400	-0.006132
52450	-0.070350
52500	-0.041024
52550	-0.016811
52600	-0.089107
52650	-0.088725
52700	-0.042408
52750	0.014845
52800	0.236381
52850	0.157716
52900	0.069099
52950	0.093593
53000	0.014833
53050	0.117542
53100	-0.046010
53150	-0.046667
53200	-0.058204
53250	0.182647
53300	-0.081547
53350	0.063284
53400	0.093475
53450	0.137272
53500	-0.101239
53550	-0.019425
53600	0.060520
53650	-0.050481
53700	-0.076698
53750	0.075296
53800	0.017281
53850	0.039446
53900	0.093420
53950	-0.031412
54000	0.055773
54050	-0.121763
54100	-0.148100
54150	-0.052890
54200	0.168702
54250	0.153434
54300	-0.134516
54350	-0.019792
54400	0.030887
54450	0.123514
54500	-0.229674
54550	-0.252574
54600	0.045771
54650	-0.007788
54700	-0.037040
54750	-0.102693
54800	0.014895
54850	-0.108346
54900	0.002020
54950	0.067928
55000	0.015405
55050	-0.005187
55100	0.110656
55150	0.112073
55200	0.203222
55250	-0.163583
55300	0.124407
55350	0.009131
55400	-0.071056
55450	0.142077
55500	0.068906
55550	0.122365
55600	0.106223
55650	0.251879
55700	0.255043
55750	0.099193
55800	0.002060
55850	-0.009759
55900	-0.247391
55950	0.090659
56000	0.174518
56050	0.013861
56100	0.300520
56150	-0.138615
56200	-0.061857
56250	0.024946
56300	0.120718
56350	0.068206
56400	0.081640
56450	0.085562
56500	0.019665
56550	-0.124517
56600	-0.004522
56650	0.056805
56700	0.194326
56750	-0.004918
56800	0.108290
56850	0.036394
56900	0.026813
56950	0.017732
57000	-0.088749
57050	0.043577
57100	-0.047374
57150	0.105609
57200	0.127091
57250	0.010246
57300	0.132693
57350	0.025515
57400	0.096311
57450	-0.076684
57500	0.142099
57550	-0.073175
57600	0.063085
57650	0.068923
57700	0.234618
57750	-0.103388
57800	-0.067790
57850	-0.151931
57900	-0.071547
57950	-0.185914
58000	-0.023306
58050	-0.055228
58100	-0.025105
58150	0.067726
58200	-0.033038
58250	-0.093428
58300	0.020528
58350	-0.053841
58400	-0.028177
58450	0.068544
58500	-0.133529
58550	0.238839
58600	-0.109158
58650	-0.069322
58700	0.050579
58750	-0.029415
58800	-0.044981
58850	0.120124
58900	-0.067429
58950	-0.143343
59000	-0.195839
59050	-0.134604
59100	-0.022844
59150	0.145473
59200	0.070972
59250	-0.041141
59300	-0.157348
59350	-0.068212
59400	0.227988
59450	0.142761
59500	-0.069788
59550	-0.030888
59600	-0.018341
59650	0.061232
59700	-0.097951
59750	-0.074874
59800	-0.019226
59850	-0.292451
59900	-0.224355
59950	-0.044012
60000	-0.053354
60050	0.015366
60100	0.025728
60150	-0.025195
60200	-0.138208
60250	-0.152330
60300	-0.247414
60350	-0.125923
60400	0.050942
60450	-0.188505
60500	-0.079164
60550	0.055091
60600	-0.033074
60650	-0.148995
60700	-0.153755
60750	-0.048823
60800	0.094324
60850	0.061308
60900	0.158380
60950	-0.169806
61000	-0.138107
61050	0.036129
61100	0.059465
61150	0.095579
61200	-0.082919
61250	0.021140
61300	0.067593
61350	0.118410
61400	-0.053918
61450	0.077022
61500	-0.024380
61550	0.019227
61600	-0.014635
61650	-0.068854
61700	-0.035476
61750	-0.109666
61800	0.157280
61850	-0.013054
61900	-0.092088
61950	0.051751
62000	-0.096760
62050	-0.100577
62100	-0.073501
62150	-0.056172
62200	-0.149473
62250	-0.162971
62300	-0.044429
62350	0.112279
62400	0.092054
62450	-0.251596
62500	-0.140689
62550	-0.232093
62600	-0.186009
62650	-0.093583
62700	-0.187587
62750	-0.199010
62800	0.057520
62850	-0.060280
62900	0.017278
62950	-0.020266
63000	0.049339
63050	0.181135
63100	0.002329
63150	-0.051091
63200	0.079556
63250	0.077518
63300	0.200576
63350	-0.193309
63400	0.173267
63450	-0.052878
63500	-0.185916
63550	-0.183994
63600	-0.213272
63650	-0.245188
63700	-0.052994
63750	-0.274194
63800	0.077848
63850	-0.034208
63900	-0.086963
63950	-0.252757
64000	0.009372
64050	0.074014
64100	0.030928
64150	-0.057943
64200	0.057431
64250	-0.002708
64300	0.054634
64350	0.041503
64400	-0.032115
64450	-0.132333
64500	0.070684
64550	0.016127
64600	0.190786
64650	-0.044863
64700	-0.047522
64750	0.035050
64800	-0.099088
64850	-0.016502
64900	-0.043254
64950	-0.104789
65000	0.210769
65050	0.129372
65100	0.036748
65150	0.065993
65200	0.229193
65250	-0.104574
65300	-0.058653
65350	0.057366
65400	0.005093
65450	0.011220
65500	0.163739
65550	-0.020639
65600	-0.131007
65650	-0.034745
65700	0.117983
65750	-0.023383
65800	0.102423
65850	-0.000121
65900	0.018222
65950	-0.017315
66000	0.051166
66050	0.054579
66100	0.187976
66150	-0.154134
66200	0.147825
66250	0.051338
66300	0.055769
66350	-0.141702
66400	-0.090571
66450	0.065393
66500	0.091883
66550	0.153283
66600	0.138095
66650	0.071186
66700	0.059925
66750	0.031538
66800	-0.194882
66850	0.048826
66900	-0.011821
66950	0.008724
67000	0.001512
67050	-0.139601
67100	-0.055368
67150	0.017780
67200	0.071842
67250	0.104031
67300	0.031624
67350	0.001294
67400	-0.065101
67450	-0.095962
67500	-0.101017
67550	-0.173467
67600	-0.171303
67650	-0.288319
67700	-0.021502
67750	0.127465
67800	-0.118303
67850	-0.156191
67900	-0.077515
67950	0.079099
68000	0.060289
68050	-0.093400
68100	-0.135962
68150	0.013911
68200	-0.136347
68250	0.111721
68300	-0.004926
68350	-0.019306
68400	0.136926
68450	-0.063079
68500	0.114391
68550	0.144700
68600	0.186132
68650	0.038273
68700	-0.023004
68750	-0.029077
68800	0.240359
68850	0.193142
68900	-0.154521
68950	0.010016
69000	-0.156361
69050	-0.243668
69100	0.103162
69150	0.241760
69200	0.119422
69250	0.068556
69300	0.038068
69350	0.082296
69400	0.007639
69450	0.069246
69500	0.119248
69550	-0.078832
69600	0.003565
69650	-0.140521
69700	0.165494
69750	-0.041323
69800	-0.038881
69850	0.009488
69900	-0.092500
69950	-0.006835
70000	-0.153538
70050	-0.062941
70100	0.014206
70150	-0.133243
70200	0.150877
70250	-0.093895
70300	0.068640
70350	0.104250
70400	0.079982
70450	-0.230549
70500	0.165481
70550	-0.216097
70600	-0.012232
70650	-0.092445
70700	0.090989
70750	-0.011640
70800	0.096557
70850	-0.143704
70900	0.046409
70950	0.046362
71000	-0.000285
71050	0.059167
71100	-0.099499
71150	0.010610
71200	0.080408
71250	-0.035378
71300	-0.146639
71350	0.017077
71400	0.021637
71450	0.125314
71500	-0.179728
71550	-0.088994
71600	-0.047488
71650	0.036025
71700	0.062193
71750	0.048391
71800	0.036438
71850	0.100076
71900	-0.057814
71950	-0.153831
72000	-0.045378
72050	0.059397
72100	0.055899
72150	0.070512
72200	-0.025741
72250	0.036500
72300	0.000822
72350	-0.239289
72400	0.058677
72450	-0.020903
72500	0.070099
72550	0.014940
72600	-0.001436
72650	0.075942
72700	-0.108752
72750	-0.063281
72800	-0.105376
72850	-0.044183
72900	-0.018180
72950	-0.003482
73000	-0.091390
73050	0.158522
73100	0.144294
73150	0.124930
73200	-0.043544
73250	0.090755
73300	-0.002730
73350	-0.061136
73400	-0.036921
73450	-0.175584
73500	-0.203319
73550	-0.170826
73600	-0.030971
73650	-0.118491
73700	0.080003
73750	-0.086861
73800	0.031093
73850	-0.084170
73900	-0.154635
73950	-0.000078
74000	0.016384
74050	-0.127369
74100	-0.005353
74150	0.061013
74200	0.011547
74250	0.077210
74300	-0.102588
74350	0.269467
74400	0.044862
74450	0.258451
74500	0.026136
74550	-0.086305
74600	0.007493
74650	0.079991
74700	0.082793
74750	-0.033696
74800	0.036269
74850	-0.044053
74900	-0.004308
74950	-0.105652
75000	0.071902
75050	-0.126281
75100	0.021918
75150	0.027482
75200	-0.020451
75250	-0.028791
75300	-0.074440
75350	0.025107
75400	-0.030320
75450	0.109802
75500	0.184820
75550	0.031964
75600	-0.056784
75650	0.014760
75700	-0.108828
75750	0.137852
75800	0.086883
75850	-0.062150
75900	-0.076735
75950	-0.096470
76000	-0.012764
76050	0.126902
76100	0.124858
76150	0.164645
76200	0.007451
76250	-0.011965
76300	-0.154651
76350	0.024552
76400	-0.193593
76450	-0.126010
76500	0.093184
76550	-0.006667
76600	-0.078381
76650	-0.026310
76700	0.061277
76750	0.151753
76800	0.055790
76850	-0.101045
76900	-0.084075
76950	0.029612
77000	-0.087398
77050	0.117532
77100	0.205022
77150	-0.007235
77200	-0.058324
77250	0.141675
77300	0.132354
77350	-0.031539
77400	-0.012281
77450	-0.011212
77500	0.005647
77550	0.121098
77600	0.173326
77650	0.087088
77700	0.081595
77750	-0.057155
77800	-0.032962
77850	0.155810
77900	0.034760
77950	-0.021897
78000	-0.158712
78050	0.183916
78100	0.038285
78150	0.007055
78200	0.048552
78250	-0.116472
78300	-0.018650
78350	0.089133
78400	0.119354
78450	0.056089
78500	0.198691
78550	-0.165923
78600	0.059551
78650	0.065404
78700	0.006415
78750	-0.079429
78800	0.008841
78850	-0.061563
78900	0.073558
78950	0.092460
79000	-0.056523
79050	0.153736
79100	-0.061253
79150	-0.008473
79200	-0.081577
79250	-0.196779
79300	-0.006341
79350	0.170818
79400	-0.305637
79450	-0.034409
79500	-0.125219
79550	0.081688
79600	0.022714
79650	-0.082455
79700	0.139910
79750	-0.054558
79800	-0.173479
79850	0.036308
79900	0.025191
79950	-0.005267
80000	-0.074220
80050	-0.183059
80100	-0.216919
80150	0.002137
80200	-0.020322
80250	0.101976
80300	0.113534
80350	-0.124488
80400	-0.011747
80450	0.064745
80500	-0.176057
80550	-0.118231
80600	0.017956
80650	0.035246
80700	0.007850
80750	-0.002861
80800	-0.092038
80850	-0.164613
80900	-0.012333
80950	0.001426
81000	0.020316
81050	0.035218
81100	-0.046080
81150	0.221854
81200	-0.127851
81250	-0.210238
81300	-0.063804
81350	0.087305
81400	-0.046458
81450	0.055474
81500	-0.044755
81550	0.090257
81600	0.119200
81650	-0.123813
81700	0.025860
81750	-0.072019
81800	-0.068964
81850	0.033783
81900	0.087856
81950	0.193512
82000	0.086074
82050	-0.149343
82100	-0.072875
82150	0.116805
82200	0.058961
82250	-0.011647
82300	0.090922
82350	0.061700
82400	0.028032
82450	0.117460
82500	-0.111748
82550	0.018528
82600	0.167119
82650	-0.043086
82700	-0.100945
82750	0.023282
82800	0.095525
82850	0.099495
82900	0.131572
82950	0.087012
83000	0.016674
83050	0.003092
83100	0.152648
83150	0.011047
83200	-0.063223
83250	-0.129196
83300	-0.002126
83350	0.030785
83400	-0.117451
83450	0.149026
83500	0.002307
83550	0.038858
83600	-0.035855
83650	-0.111091
83700	0.153574
83750	-0.132252
83800	-0.165942
83850	-0.230224
83900	-0.094625
83950	-0.157927
84000	0.089932
84050	-0.136388
84100	-0.056480
84150	0.192516
84200	-0.039123
84250	0.066561
84300	0.036083
84350	-0.037910
84400	0.125083
84450	0.026195
84500	0.010658
84550	0.036601
84600	-0.138862
84650	-0.140506
84700	0.135951
84750	-0.043695
84800	0.213556
84850	0.119754
84900	-0.300413
84950	-0.149580
85000	0.019226
85050	0.077149
85100	-0.059024
85150	-0.019482
85200	-0.283721
85250	-0.030348
85300	-0.069212
85350	-0.230802
85400	-0.117219
85450	-0.046817
85500	-0.019801
85550	-0.246609
85600	-0.311431
85650	-0.001583
85700	-0.117880
85750	-0.090095
85800	-0.023725
85850	0.248689
85900	-0.002678
85950	-0.121480
86000	0.027518
86050	-0.172385
86100	-0.068307
86150	-0.206864
86200	0.014784
86250	-0.081138
86300	-0.024256
86350	-0.033653
86400	-0.272840
86450	-0.032313
86500	-0.006047
86550	0.106935
86600	0.037815
86650	0.052120
86700	-0.060941
86750	-0.103945
86800	0.028700
86850	0.002816
86900	0.113402
86950	0.368910
87000	-0.144888
87050	0.052326
87100	-0.064545
87150	-0.189991
87200	-0.118072
87250	0.036921
87300	-0.037731
87350	-0.053571
87400	-0.033029
87450	0.135866
87500	0.029540
87550	0.089242
87600	-0.030190
87650	0.082429
87700	-0.179609
87750	-0.053292
87800	-0.058732
87850	-0.121920
87900	0.062579
87950	-0.074332
88000	0.034767
88050	0.031267
88100	0.035266
88150	-0.070647
88200	0.038328
88250	-0.035524
88300	-0.167608
88350	-0.089045
88400	0.033152
88450	-0.193328
88500	-0.140673
88550	-0.043599
88600	0.024232
88650	0.021994
88700	-0.134693
88750	-0.153570
88800	0.013296
88850	-0.008511
88900	-0.155973
88950	-0.080922
89000	-0.120529
89050	-0.229597
89100	-0.028069
89150	0.014694
89200	0.059120
89250	-0.088030
89300	-0.220336
89350	-0.121173
89400	0.004227
89450	0.228259
89500	0.150040
89550	-0.053688
89600	0.028176
89650	-0.010880
89700	-0.046181
89750	0.066606
89800	0.060300
89850	-0.055323
89900	-0.199404
89950	0.010014
90000	0.238281
90050	-0.139299
90100	0.130488
90150	-0.100204
90200	-0.147398
90250	-0.111790
90300	0.033729
90350	0.044454
90400	0.122942
90450	-0.196786
90500	-0.078596
90550	0.042403
90600	0.001695
90650	-0.078965
90700	0.090875
90750	-0.105626
90800	-0.166518
90850	0.087887
90900	0.149392
90950	0.049036
91000	-0.048062
91050	0.037183
91100	-0.025090
91150	-0.224854
91200	-0.205845
91250	0.033786
91300	0.058187
91350	0.088040
91400	0.099132
91450	0.138617
91500	-0.212192
91550	0.061554
91600	0.174267
91650	-0.005649
91700	0.002148
91750	-0.008259
91800	0.096154
91850	0.093210
91900	0.060926
91950	0.100763
92000	0.158248
92050	0.007198
92100	-0.055787
92150	-0.001663
92200	0.087788
92250	0.040124
92300	0.007558
92350	-0.043839
92400	-0.049865
92450	-0.113880
92500	0.054347
92550	-0.168828
92600	0.096892
92650	-0.038234
92700	0.011584
92750	0.156454
92800	-0.155678
92850	0.000130
92900	-0.033665
92950	0.190616
93000	0.149576
93050	-0.024596
93100	0.121947
93150	-0.038071
93200	-0.104658
93250	-0.120431
93300	-0.082496
93350	-0.019772
93400	0.193300
93450	0.010298
93500	0.020148
93550	-0.152952
93600	-0.219566
93650	-0.114458
93700	-0.050249
93750	-0.036550
93800	-0.147345
93850	-0.120329
93900	0.151927
93950	0.024184
94000	0.314450
94050	-0.021168
94100	0.021957
94150	0.009660
94200	-0.007842
94250	-0.055468
94300	-0.044715
94350	-0.152352
94400	0.144897
94450	-0.144990
94500	0.236518
94550	0.096660
94600	-0.121178
94650	-0.181799
94700	-0.067034
94750	-0.145331
94800	0.034998
94850	0.187275
94900	0.023351
94950	-0.068198
95000	-0.141347
95050	-0.063964
95100	0.124575
95150	-0.006518
95200	-0.028639
95250	-0.049310
95300	0.083786
95350	0.057027
95400	0.140765
95450	-0.018264
95500	-0.022037
95550	-0.200949
95600	-0.099573
95650	-0.096254
95700	-0.026534
95750	-0.109018
95800	-0.025018
95850	0.201696
95900	-0.131921
95950	-0.099455
96000	-0.065962
96050	-0.152600
96100	-0.089611
96150	-0.114500
96200	-0.091045
96250	0.057843
96300	0.170044
96350	0.091762
96400	0.004956
96450	-0.120842
96500	-0.077354
96550	-0.045348
96600	-0.132635
96650	0.080380
96700	-0.188972
96750	-0.284644
96800	-0.343520
96850	-0.173710
96900	-0.016631
96950	-0.039628
97000	-0.097670
97050	-0.116814
97100	-0.090174
97150	-0.106216
97200	0.155389
97250	-0.227092
97300	-0.078180
97350	-0.269859
97400	-0.063321
97450	-0.139322
97500	-0.000662
97550	0.046353
97600	0.010488
97650	-0.016155
97700	-0.072143
97750	0.000954
97800	0.083580
97850	0.116164
97900	0.204895
97950	0.000141
98000	0.083618
98050	0.037788
98100	0.046426
98150	0.017792
98200	0.025314
98250	-0.056716
98300	0.039036
98350	-0.084306
98400	-0.094174
98450	0.175141
98500	0.008685
98550	0.048225
98600	-0.030862
98650	0.076279
98700	-0.142413
98750	-0.035073
98800	0.098037
98850	-0.059899
98900	0.202999
98950	0.108774
99000	0.060945
99050	-0.177039
99100	0.065133
99150	0.048716
99200	0.014429
99250	-0.182654
99300	-0.205461
99350	0.118434
99400	0.006577
99450	0.086942
99500	-0.147330
99550	0.174263
99600	0.167876
99650	0.095598
99700	0.102973
99750	0.106450
99800	-0.075319
99850	-0.063816
99900	0.074768
99950	0.059935
100000	0.081480
100050	0.081790
100100	0.291485
100150	0.016109
100200	0.115280
100250	-0.072528
100300	0.036775
100350	-0.188688
100400	-0.085557
100450	-0.048284
100500	-0.050905
100550	0.182891
100600	0.022759
100650	0.107456
100700	0.212905
100750	0.018465
100800	-0.039550
100850	0.078762
100900	-0.040575
100950	0.026613
101000	0.072846
101050	-0.064397
101100	0.122513
101150	0.117072
101200	-0.012657
101250	-0.114698
101300	0.066129
101350	-0.101050
101400	0.053550
101450	-0.035269
101500	-0.070901
101550	0.111790
101600	0.176446
101650	-0.004939
101700	-0.111985
101750	-0.003449
101800	-0.037480
101850	0.018096
101900	-0.036591
101950	0.014100
102000	-0.002950
102050	0.069260
102100	-0.006856
102150	-0.005128
102200	-0.056779
102250	-0.045064
102300	0.086778
102350	0.081782
102400	-0.000340
102450	-0.048769
102500	-0.180375
102550	0.021063
102600	-0.064626
102650	0.077103
102700	0.215032
102750	0.085993
102800	0.053260
102850	0.067188
102900	-0.034272
102950	0.084608
103000	-0.001722
103050	-0.039883
103100	-0.151659
103150	0.157350
103200	0.065881
103250	-0.130768
103300	0.097579
103350	0.062813
103400	0.030403
103450	-0.003193
103500	0.057669
103550	0.053875
103600	0.115639
103650	0.027460
103700	0.125916
103750	-0.051258
103800	0.006055
103850	-0.047828
103900	-0.032860
103950	-0.120272
104000	-0.070685
104050	-0.021415
104100	-0.039550
104150	0.120792
104200	0.117052
104250	0.027370
104300	0.125156
104350	-0.219587
104400	0.349477
104450	0.039794
104500	0.097783
104550	-0.061579
104600	-0.040412
104650	0.062591
104700	0.108164
104750	0.108311
104800	-0.078022
104850	0.083609
104900	0.077972
104950	-0.007542
105000	0.088055
105050	-0.013992
105100	0.253836
105150	0.196790
105200	0.084708
105250	-0.033846
105300	0.023583
105350	0.121914
105400	0.015677
105450	-0.075734
105500	0.091977
105550	0.013376
105600	-0.008241
105650	-0.138209
105700	-0.036608
105750	0.008842
105800	0.133038
105850	0.189033
105900	0.047007
105950	-0.031073
106000	0.148586
106050	-0.003296
106100	-0.114690
106150	0.042291
106200	-0.067267
106250	-0.144384
106300	-0.069564
106350	-0.063739
106400	0.158826
106450	0.018476
106500	0.028707
106550	0.222033
106600	0.193546
106650	0.014844
106700	0.095447
106750	-0.218393
106800	0.057555
106850	0.226253
106900	-0.115388
106950	-0.041205
107000	-0.011896
107050	0.119430
107100	0.093962
107150	0.075959
107200	0.080813
107250	0.044578
107300	-0.034716
107350	-0.065596
107400	0.179026
107450	-0.012927
107500	-0.116886
107550	0.005235
107600	-0.076972
107650	0.125355
107700	0.101241
107750	0.078659
107800	-0.264308
107850	0.048647
107900	-0.086082
107950	-0.029847
108000	-0.003332
108050	0.120692
108100	-0.011517
108150	0.215968
108200	0.058895
108250	-0.000740
108300	-0.048024
108350	0.033580
108400	-0.054251
108450	-0.031396
108500	0.056949
108550	-0.075796
108600	0.115946
108650	-0.050769
108700	0.114812
108750	-0.084571
108800	-0.038776
108850	-0.138585
108900	-0.131016
108950	0.035501
109000	0.078967
109050	-0.070050
109100	0.152358
109150	0.258819
109200	-0.009940
109250	-0.052265
109300	-0.177589
109350	-0.213035
109400	0.075038
109450	-0.025285
109500	0.044872
109550	0.019040
109600	-0.256244
109650	0.053013
109700	-0.128663
109750	-0.210902
109800	-0.103286
109850	0.138249
109900	-0.003355
109950	-0.021401
110000	0.006689
110050	-0.019766
110100	-0.029638
110150	0.031459
110200	-0.307032
110250	0.022252
110300	0.133150
110350	0.116096
110400	-0.069722
110450	0.155825
110500	-0.154278
110550	0.028756
110600	0.010492
110650	0.081470
110700	0.136999
110750	-0.049752
110800	0.043796
110850	0.042948
110900	0.144657
110950	-0.218514
111000	-0.007078
111050	0.083458
111100	-0.022820
111150	0.090248
111200	-0.056848
111250	-0.040809
111300	-0.134601
111350	-0.051651
111400	-0.043520
111450	0.057607
111500	-0.125631
111550	-0.170795
111600	-0.181559
111650	-0.037338
111700	0.118594
111750	-0.269197
111800	-0.069300
111850	0.070913
111900	-0.199303
111950	-0.049753
112000	0.160145
112050	-0.044572
112100	-0.030204
112150	-0.168782
112200	0.048993
112250	-0.010167
112300	-0.074586
112350	0.005381
112400	-0.016517
112450	-0.178036
112500	-0.075190
112550	0.024057
112600	-0.088139
112650	0.019600
112700	-0.095532
112750	-0.050550
112800	0.045953
112850	-0.106313
112900	0.049427
112950	0.073821
113000	0.086232
113050	0.013954
113100	-0.056413
113150	-0.256997
113200	-0.064740
113250	-0.032548
113300	-0.138426
113350	0.073150
113400	0.093864
113450	0.004863
113500	0.001830
113550	0.054334
113600	0.106686
113650	-0.127884
113700	-0.079712
113750	0.184280
113800	-0.021912
113850	0.067636
113900	-0.180973
113950	-0.138628
114000	-0.275972
114050	-0.125668
114100	-0.146538
114150	0.013626
114200	0.195043
114250	0.012810
114300	0.070479
114350	-0.066208
114400	0.023300
114450	0.009978
114500	0.027669
114550	0.010795
114600	-0.224491
114650	0.071543
114700	0.152048
114750	0.000735
114800	0.030339
114850	0.050438
114900	-0.013733
114950	-0.090329
115000	-0.078238
115050	0.051343
115100	0.370236
115150	0.074937
115200	0.195974
115250	0.186128
115300	0.034383
115350	-0.100951
115400	-0.032557
115450	-0.041274
115500	0.011309
115550	-0.082072
115600	0.062856
115650	0.023936
115700	0.069207
115750	-0.109288
115800	0.070063
115850	-0.167292
115900	0.194224
115950	0.008118
116000	-0.164088
116050	-0.045997
116100	-0.089707
116150	-0.091168
116200	0.122453
116250	0.027758
116300	0.035125
116350	-0.070988
116400	-0.020975
116450	-0.056822
116500	-0.095628
116550	0.097313
116600	-0.119690
116650	-0.007572
116700	-0.212542
116750	0.152803
116800	-0.154371
116850	-0.148273
116900	0.074604
116950	-0.017063
117000	0.068771
117050	-0.162723
117100	-0.000700
117150	0.103721
117200	-0.071949
117250	0.148272
117300	0.193490
117350	0.101706
117400	-0.055777
117450	0.119950
117500	-0.124383
117550	0.054496
117600	0.115850
117650	-0.069250
117700	-0.005005
117750	-0.100775
117800	0.298226
117850	0.131515
117900	0.094176
117950	0.094225
118000	0.084087
118050	0.013053
118100	-0.068785
118150	-0.063300
118200	-0.158045
118250	-0.111926
118300	-0.204495
118350	-0.107730
118400	0.088987
118450	0.059474
118500	0.015155
118550	0.186822
118600	0.165532
118650	0.014775
118700	0.154281
118750	-0.060736
118800	-0.077070
118850	0.019924
118900	-0.084854
118950	0.116251
119000	0.055773
119050	-0.154934
119100	-0.009452
119150	0.013472
119200	0.047869
119250	0.005035
119300	0.050817
119350	-0.036127
119400	-0.138119
119450	-0.093803
119500	0.060562
119550	0.176289
119600	-0.083251
119650	0.048783
119700	-0.032940
119750	-0.049554
119800	-0.012462
119850	-0.182598
119900	-0.018028
119950	-0.083867
120000	-0.016664
120050	0.003527
120100	-0.172436
120150	-0.005607
120200	-0.120257
120250	0.011737
120300	0.144830
120350	-0.016206
120400	0.066815
120450	-0.033684
120500	-0.070575
120550	0.177870
120600	0.051785
120650	-0.028939
120700	0.061886
120750	0.016919
120800	0.200388
120850	0.154397
120900	-0.066944
120950	-0.120320
121000	-0.201713
121050	-0.036672
121100	0.116702
121150	-0.027365
121200	-0.060768
121250	0.077360
121300	-0.006121
121350	0.078297
121400	-0.095373
121450	-0.164360
121500	0.105731
121550	-0.106716
121600	-0.080901
121650	-0.118083
121700	-0.038769
121750	0.045199
121800	-0.133761
121850	-0.092098
121900	-0.035422
121950	0.071098
122000	-0.083486
122050	-0.179603
122100	0.067962
122150	0.158961
122200	-0.045367
122250	-0.000376
122300	-0.089149
122350	-0.121113
122400	0.050691
122450	0.222118
122500	0.098071
122550	-0.027346
122600	0.050412
122650	-0.003092
122700	0.024310
122750	-0.105544
122800	-0.141314
122850	0.055629
122900	0.053460
122950	0.021145
123000	-0.124407
123050	-0.014647
123100	-0.125566
123150	-0.004879
123200	-0.019758
123250	-0.106336
123300	0.045676
123350	-0.135598
123400	0.076384
123450	-0.063477
123500	-0.064985
123550	0.159821
123600	0.191954
123650	0.147085
123700	-0.085761
123750	0.004326
123800	0.136647
123850	-0.054061
123900	-0.011515
123950	0.295271
124000	0.063247
124050	0.091867
124100	0.003928
124150	0.020485
124200	0.063655
124250	0.060846
124300	0.231244
124350	0.048560
124400	-0.103657
124450	-0.054321
124500	-0.082003
124550	-0.084757
124600	-0.167757
124650	0.195277
124700	-0.129506
124750	-0.090610
124800	0.077342
124850	0.047160
124900	-0.113914
124950	-0.031765
125000	0.033743
125050	-0.163444
125100	-0.112176
125150	-0.078080
125200	0.072107
125250	0.131713
125300	0.096201
125350	-0.088033
125400	0.101323
125450	-0.018946
125500	0.104463
125550	0.252975
125600	0.044876
125650	0.198095
125700	-0.030234
125750	-0.003095
125800	0.124499
125850	-0.186145
125900	-0.301865
125950	0.154934
126000	0.106476
126050	-0.067115
126100	0.082396
126150	0.139611
126200	-0.010001
126250	-0.227516
126300	0.091736
126350	0.019011
126400	-0.009270
126450	0.025122
126500	-0.176960
126550	-0.058230
126600	-0.136159
126650	-0.090603
126700	-0.170926
126750	-0.000151
126800	0.110886
126850	0.147250
126900	0.149653
126950	0.007486
127000	0.139905
127050	0.119921
127100	0.104087
127150	-0.048052
127200	0.193057
127250	0.130740
127300	0.028563
127350	0.064279
127400	-0.072242
127450	0.172993
127500	0.032076
127550	-0.030254
127600	0.010793
127650	-0.074897
127700	0.055381
127750	-0.044810
127800	0.153629
127850	0.013623
127900	-0.200265
127950	-0.044103
128000	-0.010718
128050	-0.040532
128100	0.014396
128150	0.041302
128200	-0.106598
128250	-0.050230
128300	-0.034437
128350	-0.076052
128400	0.141723
128450	0.010754
128500	-0.114189
128550	-0.128685
128600	-0.015839
128650	0.008006
128700	0.015221
128750	0.087535
128800	-0.014934
128850	0.154097
128900	0.022133
128950	-0.083524
129000	-0.102144
129050	0.028759
129100	0.176091
129150	-0.100749
129200	-0.124505
129250	0.022269
129300	-0.166061
129350	0.043778
129400	-0.018519
129450	-0.070972
129500	0.189198
129550	0.087572
129600	0.287734
129650	0.064781
129700	0.083057
129750	-0.040042
129800	0.026125
129850	-0.149478
129900	-0.117634
129950	0.015926
130000	-0.054377
130050	0.106403
130100	0.132808
130150	-0.104782
130200	-0.148067
130250	-0.041132
130300	0.121610
130350	-0.078330
130400	0.046611
130450	-0.075909
130500	-0.052779
130550	0.189179
130600	0.231799
130650	0.080916
130700	0.037902
130750	-0.001487
130800	-0.064206
130850	-0.204766
130900	-0.163391
130950	0.113446
131000	0.027238
131050	0.093317
131100	0.027755
131150	-0.168960
131200	-0.007520
131250	0.113563
131300	-0.017249
131350	0.041665
131400	-0.076696
131450	-0.023376
131500	-0.076891
131550	-0.310201
131600	-0.209284
131650	-0.101948
131700	-0.025704
131750	-0.065848
131800	-0.008933
131850	0.183489
131900	0.137364
131950	0.116392
132000	-0.091352
132050	0.028243
132100	0.036339
132150	0.152999
132200	-0.026909
132250	0.071763
132300	-0.011824
132350	0.268455
132400	0.020129
132450	-0.050558
132500	0.153848
132550	0.136747
132600	0.084288
132650	-0.031614
132700	0.146379
132750	0.086303
132800	-0.034480
132850	0.083571
132900	-0.033688
132950	-0.071456
133000	-0.047368
133050	0.041654
133100	0.259157
133150	0.144104
133200	-0.023308
133250	0.011610
133300	-0.067002
133350	-0.214623
133400	-0.039038
133450	-0.093182
133500	0.035047
133550	0.028154
133600	-0.290017
133650	0.018528
133700	-0.055602
133750	-0.049962
133800	0.032564
133850	0.190180
133900	0.176420
133950	-0.154985
134000	0.051614
134050	-0.028744
134100	0.116713
134150	0.090973
134200	0.009769
134250	0.140708
134300	0.067324
134350	-0.029779
134400	-0.186937
134450	-0.037673
134500	0.221465
134550	0.066800
134600	0.074352
134650	0.226380
134700	0.207165
134750	0.147891
134800	-0.199956
134850	-0.075300
134900	-0.026179
134950	0.112146
135000	-0.054639
135050	-0.001577
135100	0.019306
135150	0.349802
135200	0.055577
135250	-0.098561
135300	-0.079491
135350	-0.028742
135400	-0.116440
135450	0.025283
135500	-0.050602
135550	0.156527
135600	0.007373
135650	-0.111932
135700	0.206892
135750	0.132032
135800	0.018480
135850	-0.049934
135900	0.118540
135950	0.074790
136000	0.107083
136050	0.034536
136100	-0.082815
136150	-0.000558
136200	-0.038545
136250	-0.029804
136300	0.024914
136350	0.028624
136400	-0.048825
136450	0.042021
136500	-0.172143
136550	0.016005
136600	0.103202
136650	0.001420
136700	0.047749
136750	0.032307
136800	-0.069478
136850	-0.032357
136900	-0.179539
136950	-0.027626
137000	0.150436
137050	0.037839
137100	-0.112557
137150	0.188036
137200	0.003606
137250	0.084862
137300	0.183521
137350	-0.019415
137400	-0.140197
137450	-0.190688
137500	-0.103023
137550	0.122850
137600	-0.156183
137650	0.147550
137700	-0.169993
137750	0.005610
137800	0.113056
137850	-0.009172
137900	0.120407
137950	-0.091439
138000	0.012821
138050	-0.098076
138100	-0.168291
138150	0.188199
138200	-0.039631
138250	-0.163185
138300	-0.091059
138350	-0.042500
138400	-0.057164
138450	-0.267108
138500	-0.017439
138550	-0.029374
138600	-0.082484
138650	0.030045
138700	0.086657
138750	0.096785
138800	-0.133350
138850	0.151721
138900	-0.120751
138950	-0.062967
139000	-0.007056
139050	-0.080152
139100	0.006498
139150	0.073909
139200	0.137901
139250	0.008916
139300	-0.033287
139350	0.104767
139400	-0.046988
139450	0.012168
139500	0.050401
139550	-0.024327
139600	0.022236
139650	-0.080930
139700	-0.017452
139750	-0.144486
139800	-0.026788
139850	-0.068972
139900	0.103652
139950	0.059850
140000	0.052434
140050	0.100611
140100	0.053593
140150	-0.080710
140200	0.176430
140250	0.200152
140300	-0.171955
140350	-0.106865
140400	0.057661
140450	-0.095875
140500	0.054734
140550	-0.055760
140600	0.074397
140650	-0.087178
140700	0.019335
140750	0.029436
140800	0.018385
140850	0.065614
140900	0.124233
140950	-0.107476
141000	-0.030221
141050	0.001516
141100	-0.102300
141150	-0.063094
141200	0.097002
141250	0.007568
141300	0.001850
141350	0.066903
141400	0.066925
141450	0.127711
141500	-0.117032
141550	0.022507
141600	0.252242
141650	-0.162963
141700	-0.100330
141750	0.060226
141800	-0.038945
141850	0.049634
141900	0.227670
141950	0.121510
142000	0.011289
142050	-0.074166
142100	-0.152635
142150	-0.090260
142200	-0.133638
142250	-0.064052
142300	-0.024824
142350	-0.277155
142400	-0.070531
142450	-0.054821
142500	0.109716
142550	0.041475
142600	-0.131802
142650	-0.110285
142700	0.136644
142750	-0.045082
142800	-0.081879
142850	-0.000377
142900	0.031896
142950	-0.175939
143000	0.047987
143050	0.102208
143100	0.035823
143150	0.023063
143200	0.014576
143250	0.185711
143300	0.000585
143350	0.023856
143400	0.267988
143450	0.148084
143500	-0.013794
143550	0.153079
143600	0.099518
143650	0.011301
143700	-0.067079
143750	-0.077191
143800	0.091658
143850	0.201000
143900	0.102191
143950	0.250986
144000	-0.153242
144050	0.018844
144100	0.046903
144150	0.170492
144200	-0.020603
144250	0.038380
144300	-0.062679
144350	0.083692
144400	0.130045
144450	-0.035633
144500	0.001749
144550	0.062542
144600	0.038628
144650	-0.108120
144700	0.022650
144750	-0.022206
144800	0.079341
144850	0.158486
144900	-0.013230
144950	0.071346
145000	0.082926
145050	-0.116911
145100	-0.111470
145150	0.103013
145200	0.138616
145250	-0.133389
145300	-0.080968
145350	0.036169
145400	0.156790
145450	0.201752
145500	-0.071155
145550	-0.162402
145600	0.195972
145650	0.092663
145700	-0.042959
145750	-0.007422
145800	0.113127
145850	-0.006699
145900	-0.031522
145950	0.070786
146000	0.235988
146050	-0.073865
146100	0.014357
146150	0.273741
146200	-0.005975
146250	-0.013633
146300	-0.071570
146350	0.211279
146400	-0.082571
146450	0.061262
146500	0.035478
146550	0.061235
146600	0.030614
146650	0.007905
146700	-0.131372
146750	-0.117407
146800	-0.131920
146850	-0.000656
146900	-0.000963
146950	0.024040
147000	-0.107352
147050	0.135128
147100	0.019373
147150	0.063229
147200	-0.058851
147250	-0.232601
147300	0.244597
147350	-0.011605
147400	-0.032643
147450	0.139455
147500	-0.025617
147550	-0.000980
147600	0.020858
147650	-0.058351
147700	0.056038
147750	-0.078824
147800	-0.121875
147850	-0.116053
147900	-0.013006
147950	-0.081430
148000	-0.080104
148050	0.053698
148100	-0.125911
148150	0.152266
148200	0.141012
148250	-0.038003
148300	0.101957
148350	0.095616
148400	-0.159519
148450	0.036174
148500	-0.015442
148550	0.057224
148600	0.215210
148650	0.038895
148700	0.188891
148750	0.057350
148800	0.031802
148850	-0.020799
148900	-0.020243
148950	0.026855
149000	0.062119
149050	0.193546
149100	-0.056908
149150	-0.040415
149200	0.043013
149250	0.169263
149300	0.154502
149350	0.156354
149400	0.302818
149450	0.177265
149500	0.007347
149550	0.151588
149600	0.000862
149650	-0.015498
149700	0.028288
149750	-0.164426
149800	-0.114452
149850	0.007209
149900	0.042535
149950	-0.080492
150000	-0.022408
150050	0.097498
150100	-0.032450
150150	-0.081099
150200	0.016229
150250	-0.032612
150300	-0.081838
150350	-0.171068
150400	-0.103661
150450	0.081915
150500	-0.077127
150550	0.179029
150600	-0.068072
150650	-0.139990
150700	0.036437
150750	0.188849
150800	0.154916
150850	0.122726
150900	0.038608
150950	0.094773
151000	-0.125749
151050	0.062360
151100	0.145835
151150	-0.129419
151200	0.242343
151250	-0.240196
151300	0.111632
151350	0.112077
151400	0.177897
151450	0.153407
151500	0.051716
151550	0.204237
151600	0.026377
151650	-0.048705
151700	-0.057394
151750	0.013763
151800	0.067724
151850	-0.044422
151900	0.106706
151950	0.228659
152000	0.031939
152050	0.086455
152100	0.053329
152150	-0.018005
152200	-0.015546
152250	0.063567
152300	-0.017945
152350	-0.249840
152400	0.103828
152450	0.149761
152500	0.168049
152550	0.104688
152600	0.009725
152650	-0.088607
152700	0.016556
152750	0.042439
152800	-0.119357
152850	0.197699
152900	0.024111
152950	-0.108730
153000	0.060606
153050	-0.091578
153100	0.099699
153150	-0.069996
153200	0.107806
153250	-0.003008
153300	-0.155521
153350	-0.060512
153400	0.086794
153450	0.122701
153500	0.178611
153550	0.150595
153600	0.076859
153650	0.077983
153700	-0.030590
153750	0.009476
153800	0.053279
153850	-0.029519
153900	-0.051605
153950	-0.059364
154000	0.097827
154050	0.080741
154100	0.047732
154150	-0.014779
154200	-0.038550
154250	0.057138
154300	0.202922
154350	-0.096587
154400	0.032811
154450	0.041798
154500	-0.168787
154550	-0.033208
154600	0.023058
154650	-0.016147
154700	0.013258
154750	-0.155373
154800	-0.010111
154850	-0.089259
154900	0.187033
154950	-0.153450
155000	-0.010674
155050	-0.138594
155100	-0.009950
155150	0.134026
155200	0.018746
155250	-0.124528
155300	0.107106
155350	-0.124128
155400	-0.087828
155450	-0.042828
155500	0.061157
155550	-0.136392
155600	-0.042128
155650	-0.119691
155700	-0.035113
155750	0.340201
155800	0.107283
155850	0.033922
155900	-0.012035
155950	-0.185776
156000	0.026990
156050	0.184907
156100	-0.136500
156150	-0.034815
156200	-0.035842
156250	-0.002949
156300	-0.095062
156350	0.095044
156400	0.051015
156450	-0.207953
156500	0.026986
156550	0.158457
156600	0.001838
156650	-0.000663
156700	0.070126
156750	0.043905
156800	0.020843
156850	-0.003867
156900	0.038974
156950	-0.028986
157000	-0.051560
157050	0.090232
157100	0.113059
157150	-0.045930
157200	0.114585
157250	0.041358
157300	-0.249589
157350	-0.209136
157400	-0.023509
157450	0.041079
157500	0.011103
157550	0.013197
157600	-0.010122
157650	0.012203
157700	0.051512
157750	0.137693
157800	0.154085
157850	-0.012889
157900	-0.118701
157950	0.028823
158000	-0.023916
158050	-0.065851
158100	-0.126338
158150	-0.112931
158200	-0.157678
158250	0.090596
158300	-0.023047
158350	0.069118
158400	-0.134838
158450	0.062102
158500	0.231405
158550	-0.048126
158600	0.012200
158650	-0.006647
158700	0.056401
158750	-0.040042
158800	-0.075313
158850	-0.234479
158900	-0.124171
158950	0.029689
159000	-0.028451
159050	-0.129385
159100	0.045479
159150	0.006510
159200	0.010772
159250	-0.222771
159300	0.177826
159350	0.181735
159400	-0.204377
159450	-0.045305
159500	-0.131508
159550	0.031384
159600	0.090685
159650	0.024352
159700	0.189126
159750	-0.023024
159800	0.178283
159850	0.181497
159900	0.057089
159950	0.019258
160000	0.178523
160050	0.151778
160100	-0.005649
160150	0.009471
160200	0.090182
160250	0.105706
160300	-0.162949
160350	0.152055
160400	0.107111
160450	0.015927
160500	-0.032607
160550	-0.134959
160600	0.102058
160650	0.031458
160700	-0.106976
160750	0.094945
160800	-0.191580
160850	-0.011886
160900	0.119411
160950	0.013733
161000	0.104438
161050	0.024552
161100	0.111845
161150	-0.111713
161200	-0.084930
161250	0.091298
161300	0.028986
161350	0.009915
161400	0.013359
161450	0.042860
161500	0.154487
161550	0.117779
161600	0.206571
161650	-0.023329
161700	0.146488
161750	0.100617
161800	-0.036995
161850	0.084149
161900	-0.081944
161950	-0.010925
162000	0.017052
162050	-0.045048
162100	0.116359
162150	0.033731
162200	-0.092837
162250	0.153262
162300	0.064095
162350	-0.018867
162400	0.138023
162450	-0.085892
162500	-0.008448
162550	-0.099537
162600	-0.094827
162650	0.040878
162700	0.007187
162750	-0.064037
162800	-0.014848
162850	0.083961
162900	0.020464
162950	0.023633
163000	-0.060907
163050	-0.269747
163100	-0.039797
163150	-0.022666
163200	-0.075782
163250	0.259855
163300	-0.017406
163350	-0.058766
163400	-0.141166
163450	-0.160218
163500	-0.022063
163550	0.019817
163600	0.002152
163650	-0.049187
163700	0.103399
163750	0.003401
163800	-0.150623
163850	0.036186
163900	-0.060396
163950	0.071745
164000	0.099468
164050	0.084677
164100	0.037130
164150	0.200639
164200	0.178950
164250	0.163180
164300	0.038745
164350	0.167729
164400	0.013495
164450	-0.080866
164500	-0.056647
164550	-0.068746
164600	0.182226
164650	0.077491
164700	-0.157781
164750	0.088392
164800	0.020624
164850	-0.213683
164900	-0.014002
164950	-0.072109
165000	0.106130
165050	-0.048421
165100	-0.065926
165150	-0.204701
165200	-0.032236
165250	0.148989
165300	0.038584
165350	-0.003430
165400	-0.014026
165450	-0.111677
165500	-0.019507
165550	-0.070226
165600	-0.095283
165650	-0.148474
165700	0.069296
165750	0.093556
165800	0.104375
165850	0.080851
165900	-0.137700
165950	-0.245342
166000	0.045423
166050	0.093859
166100	-0.079647
166150	0.096383
166200	-0.013010
166250	0.106547
166300	-0.049889
166350	0.082592
166400	0.005794
166450	0.061146
166500	-0.056611
166550	0.043733
166600	0.261753
166650	-0.150068
166700	0.026499
166750	-0.084115
166800	0.036232
166850	-0.028396
166900	0.032008
166950	0.113188
167000	0.109567
167050	-0.040454
167100	-0.058374
167150	0.085164
167200	-0.172416
167250	-0.201802
167300	-0.087453
167350	-0.161988
167400	0.066115
167450	-0.125753
167500	0.017824
167550	-0.138354
167600	-0.027493
167650	0.009543
167700	0.077232
167750	-0.011483
167800	-0.021198
167850	-0.058176
167900	-0.113918
167950	0.187176
168000	-0.113142
168050	-0.184845
168100	0.071008
168150	-0.145503
168200	-0.216758
168250	-0.041942
168300	0.123722
168350	-0.116322
168400	0.030977
168450	-0.007141
168500	-0.077283
168550	-0.208783
168600	-0.064229
168650	0.143957
168700	-0.130256
168750	0.010250
168800	0.121640
168850	0.015948
168900	0.247604
168950	-0.025652
169000	-0.049536
169050	0.000656
169100	-0.018199
169150	-0.006619
169200	-0.322984
169250	0.133708
169300	-0.034600
169350	0.193667
169400	0.041299
169450	0.007789
169500	0.057726
169550	0.058643
169600	-0.122037
169650	-0.120222
169700	-0.092217
169750	-0.062319
169800	0.097485
169850	-0.067642
169900	0.264911
169950	-0.158035
170000	-0.015467
170050	-0.002512
170100	-0.014225
170150	0.129187
170200	0.175998
170250	0.154431
170300	0.102742
170350	0.033302
170400	-0.044185
170450	0.157699
170500	-0.006070
170550	0.251348
170600	0.112318
170650	0.120730
170700	-0.186351
170750	-0.071762
170800	0.089910
170850	0.051630
170900	-0.022240
170950	0.025551
171000	-0.115684
171050	0.046210
171100	-0.036825
171150	0.142505
171200	-0.087271
171250	-0.022963
171300	-0.031401
171350	-0.115903
171400	0.055892
171450	-0.020620
171500	0.200477
171550	0.142303
171600	-0.136617
171650	-0.078664
171700	0.005628
171750	-0.093632
171800	0.029025
171850	-0.146285
171900	0.051342
171950	0.039730
172000	-0.101479
172050	0.081880
172100	-0.090912
172150	-0.105719
172200	-0.019807
172250	0.042349
172300	-0.042858
172350	-0.074218
172400	-0.042032
172450	-0.044233
172500	-0.092002
172550	0.070625
172600	0.008236
172650	-0.103694
172700	-0.043038
172750	-0.054385
172800	-0.159136
172850	0.153942
172900	0.034921
172950	-0.226522
173000	0.127596
173050	0.007615
173100	-0.013486
173150	0.002127
173200	-0.142407
173250	-0.004169
173300	-0.161287
173350	0.247736
173400	-0.026711
173450	-0.158190
173500	0.083626
173550	0.047710
173600	0.018768
173650	0.063032
173700	0.230583
173750	0.012398
173800	-0.261791
173850	-0.143345
173900	0.083616
173950	0.183970
174000	0.075784
174050	0.217793
174100	-0.161615
174150	-0.004324
174200	-0.056750
174250	-0.137938
174300	0.008103
174350	-0.152294
174400	-0.158022
174450	0.036732
174500	0.025691
174550	-0.038876
174600	0.013193
174650	0.052727
174700	-0.018872
174750	-0.260387
174800	-0.012010
174850	-0.026633
174900	-0.100079
174950	0.032022
175000	-0.102866
175050	0.208228
175100	0.016420
175150	0.021012
175200	-0.034554
175250	-0.014977
175300	0.203088
175350	0.078377
175400	-0.132608
175450	0.129183
175500	0.320340
175550	-0.121920
175600	-0.006254
175650	-0.168904
175700	0.174393
175750	-0.041556
175800	-0.068073
175850	0.014318
175900	0.067114
175950	0.039932
176000	-0.002681
176050	-0.026724
176100	0.182681
176150	-0.021825
176200	-0.019676
176250	0.253784
176300	-0.119685
176350	-0.142478
176400	-0.014559
176450	0.081323
176500	-0.029894
176550	-0.008398
176600	-0.078634
176650	-0.001951
176700	0.178261
176750	0.155558
176800	0.003853
176850	0.011501
176900	-0.045776
176950	-0.199226
177000	-0.043669
177050	0.030979
177100	-0.014242
177150	0.167625
177200	0.109575
177250	0.116078
177300	-0.123257
177350	0.191880
177400	-0.131839
177450	-0.136467
177500	-0.156099
177550	0.058102
177600	0.161805
177650	-0.041703
177700	-0.188480
177750	0.024344
177800	0.077084
177850	0.027597
177900	-0.084666
177950	-0.105922
178000	0.029653
178050	-0.084631
178100	-0.068545
178150	0.087839
178200	0.160722
178250	-0.110603
178300	0.141774
178350	-0.027067
178400	-0.120286
178450	0.086128
178500	-0.000881
178550	-0.214350
178600	-0.088777
178650	-0.058154
178700	-0.245304
178750	-0.105316
178800	-0.015876
178850	0.198705
178900	0.227281
178950	0.060426
179000	-0.101860
179050	0.131839
179100	0.176801
179150	0.022344
179200	-0.039335
179250	-0.104660
179300	-0.006148
179350	0.009016
179400	0.110484
179450	0.066037
179500	0.232509
179550	0.078661
179600	0.135344
179650	0.252757
179700	0.031288
179750	-0.155594
179800	0.022087
179850	0.066934
179900	0.003057
179950	0.117038
180000	-0.070497
180050	0.103046
180100	-0.093541
180150	0.005740
180200	-0.198186
180250	0.007044
180300	0.232312
180350	0.136264
180400	-0.034664
180450	-0.128342
180500	-0.101926
180550	-0.018667
180600	-0.078835
180650	-0.132205
180700	0.024159
180750	-0.058675
180800	-0.029846
180850	0.080572
180900	-0.031719
180950	0.147744
181000	-0.094762
181050	0.040904
181100	-0.134834
181150	0.013561
181200	-0.044142
181250	0.180777
181300	0.013220
181350	0.199381
181400	0.184589
181450	-0.096138
181500	-0.126479
181550	-0.254665
181600	0.010517
181650	0.070822
181700	-0.159545
181750	0.225992
181800	0.009662
181850	-0.166182
181900	0.080904
181950	0.064618
182000	-0.000585
182050	0.086305
182100	-0.075339
182150	-0.052796
182200	-0.020646
182250	-0.034117
182300	0.049684
182350	0.109616
182400	0.087688
182450	-0.094843
182500	-0.071299
182550	0.009519
182600	-0.026656
182650	0.062985
182700	-0.044686
182750	-0.021135
182800	-0.122239
182850	0.104974
182900	0.058352
182950	0.074965
183000	-0.147526
183050	-0.101935
183100	-0.094890
183150	-0.125329
183200	-0.053716
183250	-0.034972
183300	0.212560
183350	0.155028
183400	0.008664
183450	-0.115947
183500	-0.001682
183550	-0.051907
183600	-0.098133
183650	-0.029395
183700	-0.226379
183750	0.277263
183800	0.242662
183850	-0.079874
183900	0.271685
183950	0.025633
184000	0.052747
184050	-0.147816
184100	-0.045833
184150	-0.088355
184200	0.009194
184250	0.057661
184300	-0.043071
184350	-0.078906
184400	-0.067347
184450	0.091454
184500	-0.017634
184550	0.022730
184600	-0.118001
184650	-0.196340
184700	0.119681
184750	0.045346
184800	0.049631
184850	-0.047110
184900	0.024717
184950	-0.051556
185000	-0.025738
185050	-0.054827
185100	0.193870
185150	0.003605
185200	-0.232999
185250	0.146011
185300	0.130744
185350	-0.194943
185400	-0.054175
185450	0.050939
185500	-0.095648
185550	-0.046468
185600	0.002547
185650	-0.055104
185700	-0.152217
185750	-0.023688
185800	0.057610
185850	-0.057721
185900	-0.055537
185950	-0.119174
186000	0.020690
186050	0.120453
186100	-0.167111
186150	0.051558
186200	-0.008176
186250	0.056132
186300	0.068471
186350	-0.051823
186400	0.089919
186450	-0.285430
186500	-0.321627
186550	0.120942
186600	0.016436
186650	0.134160
186700	-0.068588
186750	-0.002606
186800	-0.066802
186850	-0.144692
186900	-0.128293
186950	-0.061588
187000	0.061090
187050	-0.008575
187100	0.063432
187150	0.010033
187200	-0.054648
187250	0.113160
187300	0.165318
187350	-0.059686
187400	-0.075765
187450	-0.123537
187500	0.186612
187550	0.033585
187600	-0.094114
187650	-0.061316
187700	0.008497
187750	-0.041057
187800	0.016059
187850	0.031975
187900	-0.063212
187950	0.286207
188000	-0.025197
188050	-0.099999
188100	0.117698
188150	-0.013880
188200	0.058041
188250	-0.011057
188300	-0.170824
188350	-0.102894
188400	-0.024303
188450	0.081997
188500	0.130342
188550	-0.073601
188600	-0.049979
188650	-0.093248
188700	-0.063406
188750	-0.023688
188800	0.079168
188850	-0.164488
188900	0.127541
188950	0.048337
189000	0.262026
189050	0.026008
189100	-0.021693
189150	-0.045866
189200	-0.034300
189250	-0.111961
189300	0.126182
189350	-0.000728
189400	-0.003162
189450	0.002139
189500	-0.015440
189550	0.039934
189600	-0.109890
189650	0.031265
189700	0.180920
189750	0.058154
189800	0.073651
189850	-0.101802
189900	-0.016593
189950	0.048156
190000	-0.290791
190050	0.073702
190100	-0.072118
190150	-0.166308
190200	-0.066605
190250	0.044685
190300	0.019871
190350	-0.100631
190400	-0.030811
190450	-0.068620
190500	0.085553
190550	0.021442
190600	0.103248
190650	-0.206890
190700	-0.060868
190750	0.085527
190800	-0.011769
190850	-0.066327
190900	0.010358
190950	-0.186796
191000	-0.071540
191050	0.004616
191100	-0.014283
191150	-0.005275
191200	-0.045497
191250	0.002254
191300	-0.160840
191350	-0.048455
191400	0.101808
191450	-0.054224
191500	-0.053143
191550	0.005243
191600	-0.085696
191650	0.015475
191700	-0.133285
191750	-0.141662
191800	-0.078589
191850	-0.102376
191900	0.132325
191950	0.001184
192000	0.079891
192050	0.171876
192100	-0.015074
192150	0.079222
192200	0.025468
192250	0.312121
192300	0.093576
192350	-0.174286
192400	-0.028488
192450	0.154231
192500	0.021700
192550	-0.191939
192600	0.055149
192650	0.091984
192700	-0.004625
192750	0.003794
192800	0.062963
192850	-0.178581
192900	0.001198
192950	0.042333
193000	-0.087966
193050	-0.048034
193100	0.003104
193150	-0.096271
193200	0.018758
193250	0.015550
193300	-0.157727
193350	0.029455
193400	0.007741
193450	-0.108752
193500	0.000597
193550	0.083572
193600	0.004197
193650	0.143133
193700	-0.163905
193750	-0.103551
193800	-0.072551
193850	0.035519
193900	0.098872
193950	0.091596
194000	0.175630
194050	-0.126814
194100	0.131207
194150	0.204513
194200	-0.117886
194250	-0.024709
194300	-0.040552
194350	0.117780
194400	0.073889
194450	-0.085603
194500	-0.000668
194550	0.297984
194600	0.028379
194650	-0.032949
194700	-0.056265
194750	0.161315
194800	0.003363
194850	-0.031826
194900	-0.210132
194950	-0.054505
195000	0.016602
195050	0.034076
195100	-0.102677
195150	-0.192530
195200	-0.220333
195250	-0.033161
195300	-0.027942
195350	-0.065696
195400	0.067741
195450	-0.109508
195500	0.114537
195550	-0.059599
195600	-0.131653
195650	0.099155
195700	-0.170653
195750	0.047358
195800	-0.001839
195850	0.124891
195900	-0.337027
195950	0.022577
196000	0.136262
196050	-0.003764
196100	-0.042596
196150	-0.012863
196200	0.082386
196250	-0.111030
196300	0.158673
196350	0.147183
196400	0.009855
196450	-0.052681
196500	0.134740
196550	-0.129834
196600	-0.031209
196650	-0.062784
196700	0.066385
196750	-0.002584
196800	0.072003
196850	0.083331
196900	0.044561
196950	0.022471
197000	-0.057716
197050	0.157981
197100	0.068417
197150	0.062538
197200	0.019771
197250	0.053789
197300	-0.141811
197350	-0.044594
197400	-0.064938
197450	0.077575
197500	0.060230
197550	-0.227361
197600	0.020174
197650	-0.124540
197700	0.159795
197750	-0.047291
197800	-0.209476
197850	-0.053824
197900	-0.063045
197950	-0.244170
198000	-0.087494
198050	0.066214
198100	-0.179149
198150	0.085829
198200	0.149870
198250	-0.177043
198300	-0.063987
198350	0.076370
198400	-0.049316
198450	0.016014
198500	0.059010
198550	0.076255
198600	0.064943
198650	-0.015315
198700	0.005907
198750	0.094851
198800	0.077119
198850	-0.016905
198900	0.079414
198950	0.074294
199000	-0.115405
199050	0.045522
199100	0.057378
199150	0.065170
199200	0.182889
199250	-0.055584
199300	0.003610
199350	-0.073881
199400	-0.181411
199450	-0.077440
199500	0.050758
199550	-0.013436
199600	-0.047510
199650	0.146003
199700	-0.035254
199750	0.146384
199800	-0.043942
199850	0.024013
199900	-0.064993
199950	-0.185502
