0	36.422501
50	2.050007
100	0.384251
150	0.287928
200	0.329897
250	0.182780
300	0.229999
350	0.120429
400	0.159930
450	0.167059
500	0.009140
550	0.261508
600	0.166828
650	0.206165
700	0.121424
750	0.105080
800	-0.055270
850	-0.023684
900	0.113641
950	-0.101774
1000	0.029149
1050	-0.086813
1100	0.064643
1150	0.200929
1200	0.063733
1250	-0.091165
1300	0.024166
1350	0.184713
1400	0.156021
1450	0.238968
1500	0.055064
1550	0.091342
1600	-0.014865
1650	0.093477
1700	0.059472
1750	0.206415
1800	0.274747
1850	0.020153
1900	-0.014340
1950	0.037889
2000	-0.002370
2050	-0.002793
2100	0.085260
2150	-0.012006
2200	-0.029692
2250	-0.055813
2300	0.114263
2350	0.010823
2400	0.138110
2450	0.085944
2500	-0.013865
2550	0.069077
2600	0.061225
2650	-0.042992
2700	0.103121
2750	0.122104
2800	0.016172
2850	-0.070607
2900	-0.334500
2950	0.020090
3000	0.074796
3050	0.190664
3100	0.061973
3150	-0.043323
3200	-0.011755
3250	-0.154550
3300	0.016929
3350	0.066430
3400	0.007895
3450	0.176750
3500	0.238267
3550	-0.007839
3600	0.041044
3650	0.125304
3700	0.053234
3750	-0.033112
3800	-0.109903
3850	0.063236
3900	0.004725
3950	0.034201
4000	0.089984
4050	0.217179
4100	-0.055678
4150	-0.159136
4200	0.224289
4250	0.052366
4300	0.253203
4350	-0.004103
4400	-0.107543
4450	0.056302
4500	-0.011117
4550	-0.017453
4600	0.087797
4650	-0.130104
4700	0.071694
4750	-0.125541
4800	0.044681
4850	0.086910
4900	0.130228
4950	0.046688
5000	0.083718
5050	0.002465
5100	0.120690
5150	-0.138652
5200	-0.019724
5250	0.268341
5300	0.001746
5350	-0.003713
5400	-0.127154
5450	0.080302
5500	0.121225
5550	-0.173220
5600	-0.100813
5650	0.125009
5700	0.083206
5750	0.218869
5800	-0.005297
5850	0.164655
5900	0.020135
5950	0.022444
6000	-0.195170
6050	0.184602
6100	-0.155920
6150	0.040830
6200	-0.098237
6250	-0.128528
6300	-0.063518
6350	0.141668
6400	0.038236
6450	0.102570
6500	-0.074053
6550	-0.060542
6600	-0.011640
6650	-0.013318
6700	0.086549
6750	-0.104571
6800	0.050317
6850	-0.060994
6900	0.094740
6950	-0.006276
7000	0.021953
7050	-0.122517
7100	-0.040373
7150	0.054821
7200	0.085389
7250	0.037944
7300	0.160777
7350	0.060539
7400	0.041597
7450	-0.059210
7500	0.013466
7550	-0.160818
7600	0.034500
7650	0.109732
7700	-0.002916
7750	0.046138
7800	0.032027
7850	0.107267
7900	0.023421
7950	0.067134
8000	-0.304537
8050	-0.219230
8100	0.047970
8150	0.067715
8200	-0.095114
8250	0.123601
8300	0.106974
8350	-0.090397
8400	-0.074611
8450	-0.044787
8500	-0.056966
8550	0.006752
8600	-0.138300
8650	-0.109169
8700	-0.173217
8750	-0.016183
8800	-0.058365
8850	0.029837
8900	-0.071529
8950	0.005600
9000	0.147402
9050	0.008387
9100	-0.370707
9150	-0.108053
9200	-0.030600
9250	0.155971
9300	-0.211894
9350	-0.139159
9400	-0.111101
9450	-0.039140
9500	-0.089796
9550	0.146454
9600	-0.009995
9650	0.009716
9700	-0.120682
9750	-0.044871
9800	0.084349
9850	-0.000226
9900	-0.060674
9950	-0.200310
10000	-0.098516
10050	0.038243
10100	-0.072194
10150	-0.019993
10200	0.097211
10250	-0.083731
10300	-0.084427
10350	0.012038
10400	0.037393
10450	-0.084603
10500	0.018087
10550	0.153308
10600	-0.007283
10650	-0.159014
10700	0.280010
10750	0.012393
10800	0.099944
10850	-0.056534
10900	0.025239
10950	-0.005950
11000	-0.106572
11050	0.076522
11100	-0.001460
11150	0.059961
11200	-0.008632
11250	-0.023745
11300	0.008096
11350	0.047818
11400	0.004056
11450	-0.178953
11500	-0.081009
11550	0.059891
11600	-0.066321
11650	-0.097161
11700	-0.066024
11750	-0.003348
11800	-0.102434
11850	0.080247
11900	0.153343
11950	0.099709
12000	-0.110475
12050	0.200503
12100	-0.042075
12150	-0.016965
12200	-0.070013
12250	0.092871
12300	0.025573
12350	0.204455
12400	-0.041356
12450	-0.202377
12500	-0.054745
12550	-0.230364
12600	0.056432
12650	-0.026766
12700	-0.067380
12750	-0.156374
12800	-0.017962
12850	0.034399
12900	-0.048804
12950	-0.116970
13000	0.005039
13050	0.015881
13100	0.041506
13150	0.200228
13200	-0.098343
13250	-0.032174
13300	0.111484
13350	0.032848
13400	0.247459
13450	0.016452
13500	-0.117810
13550	0.060790
13600	-0.129790
13650	-0.220794
13700	-0.037909
13750	-0.159066
13800	0.081667
13850	0.085457
13900	0.085078
13950	0.109371
14000	-0.164275
14050	-0.054964
14100	-0.013354
14150	0.023272
14200	0.075041
14250	-0.006953
14300	-0.151332
14350	-0.130462
14400	-0.016488
14450	-0.075684
14500	0.015675
14550	0.109587
14600	0.062220
14650	0.145021
14700	0.050818
14750	0.119611
14800	0.067404
14850	0.073497
14900	0.061661
14950	0.189759
15000	0.133831
15050	-0.025070
15100	0.213885
15150	0.000215
15200	0.108925
15250	-0.226523
15300	0.027578
15350	-0.039136
15400	0.058460
15450	-0.009494
15500	0.085116
15550	0.026379
15600	0.112647
15650	0.159400
15700	0.061498
15750	-0.043643
15800	-0.072370
15850	-0.074505
15900	0.037379
15950	-0.078511
16000	-0.142039
16050	0.069249
16100	-0.014744
16150	-0.013198
16200	-0.035191
16250	0.012731
16300	-0.030020
16350	-0.096657
16400	0.131400
16450	0.100590
16500	0.052046
16550	0.020061
16600	0.100473
16650	0.084867
16700	-0.362880
16750	0.012159
16800	0.125043
16850	0.077506
16900	-0.108097
16950	0.052457
17000	-0.060887
17050	0.051978
17100	0.316563
17150	0.169432
17200	-0.001039
17250	-0.000306
17300	0.073350
17350	0.054627
17400	0.050209
17450	-0.005391
17500	0.197570
17550	0.215793
17600	-0.116010
17650	-0.112133
17700	-0.185083
17750	-0.003053
17800	-0.016144
17850	-0.054439
17900	-0.079852
17950	0.041508
18000	-0.107327
18050	-0.196641
18100	-0.054648
18150	0.060745
18200	-0.046784
18250	0.006347
18300	0.056190
18350	0.007193
18400	0.097649
18450	0.030135
18500	0.247439
18550	0.168482
18600	0.112057
18650	0.098967
18700	-0.161644
18750	-0.012308
18800	0.090330
18850	0.026438
18900	0.165599
18950	-0.086887
19000	-0.170514
19050	-0.113765
19100	0.163994
19150	-0.020374
19200	0.089014
19250	0.197762
19300	0.151844
19350	-0.001917
19400	0.141960
19450	0.061826
19500	-0.075498
19550	0.065229
19600	-0.087894
19650	0.142370
19700	-0.106026
19750	0.137817
19800	-0.006731
19850	-0.056850
19900	0.045236
19950	0.060514
20000	0.042027
20050	-0.058084
20100	-0.044859
20150	-0.128302
20200	0.041809
20250	-0.133359
20300	-0.157003
20350	0.041869
20400	-0.020538
20450	-0.035065
20500	-0.014579
20550	0.072575
20600	0.033817
20650	-0.020576
20700	0.111536
20750	-0.171616
20800	0.109419
20850	0.061118
20900	-0.247983
20950	0.142927
21000	-0.013749
21050	-0.208815
21100	0.176529
21150	0.071019
21200	0.104909
21250	0.242166
21300	0.017825
21350	-0.078920
21400	0.039618
21450	0.060923
21500	-0.002670
21550	0.050178
21600	-0.084792
21650	-0.081410
21700	-0.023055
21750	0.285216
21800	0.069015
21850	0.020292
21900	0.010668
21950	0.013434
22000	0.061227
22050	0.044482
22100	0.145442
22150	0.149157
22200	0.141092
22250	-0.109515
22300	-0.131248
22350	-0.011982
22400	-0.039554
22450	0.054310
22500	-0.048547
22550	0.039606
22600	0.076147
22650	0.068497
22700	0.038794
22750	0.102949
22800	0.011450
22850	0.012615
22900	0.027747
22950	0.023856
23000	-0.048232
23050	0.010648
23100	0.134788
23150	-0.007215
23200	0.004118
23250	0.164189
23300	-0.099542
23350	-0.185838
23400	-0.091391
23450	-0.060999
23500	0.049416
23550	-0.072824
23600	-0.100573
23650	-0.072305
23700	-0.048393
23750	0.065371
23800	-0.073517
23850	-0.225102
23900	-0.125900
23950	-0.138043
24000	-0.061990
24050	-0.008481
24100	-0.000208
24150	0.143176
24200	0.061980
24250	0.158622
24300	0.042318
24350	0.191145
24400	0.070264
24450	0.136824
24500	-0.024539
24550	-0.139246
24600	-0.024136
24650	0.138063
24700	-0.119340
24750	0.191739
24800	0.021409
24850	0.054097
24900	0.017787
24950	-0.013540
25000	0.032780
25050	-0.058759
25100	0.146265
25150	-0.008033
25200	0.069616
25250	0.060481
25300	0.114798
25350	-0.019161
25400	-0.119417
25450	0.204970
25500	0.237855
25550	0.105429
25600	0.093378
25650	0.188612
25700	0.074183
25750	-0.047714
25800	-0.019386
25850	-0.095097
25900	0.049322
25950	-0.047071
26000	-0.121148
26050	-0.051002
26100	0.021796
26150	0.050658
26200	0.095373
26250	-0.093940
26300	0.005776
26350	0.078412
26400	-0.032200
26450	0.008626
26500	-0.166415
26550	-0.009906
26600	0.011973
26650	-0.041715
26700	-0.003150
26750	0.129673
26800	0.141035
26850	0.132726
26900	0.083969
26950	0.009066
27000	-0.083109
27050	-0.201366
27100	-0.139424
27150	-0.273978
27200	-0.145333
27250	-0.016787
27300	-0.083640
27350	-0.018319
27400	0.005790
27450	-0.069028
27500	-0.081907
27550	0.006773
27600	0.197350
27650	0.074494
27700	-0.091132
27750	0.157524
27800	-0.090336
27850	-0.045701
27900	-0.061601
27950	-0.040482
28000	0.014781
28050	-0.034712
28100	0.088764
28150	-0.111754
28200	0.041755
28250	0.037126
28300	0.214428
28350	0.178880
28400	0.139018
28450	0.016927
28500	0.094419
28550	0.078668
28600	-0.085842
28650	-0.057961
28700	-0.060043
28750	0.184563
28800	-0.047730
28850	-0.151828
28900	0.072861
28950	0.103067
29000	0.180162
29050	0.057731
29100	0.020021
29150	-0.095453
29200	-0.013377
29250	0.176478
29300	0.083628
29350	-0.012946
29400	0.010971
29450	0.121617
29500	0.105719
29550	0.105871
29600	-0.015014
29650	0.170065
29700	-0.058235
29750	-0.097964
29800	-0.111105
29850	-0.178855
29900	0.162622
29950	0.222777
30000	0.086939
30050	-0.170383
30100	-0.114069
30150	0.006657
30200	-0.158016
30250	0.005571
30300	0.009288
30350	0.112806
30400	0.019457
30450	-0.105118
30500	-0.200976
30550	-0.097617
30600	-0.102994
30650	-0.118101
30700	0.028087
30750	-0.082693
30800	0.038524
30850	-0.038604
30900	0.048487
30950	0.286615
31000	-0.131440
31050	-0.018842
31100	-0.068761
31150	-0.027318
31200	-0.133772
31250	0.082994
31300	-0.052876
31350	-0.182520
31400	-0.255477
31450	-0.201510
31500	0.034191
31550	0.107603
31600	-0.049222
31650	-0.165638
31700	-0.174702
31750	-0.009898
31800	0.023970
31850	-0.074954
31900	-0.058163
31950	0.004358
32000	-0.189272
32050	0.128943
32100	0.175867
32150	-0.099448
32200	-0.138029
32250	0.297414
32300	0.211139
32350	-0.061144
32400	-0.145716
32450	0.000344
32500	-0.066180
32550	-0.134565
32600	-0.109045
32650	-0.021768
32700	-0.027381
32750	-0.061996
32800	0.034585
32850	0.068742
32900	0.143236
32950	-0.117581
33000	0.099231
33050	0.063772
33100	-0.066243
33150	-0.036254
33200	-0.224002
33250	-0.020722
33300	0.012603
33350	-0.074306
33400	-0.231777
33450	0.083882
33500	0.072277
33550	-0.039198
33600	0.000269
33650	-0.019200
33700	-0.066894
33750	-0.011744
33800	0.047959
33850	0.075690
33900	-0.124239
33950	0.003139
34000	0.084625
34050	0.183047
34100	-0.034107
34150	0.097830
34200	0.083826
34250	-0.012821
34300	-0.086880
34350	-0.025751
34400	0.191320
34450	0.067832
34500	-0.117465
34550	0.021713
34600	-0.015965
34650	-0.032981
34700	0.056708
34750	-0.102489
34800	-0.003073
34850	-0.055279
34900	0.125035
34950	-0.082026
35000	-0.009778
35050	0.081794
35100	0.019953
35150	-0.092168
35200	0.106879
35250	0.172787
35300	-0.061412
35350	0.066630
35400	-0.015531
35450	-0.098310
35500	-0.072678
35550	0.187947
35600	-0.025958
35650	-0.184486
35700	0.029435
35750	0.065790
35800	0.094871
35850	-0.001198
35900	0.009690
35950	0.313994
36000	0.110710
36050	-0.100235
36100	0.015132
36150	-0.052599
36200	-0.075108
36250	0.101216
36300	-0.061663
36350	-0.001928
36400	0.118846
36450	-0.017685
36500	0.191947
36550	0.009763
36600	-0.032831
36650	0.045210
36700	-0.124937
36750	-0.055563
36800	0.162220
36850	0.278891
36900	-0.066943
36950	0.027299
37000	-0.057364
37050	-0.033681
37100	0.057587
37150	0.101893
37200	-0.102267
37250	0.154801
37300	0.110361
37350	0.086872
37400	-0.219881
37450	-0.044264
37500	0.025668
37550	0.052631
37600	0.075069
37650	0.112424
37700	-0.150158
37750	-0.002071
37800	-0.206357
37850	-0.015752
37900	0.165780
37950	-0.123769
38000	0.045751
38050	0.004599
38100	0.080177
38150	0.163766
38200	0.012994
38250	0.091433
38300	0.180919
38350	-0.048254
38400	0.138541
38450	0.211278
38500	-0.086981
38550	0.175341
38600	0.019567
38650	0.008317
38700	-0.126514
38750	-0.073992
38800	0.015176
38850	0.154644
38900	-0.043350
38950	0.032918
39000	0.015494
39050	-0.102543
39100	-0.216575
39150	-0.091151
39200	-0.134466
39250	-0.171917
39300	0.085679
39350	-0.170392
39400	-0.041473
39450	-0.003523
39500	0.232868
39550	-0.048914
39600	-0.204531
39650	0.010028
39700	0.017630
39750	0.054484
39800	0.082161
39850	0.019690
39900	-0.110723
39950	0.047044
40000	-0.097089
40050	0.040146
40100	0.068868
40150	-0.079370
40200	-0.085555
40250	0.084048
40300	0.129984
40350	0.098675
40400	0.065002
40450	0.019088
40500	0.136007
40550	-0.055971
40600	0.035346
40650	-0.041042
40700	0.029657
40750	-0.144410
40800	-0.059096
40850	0.137192
40900	0.217569
40950	0.058924
41000	0.054887
41050	-0.021621
41100	-0.073547
41150	-0.097557
41200	-0.013656
41250	-0.014730
41300	-0.169234
41350	0.019638
41400	-0.119202
41450	-0.007336
41500	-0.054154
41550	-0.079668
41600	0.277132
41650	0.003981
41700	0.024629
41750	0.008413
41800	-0.094803
41850	-0.116054
41900	0.046655
41950	0.065916
42000	0.007706
42050	0.159708
42100	0.011143
42150	-0.107605
42200	0.120694
42250	-0.090821
42300	0.058129
42350	-0.103474
42400	-0.139486
42450	-0.093628
42500	-0.044801
42550	0.098781
42600	-0.039082
42650	0.041259
42700	0.018797
42750	-0.033637
42800	-0.055091
42850	0.179081
42900	-0.001398
42950	-0.072264
43000	0.054477
43050	0.029932
43100	-0.005323
43150	0.241250
43200	0.077686
43250	0.077159
43300	0.010793
43350	0.095879
43400	-0.149146
43450	0.082641
43500	-0.039371
43550	-0.045567
43600	0.033857
43650	-0.077909
43700	-0.053366
43750	-0.060489
43800	-0.094090
43850	0.075943
43900	-0.052882
43950	-0.249911
44000	0.015698
44050	0.129794
44100	0.041577
44150	0.113982
44200	-0.123085
44250	-0.107184
44300	0.021347
44350	0.139668
44400	-0.006391
44450	-0.136442
44500	-0.109390
44550	-0.038748
44600	-0.159095
44650	-0.002989
44700	0.151427
44750	-0.020323
44800	-0.035960
44850	0.003492
44900	-0.156841
44950	-0.136184
45000	-0.119039
45050	-0.101700
45100	0.163322
45150	-0.101161
45200	0.016959
45250	-0.088380
45300	0.103989
45350	-0.096191
45400	-0.027154
45450	0.168197
45500	0.059126
45550	-0.184683
45600	-0.208290
45650	0.004899
45700	-0.075965
45750	-0.027435
45800	-0.139977
45850	-0.066298
45900	0.040727
45950	-0.018832
46000	-0.291893
46050	0.096766
46100	0.003062
46150	0.111628
46200	-0.031153
46250	0.023035
46300	0.131320
46350	0.193650
46400	0.075537
46450	-0.035450
46500	-0.214057
46550	0.168305
46600	-0.055134
46650	-0.002696
46700	-0.339604
46750	-0.159047
46800	-0.065207
46850	0.091808
46900	0.006929
46950	0.002522
47000	-0.192127
47050	-0.018156
47100	0.006033
47150	-0.061222
47200	-0.097322
47250	-0.024789
47300	0.023977
47350	0.075605
47400	0.072921
47450	0.092851
47500	0.025550
47550	0.178592
47600	0.039933
47650	-0.004189
47700	-0.068278
47750	0.060326
47800	0.058698
47850	-0.019359
47900	0.089657
47950	-0.049808
48000	-0.257154
48050	-0.033832
48100	0.149763
48150	0.035685
48200	0.001619
48250	0.012549
48300	-0.043549
48350	0.072255
48400	0.045977
48450	0.011344
48500	0.050124
48550	0.115048
48600	0.112836
48650	-0.061403
48700	0.033972
48750	0.170015
48800	-0.044899
48850	0.053460
48900	0.006932
48950	-0.012435
49000	0.016118
49050	0.149291
49100	-0.011870
49150	-0.011375
49200	-0.101152
49250	-0.057734
49300	-0.103065
49350	-0.060806
49400	0.043124
49450	0.062448
49500	-0.005964
49550	0.098395
49600	0.128918
49650	-0.009390
49700	0.054763
49750	0.135287
49800	-0.187165
49850	0.036936
49900	0.119061
49950	0.066760
50000	-0.046790
50050	0.136949
50100	0.002077
50150	0.042471
50200	0.096464
50250	-0.072341
50300	-0.082634
50350	-0.076333
50400	0.065318
50450	0.014294
50500	0.011690
50550	-0.018441
50600	0.183176
50650	-0.114544
50700	0.072982
50750	-0.041647
50800	-0.042182
50850	0.137072
50900	-0.069272
50950	0.063617
51000	-0.010143
51050	-0.083147
51100	-0.035341
51150	0.114429
51200	-0.026299
51250	0.014055
51300	-0.040101
51350	-0.196666
51400	-0.013919
51450	-0.022345
51500	-0.170481
51550	-0.206964
51600	-0.225085
51650	-0.041824
51700	0.203010
51750	-0.060905
51800	0.130726
51850	-0.055865
51900	-0.011449
51950	0.045481
52000	-0.059598
52050	0.023044
52100	-0.171222
52150	0.174765
52200	0.014877
52250	0.025048
52300	-0.084585
52350	-0.005867
52400	0.151479
52450	-0.000489
52500	0.038354
52550	-0.057339
52600	0.126454
52650	0.146573
52700	0.222876
52750	0.055320
52800	-0.012337
52850	-0.266740
52900	-0.014893
52950	0.000868
53000	-0.034018
53050	0.070781
53100	-0.134051
53150	-0.033397
53200	0.192454
53250	-0.108541
53300	-0.171948
53350	0.014502
53400	-0.031920
53450	-0.110669
53500	0.088932
53550	0.204560
53600	-0.070471
53650	-0.058666
53700	0.126903
53750	0.154506
53800	-0.149440
53850	0.102181
53900	0.123787
53950	-0.044663
54000	-0.042692
54050	-0.129967
54100	-0.094252
54150	-0.058074
54200	-0.026898
54250	-0.026360
54300	0.039549
54350	0.103528
54400	0.228574
54450	0.030159
54500	0.105675
54550	-0.148756
54600	-0.117749
54650	0.025417
54700	-0.017441
54750	0.114530
54800	0.059780
54850	-0.081950
54900	0.037457
54950	-0.078581
55000	0.186254
55050	0.035821
55100	-0.115240
55150	-0.090300
55200	0.072215
55250	0.128432
55300	0.005482
55350	0.141668
55400	0.090297
55450	-0.248675
55500	0.035817
55550	-0.029832
55600	-0.020692
55650	0.008749
55700	0.004423
55750	-0.021427
55800	-0.028727
55850	0.127690
55900	0.184560
55950	-0.082420
56000	-0.046621
56050	0.018393
56100	0.008614
56150	-0.066101
56200	-0.180283
56250	-0.158531
56300	0.004521
56350	0.046137
56400	0.199957
56450	0.259854
56500	0.056468
56550	-0.118380
56600	0.073413
56650	0.084872
56700	0.123238
56750	0.040797
56800	-0.057121
56850	0.064884
56900	-0.058091
56950	-0.026115
57000	0.034938
57050	0.093065
57100	0.024276
57150	-0.104807
57200	-0.075334
57250	-0.020834
57300	0.197178
57350	-0.060994
57400	-0.031056
57450	0.122717
57500	0.016092
57550	-0.041918
57600	-0.046943
57650	0.093029
57700	0.189683
57750	0.031699
57800	-0.009346
57850	-0.019006
57900	0.057454
57950	-0.192874
58000	-0.018832
58050	0.141184
58100	0.215792
58150	0.072742
58200	0.162957
58250	-0.018150
58300	0.013369
58350	0.039629
58400	0.147632
58450	-0.226336
58500	-0.117837
58550	0.119274
58600	0.027024
58650	0.048182
58700	0.080615
58750	0.019668
58800	0.021668
58850	-0.054246
58900	0.086372
58950	0.173592
59000	-0.021026
59050	0.078134
59100	-0.054013
59150	-0.014024
59200	-0.021579
59250	0.067305
59300	0.028291
59350	-0.223697
59400	0.020462
59450	0.095067
59500	0.084987
59550	-0.185407
59600	0.108829
59650	0.123530
59700	0.070580
59750	-0.091830
59800	-0.073400
59850	-0.094868
59900	-0.183986
59950	-0.097485
60000	0.167080
60050	0.181187
60100	-0.009860
60150	-0.062340
60200	-0.162045
60250	-0.098015
60300	0.038838
60350	0.010606
60400	0.054899
60450	0.061952
60500	-0.020035
60550	0.058355
60600	-0.155558
60650	-0.116384
60700	-0.008640
60750	0.050010
60800	0.200105
60850	0.064868
60900	0.054226
60950	0.037811
61000	0.068169
61050	-0.014781
61100	0.044097
61150	0.059784
61200	0.106016
61250	0.056125
61300	0.071041
61350	0.007774
61400	-0.030096
61450	-0.080117
61500	0.038700
61550	0.154450
61600	-0.045587
61650	-0.019443
61700	-0.076455
61750	-0.105835
61800	0.030957
61850	0.043274
61900	-0.018707
61950	0.031554
62000	-0.017529
62050	-0.136540
62100	-0.133842
62150	-0.121943
62200	0.123836
62250	-0.028022
62300	-0.163078
62350	0.107900
62400	0.013926
62450	0.045169
62500	0.097029
62550	0.063679
62600	0.096048
62650	-0.140083
62700	-0.065595
62750	0.105222
62800	0.133223
62850	-0.245935
62900	0.053792
62950	0.070779
63000	0.174597
63050	0.125972
63100	0.036325
63150	-0.008287
63200	0.062584
63250	-0.284568
63300	0.027477
63350	0.144741
63400	0.086818
63450	0.149177
63500	-0.070609
63550	-0.027380
63600	0.023648
63650	0.031858
63700	-0.018898
63750	0.048863
63800	0.011050
63850	0.150736
63900	-0.010573
63950	0.007354
64000	-0.038945
64050	-0.142353
64100	-0.042407
64150	0.064267
64200	-0.025451
64250	-0.016152
64300	-0.009612
64350	-0.207912
64400	0.065812
64450	0.009035
64500	0.204087
64550	0.150292
64600	0.177111
64650	0.040250
64700	-0.101042
64750	0.155471
64800	0.099927
64850	0.129605
64900	-0.151484
64950	-0.019211
65000	-0.060570
65050	-0.130056
65100	-0.119386
65150	0.047059
65200	-0.068694
65250	-0.037485
65300	-0.018350
65350	-0.044055
65400	0.121649
65450	-0.088484
65500	-0.062629
65550	0.074802
65600	-0.137508
65650	-0.041814
65700	-0.000848
65750	-0.059854
65800	0.109758
65850	0.109013
65900	0.035604
65950	-0.077128
66000	-0.088460
66050	0.090247
66100	0.047074
66150	0.009028
66200	0.074455
66250	0.029769
66300	0.024354
66350	-0.010812
66400	-0.094115
66450	-0.009876
66500	0.002526
66550	0.032911
66600	-0.020290
66650	0.020549
66700	-0.173720
66750	0.054738
66800	0.134846
66850	0.059993
66900	0.182072
66950	0.194010
67000	-0.128924
67050	-0.041731
67100	0.048101
67150	0.198006
67200	-0.064387
67250	-0.018466
67300	0.219523
67350	-0.014177
67400	-0.103690
67450	0.015906
67500	0.104162
67550	0.188808
67600	0.140584
67650	0.172388
67700	-0.101016
67750	-0.124516
67800	0.060264
67850	0.098384
67900	-0.081526
67950	0.086068
68000	0.021656
68050	0.049707
68100	-0.030321
68150	0.024574
68200	0.184795
68250	0.160404
68300	0.164987
68350	0.144676
68400	-0.216656
68450	0.098652
68500	0.074825
68550	0.011333
68600	0.125580
68650	0.006918
68700	0.006574
68750	-0.052779
68800	0.049531
68850	-0.041543
68900	-0.074509
68950	0.066973
69000	0.059037
69050	0.092929
69100	-0.140259
69150	0.095169
69200	0.072139
69250	0.094841
69300	-0.082555
69350	0.020058
69400	0.046251
69450	0.117816
69500	0.055192
69550	0.280442
69600	0.029197
69650	-0.089749
69700	0.013658
69750	-0.084092
69800	-0.027274
69850	0.109208
69900	0.324855
69950	0.177601
70000	0.109887
70050	-0.017508
70100	0.022032
70150	0.128691
70200	0.134467
70250	-0.169036
70300	-0.079703
70350	0.139962
70400	-0.048595
70450	0.016046
70500	0.172837
70550	-0.055059
70600	-0.022415
70650	0.011957
70700	0.082217
70750	0.017929
70800	0.145747
70850	0.029425
70900	0.157730
70950	-0.040789
71000	0.134383
71050	0.075061
71100	0.064375
71150	-0.017350
71200	0.085414
71250	0.089142
71300	-0.031174
71350	0.222272
71400	0.012882
71450	-0.011306
71500	0.054487
71550	0.205844
71600	-0.044827
71650	0.059979
71700	0.082009
71750	-0.027712
71800	-0.094549
71850	-0.032047
71900	-0.067205
71950	0.054324
72000	-0.105670
72050	0.037709
72100	0.196461
72150	0.201318
72200	-0.020974
72250	-0.206599
72300	-0.006264
72350	0.169170
72400	0.091652
72450	-0.171921
72500	-0.054002
72550	-0.006329
72600	0.102452
72650	-0.059963
72700	-0.271794
72750	0.082715
72800	0.038972
72850	0.023162
72900	0.095739
72950	0.015810
73000	0.060296
73050	0.008604
73100	-0.083015
73150	0.109403
73200	0.114353
73250	-0.061882
73300	-0.120294
73350	-0.105604
73400	-0.064442
73450	0.230081
73500	0.077122
73550	0.005676
73600	0.067727
73650	-0.060569
73700	0.107550
73750	0.102751
73800	-0.021379
73850	0.094724
73900	0.170415
73950	0.153790
74000	0.094465
74050	0.111961
74100	0.175770
74150	-0.162803
74200	-0.077769
74250	-0.084955
74300	0.025688
74350	0.075270
74400	0.051428
74450	0.115699
74500	0.128645
74550	-0.154628
74600	0.125179
74650	0.112895
74700	0.045258
74750	0.249679
74800	0.144533
74850	0.246151
74900	0.070427
74950	0.069884
75000	-0.040786
75050	-0.084545
75100	-0.009298
75150	-0.028854
75200	-0.005452
75250	0.001175
75300	0.036242
75350	0.113278
75400	0.154082
75450	-0.030220
75500	-0.025966
75550	-0.158169
75600	0.057020
75650	-0.044334
75700	0.039562
75750	0.071475
75800	0.016244
75850	0.159931
75900	0.215316
75950	-0.037225
76000	0.028487
76050	0.016055
76100	-0.259945
76150	0.063730
76200	0.189608
76250	-0.033036
76300	0.145485
76350	0.091569
76400	0.282240
76450	0.057795
76500	0.191407
76550	0.040304
76600	-0.116354
76650	-0.010840
76700	-0.069298
76750	-0.040006
76800	0.053462
76850	0.159280
76900	0.019291
76950	-0.076850
77000	-0.089367
77050	-0.071684
77100	-0.173351
77150	0.103308
77200	-0.065457
77250	0.024531
77300	-0.133411
77350	-0.185777
77400	0.014429
77450	0.018282
77500	-0.039021
77550	0.035533
77600	0.135970
77650	-0.305611
77700	0.032450
77750	-0.013311
77800	0.002570
77850	0.030426
77900	0.003138
77950	-0.105634
78000	0.169707
78050	-0.061831
78100	-0.049033
78150	0.160697
78200	0.103097
78250	-0.043771
78300	-0.035193
78350	0.065192
78400	-0.174500
78450	-0.158633
78500	0.130028
78550	0.102256
78600	0.019873
78650	-0.056355
78700	-0.172600
78750	0.002738
78800	-0.074457
78850	0.123350
78900	-0.107050
78950	0.205097
79000	-0.134861
79050	0.249546
79100	0.042866
79150	-0.020138
79200	0.042190
79250	0.169298
79300	0.017900
79350	0.056723
79400	-0.015342
79450	-0.198942
79500	-0.014943
79550	0.019481
79600	0.090291
79650	0.121303
79700	-0.124325
79750	0.024665
79800	-0.150208
79850	-0.159309
79900	-0.025930
79950	-0.194500
80000	0.080338
80050	0.013372
80100	-0.224140
80150	-0.210072
80200	-0.120501
80250	-0.135784
80300	-0.209398
80350	0.076580
80400	-0.065578
80450	-0.078819
80500	-0.008839
80550	-0.083340
80600	-0.007361
80650	0.004116
80700	0.055764
80750	-0.111980
80800	-0.200176
80850	-0.024821
80900	0.039194
80950	-0.003034
81000	-0.193732
81050	-0.142425
81100	-0.075253
81150	-0.046548
81200	-0.110498
81250	-0.087940
81300	0.205243
81350	-0.150753
81400	-0.013694
81450	0.035666
81500	0.140938
81550	-0.187647
81600	-0.085986
81650	-0.069029
81700	0.126942
81750	-0.126620
81800	0.004127
81850	-0.039614
81900	0.143575
81950	-0.062917
82000	-0.007091
82050	-0.053846
82100	0.187541
82150	-0.020406
82200	-0.016344
82250	0.083354
82300	0.057867
82350	0.042305
82400	0.084297
82450	-0.047469
82500	0.120511
82550	0.067714
82600	-0.008881
82650	-0.040616
82700	0.190150
82750	0.068151
82800	0.107872
82850	-0.121765
82900	0.164046
82950	0.026240
83000	0.036485
83050	-0.103034
83100	-0.008011
83150	0.039165
83200	-0.004819
83250	0.072926
83300	-0.100165
83350	0.121303
83400	0.036731
83450	-0.043437
83500	-0.001778
83550	0.178499
83600	0.204680
83650	0.136772
83700	0.022784
83750	0.012276
83800	0.020015
83850	-0.022387
83900	0.345750
83950	0.093654
84000	0.056439
84050	-0.007693
84100	0.021654
84150	0.040660
84200	0.078017
84250	0.059969
84300	-0.120160
84350	-0.006141
84400	-0.038162
84450	0.020832
84500	0.015580
84550	-0.058032
84600	0.272027
84650	-0.070803
84700	-0.013289
84750	-0.123060
84800	0.137510
84850	-0.070619
84900	-0.111009
84950	-0.022615
85000	0.087892
85050	0.168326
85100	-0.057636
85150	-0.115404
85200	-0.165867
85250	-0.232605
85300	-0.093993
85350	0.197815
85400	-0.251980
85450	-0.095808
85500	0.202319
85550	0.126646
85600	0.074393
85650	0.055553
85700	-0.020569
85750	-0.193707
85800	-0.141480
85850	-0.145534
85900	-0.022215
85950	0.026466
86000	0.148663
86050	0.220884
86100	0.079773
86150	-0.016557
86200	-0.019572
86250	0.042716
86300	-0.165858
86350	-0.066415
86400	-0.002516
86450	-0.091677
86500	-0.024554
86550	-0.059548
86600	0.039506
86650	0.058347
86700	0.112074
86750	0.133937
86800	-0.098465
86850	-0.075172
86900	0.010254
86950	0.034114
87000	-0.055635
87050	-0.048705
87100	0.038854
87150	-0.162676
87200	-0.201731
87250	0.079349
87300	-0.040895
87350	0.083465
87400	0.049299
87450	0.088919
87500	-0.157924
87550	-0.149820
87600	-0.038341
87650	0.012644
87700	-0.005444
87750	0.000006
87800	0.064981
87850	0.052499
87900	-0.093855
87950	0.053627
88000	0.050588
88050	-0.173562
88100	0.010733
88150	-0.088098
88200	0.073775
88250	-0.146815
88300	-0.047815
88350	0.027232
88400	-0.123298
88450	-0.232939
88500	0.016659
88550	0.181068
88600	0.121583
88650	0.009070
88700	-0.049691
88750	0.039026
88800	0.235250
88850	0.016249
88900	0.038305
88950	-0.083647
89000	0.113001
89050	0.154546
89100	-0.096266
89150	0.183292
89200	-0.069754
89250	-0.113409
89300	-0.054953
89350	0.253690
89400	0.017728
89450	-0.142755
89500	-0.101783
89550	0.121022
89600	0.037059
89650	0.034106
89700	0.138796
89750	0.098869
89800	0.001809
89850	0.165327
89900	0.290650
89950	0.140294
90000	-0.250342
90050	-0.117614
90100	-0.070917
90150	0.019026
90200	-0.126958
90250	0.185801
90300	0.095978
90350	0.058303
90400	0.077712
90450	-0.035260
90500	0.029702
90550	0.045923
90600	-0.096576
90650	-0.005271
90700	-0.099839
90750	-0.067533
90800	-0.071033
90850	-0.037827
90900	-0.045316
90950	0.163718
91000	-0.100104
91050	-0.105281
91100	0.153651
91150	0.208399
91200	0.076771
91250	0.092541
91300	0.070044
91350	0.120545
91400	0.045796
91450	0.033235
91500	-0.024344
91550	0.188243
91600	0.123164
91650	0.015041
91700	0.036398
91750	0.097457
91800	-0.072438
91850	-0.061978
91900	0.136599
91950	0.183678
92000	-0.067514
92050	-0.029837
92100	-0.013331
92150	-0.123376
92200	0.109137
92250	0.055681
92300	-0.009113
92350	0.014333
92400	0.116691
92450	0.060974
92500	0.148188
92550	0.056947
92600	0.029020
92650	0.196399
92700	0.018229
92750	-0.056526
92800	-0.047527
92850	-0.048413
92900	0.035922
92950	-0.021768
93000	0.013415
93050	0.050831
93100	-0.056254
93150	0.114319
93200	-0.018573
93250	-0.032637
93300	0.084135
93350	0.110662
93400	0.050962
93450	0.172532
93500	-0.062966
93550	-0.064340
93600	0.164262
93650	-0.030537
93700	-0.175534
93750	-0.091197
93800	0.174271
93850	-0.130666
93900	-0.019091
93950	-0.048620
94000	-0.113061
94050	-0.146376
94100	0.002132
94150	0.110528
94200	0.070122
94250	0.025498
94300	0.179579
94350	-0.119796
94400	0.078737
94450	-0.008604
94500	-0.179717
94550	0.151365
94600	-0.167785
94650	-0.114349
94700	0.105129
94750	0.038792
94800	0.014320
94850	0.239380
94900	-0.036814
94950	-0.090856
95000	0.003317
95050	-0.219910
95100	0.052260
95150	0.040411
95200	-0.184942
95250	-0.117412
95300	-0.128104
95350	0.076735
95400	0.130216
95450	0.024101
95500	-0.093330
95550	0.003682
95600	-0.020629
95650	0.065138
95700	0.047284
95750	-0.122198
95800	-0.226355
95850	-0.036443
95900	-0.062920
95950	-0.068263
96000	0.096306
96050	0.098605
96100	0.122521
96150	-0.071346
96200	-0.010270
96250	0.026574
96300	-0.123975
96350	0.060847
96400	0.032808
96450	0.063767
96500	0.116844
96550	-0.066838
96600	-0.219879
96650	-0.055129
96700	-0.022712
96750	0.068284
96800	-0.084935
96850	-0.042084
96900	-0.039280
96950	-0.051466
97000	-0.022449
97050	-0.069448
97100	-0.139639
97150	0.072895
97200	-0.059816
97250	0.229774
97300	-0.109951
97350	0.015096
97400	0.211926
97450	0.106504
97500	-0.088688
97550	0.002822
97600	-0.049627
97650	-0.132691
97700	-0.119127
97750	-0.015855
97800	-0.179812
97850	0.091752
97900	0.072259
97950	-0.004186
98000	-0.074365
98050	-0.034542
98100	-0.046861
98150	0.047778
98200	-0.097790
98250	0.005163
98300	0.092583
98350	-0.036145
98400	0.231343
98450	0.106194
98500	0.057256
98550	-0.036365
98600	0.002407
98650	-0.142788
98700	0.072355
98750	0.001896
98800	-0.133518
98850	0.128759
98900	-0.128211
98950	-0.007008
99000	-0.179086
99050	-0.071997
99100	-0.016780
99150	0.003760
99200	0.104313
99250	0.008890
99300	-0.048003
99350	0.019532
99400	0.096720
99450	0.243313
99500	-0.081830
99550	-0.257619
99600	0.114627
99650	0.089555
99700	-0.158331
99750	0.009124
99800	0.095933
99850	-0.003407
99900	0.021573
99950	-0.037179
100000	0.028559
100050	-0.111685
100100	-0.250731
100150	-0.107637
100200	-0.037278
100250	-0.058395
100300	-0.091274
100350	0.087744
100400	-0.125178
100450	-0.095720
100500	0.099056
100550	0.039216
100600	0.162861
100650	-0.049888
100700	0.048898
100750	-0.087062
100800	-0.158682
100850	0.201055
100900	0.038853
100950	-0.046196
101000	0.045634
101050	-0.181385
101100	-0.148493
101150	-0.119908
101200	0.046986
101250	-0.002856
101300	-0.026909
101350	0.009094
101400	0.024111
101450	0.104605
101500	0.082036
101550	0.032509
101600	-0.122153
101650	-0.159890
101700	-0.035132
101750	0.084836
101800	-0.099989
101850	-0.100284
101900	-0.003401
101950	-0.141393
102000	-0.073149
102050	-0.103824
102100	-0.024753
102150	-0.003578
102200	0.053656
102250	-0.068834
102300	0.075622
102350	0.022695
102400	-0.016367
102450	-0.044993
102500	0.036079
102550	0.025504
102600	0.014356
102650	-0.120461
102700	-0.040532
102750	0.109224
102800	0.112385
102850	-0.010940
102900	0.041554
102950	0.140972
103000	0.031334
103050	-0.108093
103100	-0.029280
103150	0.028335
103200	0.064839
103250	0.138546
103300	0.091283
103350	0.275982
103400	-0.004977
103450	-0.063505
103500	0.152594
103550	0.071108
103600	0.157990
103650	0.192519
103700	-0.111876
103750	0.060764
103800	0.025255
103850	0.216154
103900	0.241205
103950	0.087429
104000	0.099216
104050	0.124372
104100	0.066754
104150	0.053802
104200	0.076562
104250	0.145308
104300	-0.056957
104350	0.001218
104400	0.043288
104450	0.012118
104500	-0.231676
104550	-0.082621
104600	0.028183
104650	0.009514
104700	0.174014
104750	-0.011737
104800	-0.160811
104850	0.119310
104900	0.189785
104950	-0.264801
105000	-0.078636
105050	-0.171309
105100	0.026006
105150	0.029325
105200	0.038463
105250	0.126589
105300	-0.016068
105350	-0.008048
105400	-0.245674
105450	-0.092510
105500	-0.046989
105550	0.100432
105600	0.084564
105650	0.111055
105700	-0.278083
105750	0.055255
105800	-0.174936
105850	0.004721
105900	-0.103898
105950	-0.041095
106000	-0.122492
106050	-0.068401
106100	-0.079005
106150	0.005959
106200	0.090685
106250	-0.173984
106300	-0.227417
106350	-0.206465
106400	-0.047464
106450	0.143941
106500	0.108384
106550	0.023025
106600	0.005079
106650	-0.038592
106700	0.175589
106750	-0.235951
106800	0.068256
106850	0.021039
106900	-0.019855
106950	-0.110368
107000	0.100617
107050	-0.031218
107100	0.007335
107150	-0.050619
107200	-0.054111
107250	0.155780
107300	0.067565
107350	0.140371
107400	-0.085114
107450	-0.015301
107500	-0.017025
107550	-0.032051
107600	0.028232
107650	0.170824
107700	0.001304
107750	0.055689
107800	0.086640
107850	0.029522
107900	-0.060282
107950	0.108698
108000	0.031042
108050	-0.071134
108100	-0.005803
108150	-0.035401
108200	0.006292
108250	0.052209
108300	0.105653
108350	-0.167972
108400	-0.200481
108450	-0.066716
108500	-0.022128
108550	-0.223334
108600	0.019667
108650	-0.112460
108700	0.000998
108750	-0.000668
108800	-0.170844
108850	0.250575
108900	-0.018627
108950	-0.120004
109000	-0.151905
109050	-0.082615
109100	-0.014677
109150	0.092380
109200	0.039215
109250	-0.085700
109300	0.034657
109350	-0.158097
109400	-0.029120
109450	-0.099530
109500	-0.075949
109550	-0.091952
109600	-0.052248
109650	0.125449
109700	-0.083437
109750	-0.052077
109800	-0.058984
109850	0.018427
109900	0.100901
109950	-0.072009
110000	0.156523
110050	0.089200
110100	0.066639
110150	-0.037463
110200	-0.153002
110250	-0.060729
110300	0.053895
110350	0.060126
110400	-0.048365
110450	0.003140
110500	-0.072093
110550	0.065172
110600	0.124732
110650	-0.123000
110700	-0.097186
110750	0.047803
110800	-0.025146
110850	0.148175
110900	-0.051767
110950	0.120679
111000	0.214439
111050	0.154315
111100	-0.024815
111150	0.133404
111200	0.238735
111250	-0.038726
111300	0.045383
111350	-0.162083
111400	-0.089969
111450	0.054184
111500	0.079471
111550	0.187680
111600	0.149006
111650	-0.053074
111700	0.021736
111750	0.083136
111800	0.124117
111850	-0.117710
111900	-0.045436
111950	0.047540
112000	0.001835
112050	0.095599
112100	0.175134
112150	0.269462
112200	0.068526
112250	-0.096669
112300	0.012424
112350	0.169149
112400	-0.084007
112450	0.123775
112500	0.050963
112550	-0.006958
112600	0.048173
112650	-0.062768
112700	0.074425
112750	0.112387
112800	-0.098351
112850	0.203010
112900	-0.028963
112950	0.059107
113000	-0.145906
113050	-0.127761
113100	-0.071597
113150	-0.187513
113200	0.193883
113250	0.061195
113300	0.081526
113350	0.109516
113400	0.011973
113450	0.080936
113500	0.081161
113550	0.092239
113600	-0.059598
113650	-0.044051
113700	-0.030968
113750	-0.081683
113800	0.097896
113850	0.018199
113900	0.096161
113950	0.011531
114000	0.122898
114050	-0.133887
114100	-0.122065
114150	-0.207595
114200	-0.096305
114250	-0.095924
114300	-0.130372
114350	0.056166
114400	-0.070893
114450	0.018842
114500	0.061857
114550	0.044059
114600	-0.147660
114650	0.032952
114700	-0.033868
114750	-0.133335
114800	-0.073033
114850	-0.172999
114900	-0.029418
114950	0.035066
115000	-0.076768
115050	-0.063315
115100	0.069761
115150	-0.085256
115200	-0.057965
115250	0.170763
115300	-0.002953
115350	0.090438
115400	0.103864
115450	0.032256
115500	-0.012656
115550	0.039578
115600	-0.142475
115650	0.166875
115700	0.053306
115750	-0.088773
115800	-0.116742
115850	0.023616
115900	0.077716
115950	-0.126182
116000	0.033624
116050	-0.123606
116100	0.038420
116150	0.170030
116200	-0.039455
116250	-0.132241
116300	0.005466
116350	-0.035585
116400	-0.086544
116450	0.043205
116500	-0.070753
116550	-0.062038
116600	-0.072620
116650	-0.050498
116700	-0.001065
116750	0.143921
116800	0.114924
116850	-0.140101
116900	-0.029596
116950	-0.038023
117000	-0.038112
117050	-0.045531
117100	0.059150
117150	-0.015929
117200	-0.050917
117250	0.009248
117300	0.245454
117350	0.104590
117400	0.167708
117450	-0.101653
117500	0.113849
117550	-0.006538
117600	-0.025590
117650	-0.065521
117700	-0.067647
117750	0.189273
117800	0.031721
117850	0.064266
117900	0.116599
117950	0.071736
118000	0.039445
118050	0.088707
118100	0.034580
118150	0.142780
118200	0.024460
118250	0.127535
118300	-0.055457
118350	-0.001657
118400	0.048147
118450	0.094733
118500	-0.054501
118550	0.009436
118600	0.073885
118650	-0.070512
118700	-0.064173
118750	-0.211237
118800	-0.180469
118850	-0.070294
118900	0.018961
118950	-0.100337
119000	0.164173
119050	0.074002
119100	0.003035
119150	0.068549
119200	0.021141
119250	-0.006328
119300	-0.013371
119350	-0.213875
119400	-0.025749
119450	-0.175557
119500	-0.066446
119550	0.055587
119600	0.084624
119650	0.073877
119700	0.120656
119750	0.185179
119800	-0.048597
119850	0.154458
119900	-0.050277
119950	-0.102004
120000	-0.060265
120050	0.043712
120100	0.119514
120150	0.122881
120200	0.101932
120250	0.072290
120300	0.083203
120350	0.033509
120400	-0.003670
120450	0.220400
120500	-0.088205
120550	0.100280
120600	0.099682
120650	0.204139
120700	-0.011838
120750	0.014624
120800	0.035459
120850	0.097393
120900	0.017475
120950	0.160006
121000	0.045858
121050	0.282028
121100	0.006371
121150	0.221479
121200	0.032749
121250	-0.018744
121300	0.020263
121350	-0.050698
121400	-0.040825
121450	0.000586
121500	-0.146044
121550	-0.156570
121600	0.058492
121650	-0.037300
121700	0.039994
121750	-0.054647
121800	-0.117767
121850	0.003075
121900	0.023902
121950	-0.085996
122000	0.103753
122050	-0.027183
122100	0.041180
122150	0.053370
122200	0.024274
122250	0.139067
122300	0.162370
122350	0.038559
122400	0.165039
122450	-0.086029
122500	0.033882
122550	-0.081636
122600	0.096592
122650	-0.034079
122700	0.156150
122750	0.029161
122800	-0.097008
122850	0.093026
122900	-0.073296
122950	0.180224
123000	-0.006861
123050	0.059384
123100	0.084570
123150	0.010966
123200	0.142554
123250	-0.133395
123300	-0.020340
123350	0.032705
123400	-0.012543
123450	0.021575
123500	0.117793
123550	-0.086338
123600	0.114460
123650	0.162852
123700	-0.024659
123750	0.087469
123800	-0.017724
123850	0.095298
123900	0.044176
123950	-0.006787
124000	-0.099972
124050	0.073888
124100	-0.050567
124150	0.186654
124200	0.051714
124250	0.115816
124300	0.049272
124350	-0.016942
124400	0.001286
124450	0.015803
124500	0.051253
124550	0.055486
124600	0.062119
124650	-0.064449
124700	-0.097907
124750	-0.059119
124800	-0.109901
124850	0.037335
124900	-0.100265
124950	0.000670
125000	0.098202
125050	0.054863
125100	-0.010366
125150	0.007583
125200	-0.146929
125250	-0.131368
125300	0.137264
125350	0.040766
125400	-0.051534
125450	-0.030652
125500	0.036512
125550	0.095989
125600	-0.000550
125650	0.155715
125700	0.093369
125750	-0.166777
125800	0.047510
125850	-0.187241
125900	-0.057406
125950	0.241308
126000	0.055211
126050	-0.198583
126100	-0.000133
126150	0.032308
126200	0.124969
126250	0.044704
126300	0.136753
126350	0.196304
126400	-0.039454
126450	0.081574
126500	0.049828
126550	0.037775
126600	0.030739
126650	0.014292
126700	-0.019979
126750	0.046540
126800	0.018799
126850	0.103681
126900	0.106158
126950	-0.277503
127000	-0.023244
127050	-0.207673
127100	-0.029789
127150	0.157317
127200	-0.032210
127250	0.031696
127300	0.027413
127350	0.080383
127400	0.075206
127450	0.243441
127500	-0.046393
127550	-0.106977
127600	-0.119568
127650	-0.010691
127700	-0.125818
127750	0.098013
127800	-0.081345
127850	-0.090691
127900	-0.216988
127950	-0.050975
128000	-0.028253
128050	0.019603
128100	-0.036786
128150	-0.154231
128200	0.167350
128250	0.038494
128300	-0.094859
128350	-0.004825
128400	0.281593
128450	0.202845
128500	0.014209
128550	0.090223
128600	0.044257
128650	-0.078905
128700	-0.051261
128750	0.248072
128800	0.169005
128850	0.050680
128900	-0.091672
128950	-0.077805
129000	-0.088094
129050	0.121305
129100	-0.058360
129150	-0.067823
129200	-0.097284
129250	-0.157751
129300	-0.111746
129350	-0.003764
129400	-0.031052
129450	0.042281
129500	-0.078692
129550	0.079196
129600	-0.025564
129650	-0.003984
129700	-0.049987
129750	-0.068601
129800	-0.123402
129850	-0.100471
129900	0.066786
129950	-0.069796
130000	0.093506
130050	-0.059443
130100	0.132489
130150	-0.102408
130200	-0.145754
130250	-0.061165
130300	-0.217246
130350	-0.024612
130400	0.169851
130450	0.188048
130500	0.030216
130550	-0.141073
130600	0.039345
130650	0.114479
130700	-0.237859
130750	-0.028404
130800	0.061565
130850	0.146366
130900	0.093654
130950	-0.060959
131000	0.019382
131050	-0.010552
131100	-0.190601
131150	-0.164532
131200	-0.094946
131250	-0.052143
131300	-0.054657
131350	-0.024370
131400	-0.025518
131450	0.105607
131500	-0.125375
131550	0.057553
131600	-0.031816
131650	-0.300796
131700	0.084876
131750	-0.044890
131800	-0.030074
131850	0.032717
131900	0.033321
131950	0.132015
132000	-0.140007
132050	-0.031618
132100	-0.023029
132150	0.053705
132200	0.055727
132250	-0.019647
132300	-0.061015
132350	-0.133005
132400	-0.036044
132450	0.033507
132500	0.104239
132550	-0.038340
132600	0.021686
132650	-0.278341
132700	-0.017059
132750	-0.129611
132800	-0.061360
132850	-0.098720
132900	-0.055147
132950	0.067634
133000	-0.079442
133050	-0.020383
133100	0.254749
133150	0.190698
133200	0.124507
133250	-0.115325
133300	0.061958
133350	0.039968
133400	0.064844
133450	0.096462
133500	-0.107641
133550	-0.038542
133600	0.041220
133650	0.170043
133700	-0.037281
133750	-0.107405
133800	-0.168144
133850	0.145532
133900	0.080427
133950	0.007989
134000	-0.170482
134050	-0.080735
134100	-0.096177
134150	-0.118640
134200	-0.145482
134250	-0.113509
134300	0.057841
134350	0.194631
134400	0.008614
134450	-0.225365
134500	0.302997
134550	0.139934
134600	0.077887
134650	-0.092145
134700	-0.151444
134750	-0.052249
134800	0.118227
134850	0.010752
134900	0.037783
134950	-0.217547
135000	-0.039709
135050	-0.131511
135100	-0.154244
135150	-0.170034
135200	0.190002
135250	-0.078538
135300	0.018621
135350	0.006968
135400	-0.093027
135450	-0.145047
135500	0.021195
135550	0.200991
135600	0.052748
135650	-0.060505
135700	0.011315
135750	0.014402
135800	-0.037240
135850	0.000505
135900	0.268205
135950	-0.111343
136000	-0.075642
136050	-0.015626
136100	0.175694
136150	-0.111080
136200	-0.007244
136250	0.157711
136300	0.113493
136350	-0.035634
136400	-0.022890
136450	-0.152796
136500	-0.125196
136550	-0.044046
136600	-0.107218
136650	-0.061135
136700	0.014594
136750	0.040015
136800	0.053631
136850	0.150113
136900	-0.088617
136950	0.089254
137000	-0.046422
137050	0.126636
137100	-0.002140
137150	-0.100786
137200	-0.037385
137250	0.018139
137300	-0.090242
137350	0.231785
137400	0.003315
137450	0.101687
137500	0.061096
137550	-0.040504
137600	0.027929
137650	0.133921
137700	0.076264
137750	-0.013764
137800	0.096892
137850	-0.172787
137900	0.049011
137950	0.110387
138000	0.118721
138050	-0.049915
138100	0.033627
138150	0.027581
138200	-0.028787
138250	-0.007953
138300	-0.006711
138350	0.148944
138400	0.123332
138450	-0.110896
138500	0.013938
138550	-0.018102
138600	-0.001652
138650	-0.070325
138700	-0.128621
138750	0.057949
138800	0.117056
138850	0.103296
138900	0.148072
138950	0.149721
139000	-0.163199
139050	-0.028065
139100	-0.000746
139150	-0.063616
139200	-0.268659
139250	0.012489
139300	0.023570
139350	0.149715
139400	0.047402
139450	0.148502
139500	0.143823
139550	-0.051238
139600	-0.214452
139650	-0.174516
139700	-0.050473
139750	-0.060193
139800	0.025465
139850	0.030549
139900	0.058376
139950	0.003454
140000	0.164796
140050	0.058468
140100	-0.021422
140150	-0.118833
140200	0.056014
140250	0.061955
140300	-0.155924
140350	0.040772
140400	-0.099898
140450	0.002470
140500	0.001151
140550	0.036988
140600	0.103286
140650	0.046352
140700	0.056789
140750	-0.048490
140800	0.109384
140850	0.118261
140900	0.071664
140950	-0.144573
141000	-0.188738
141050	0.021961
141100	-0.077458
141150	-0.050785
141200	-0.017695
141250	0.057209
141300	0.067781
141350	-0.024655
141400	-0.038239
141450	0.036700
141500	0.072185
141550	0.196409
141600	0.144938
141650	0.170033
141700	0.254842
141750	-0.001067
141800	-0.056852
141850	-0.041271
141900	-0.075432
141950	0.159169
142000	0.062809
142050	-0.058618
142100	-0.116542
142150	0.061906
142200	0.124110
142250	-0.173942
142300	-0.130866
142350	-0.052435
142400	0.183109
142450	0.014866
142500	-0.032807
142550	0.149504
142600	0.140760
142650	0.118864
142700	-0.091479
142750	-0.014413
142800	0.006358
142850	-0.106881
142900	-0.003014
142950	-0.010172
143000	-0.169648
143050	-0.089187
143100	-0.036006
143150	0.067556
143200	-0.028569
143250	-0.205487
143300	0.162648
143350	0.015546
143400	-0.123073
143450	0.017153
143500	-0.067663
143550	-0.042572
143600	0.104265
143650	0.225122
143700	0.136740
143750	0.055498
143800	-0.098097
143850	0.088066
143900	0.050706
143950	0.134691
144000	0.069741
144050	-0.006613
144100	0.097030
144150	-0.016841
144200	0.129426
144250	0.025018
144300	-0.021938
144350	0.031557
144400	0.117495
144450	0.176962
144500	-0.091932
144550	-0.160605
144600	0.015496
144650	0.061094
144700	0.093353
144750	0.133423
144800	-0.022966
144850	-0.088671
144900	-0.078803
144950	0.172844
145000	0.086190
145050	0.047280
145100	0.223830
145150	-0.074389
145200	-0.110884
145250	0.045534
145300	-0.058260
145350	-0.182007
145400	0.119272
145450	-0.130621
145500	0.033986
145550	-0.002693
145600	-0.017826
145650	-0.037219
145700	0.045485
145750	0.116886
145800	-0.208180
145850	-0.078242
145900	-0.124109
145950	-0.064766
146000	0.081699
146050	0.074794
146100	-0.048773
146150	0.016088
146200	0.087369
146250	0.128547
146300	-0.008194
146350	0.065494
146400	-0.128585
146450	0.265136
146500	0.153241
146550	0.100606
146600	-0.047110
146650	0.137280
146700	0.050156
146750	0.077229
146800	-0.207277
146850	-0.154206
146900	-0.018134
146950	0.011574
147000	-0.050945
147050	-0.139313
147100	-0.031211
147150	-0.077191
147200	0.129330
147250	0.024607
147300	-0.038213
147350	-0.148169
147400	-0.085699
147450	0.128187
147500	-0.209644
147550	-0.056577
147600	0.024752
147650	0.014732
147700	0.128021
147750	-0.041708
147800	0.223312
147850	-0.147308
147900	0.002166
147950	0.007270
148000	0.003364
148050	0.020428
148100	-0.137559
148150	0.150973
148200	-0.068382
148250	0.018534
148300	-0.016225
148350	0.096418
148400	-0.081882
148450	-0.121367
148500	0.080474
148550	-0.078267
148600	-0.029490
148650	-0.032983
148700	-0.043623
148750	0.006040
148800	-0.079859
148850	-0.000268
148900	-0.338454
148950	-0.160927
149000	0.030603
149050	0.162041
149100	-0.053420
149150	-0.124719
149200	0.145617
149250	0.057682
149300	0.039172
149350	-0.003093
149400	-0.087254
149450	0.034115
149500	-0.031645
149550	0.100628
149600	0.168282
149650	-0.211335
149700	0.074371
149750	0.143046
149800	-0.034976
149850	-0.040659
149900	-0.071957
149950	0.025523
150000	0.118035
150050	0.121481
150100	0.313393
150150	0.023908
150200	0.084195
150250	-0.075823
150300	-0.173058
150350	0.117344
150400	0.127377
150450	0.050110
150500	-0.039708
150550	0.062528
150600	-0.142537
150650	-0.221552
150700	-0.327263
150750	-0.021673
150800	-0.197562
150850	-0.061398
150900	0.158572
150950	-0.038279
151000	-0.222366
151050	-0.090251
151100	-0.106035
151150	-0.049326
151200	0.057335
151250	0.007174
151300	0.086714
151350	-0.163292
151400	0.043259
151450	0.035660
151500	-0.058764
151550	-0.021346
151600	-0.047893
151650	-0.046925
151700	0.007544
151750	-0.159780
151800	-0.049697
151850	0.240258
151900	0.065798
151950	0.151622
152000	-0.077048
152050	-0.071936
152100	0.046241
152150	0.129910
152200	-0.006617
152250	-0.104366
152300	-0.017332
152350	0.022663
152400	0.077274
152450	0.159841
152500	-0.082713
152550	-0.030945
152600	0.067123
152650	0.057809
152700	0.105692
152750	-0.058781
152800	-0.026967
152850	-0.093880
152900	0.071413
152950	0.099431
153000	-0.188732
153050	-0.051904
153100	0.051310
153150	0.079976
153200	-0.064827
153250	-0.096598
153300	0.121190
153350	-0.135385
153400	0.076528
153450	0.049361
153500	0.018268
153550	0.074086
153600	0.125789
153650	-0.011216
153700	-0.055099
153750	0.071070
153800	-0.148527
153850	-0.199450
153900	0.028423
153950	0.006564
154000	-0.256563
154050	-0.117211
154100	-0.076644
154150	-0.133849
154200	-0.062389
154250	0.038791
154300	0.074810
154350	-0.202611
154400	-0.244733
154450	0.067988
154500	0.036898
154550	0.054514
154600	-0.146101
154650	0.004837
154700	-0.050614
154750	0.037099
154800	-0.164075
154850	-0.017222
154900	-0.157686
154950	0.021797
155000	0.006045
155050	0.057175
155100	0.153222
155150	0.105225
155200	0.012551
155250	0.029100
155300	-0.141782
155350	-0.340185
155400	-0.048865
155450	-0.027430
155500	-0.024686
155550	0.044209
155600	-0.043691
155650	0.346337
155700	-0.033364
155750	0.079511
155800	-0.199816
155850	-0.100779
155900	-0.192921
155950	-0.040390
156000	-0.078216
156050	-0.085730
156100	0.067857
156150	0.133182
156200	-0.079576
156250	-0.040751
156300	-0.085581
156350	-0.040991
156400	-0.005956
156450	-0.121216
156500	-0.025058
156550	0.040498
156600	-0.151365
156650	0.114907
156700	0.042971
156750	-0.004332
156800	0.142189
156850	-0.128648
156900	-0.026834
156950	-0.225947
157000	-0.014595
157050	-0.059143
157100	-0.110300
157150	0.027868
157200	0.000336
157250	0.074788
157300	0.030399
157350	0.051116
157400	0.055317
157450	-0.010697
157500	0.013448
157550	0.133295
157600	-0.047832
157650	-0.200328
157700	0.001168
157750	-0.086854
157800	0.126899
157850	0.011023
157900	-0.193234
157950	-0.082427
158000	-0.002801
158050	0.047492
158100	-0.095877
158150	-0.037329
158200	0.014161
158250	-0.029095
158300	-0.010904
158350	0.114512
158400	0.105534
158450	-0.046387
158500	0.107112
158550	0.002469
158600	0.048580
158650	0.076890
158700	0.110272
158750	-0.132063
158800	0.084574
158850	0.153573
158900	-0.113504
158950	0.072034
159000	0.087666
159050	-0.007623
159100	0.180695
159150	0.067545
159200	0.121753
159250	0.031984
159300	-0.037007
159350	0.083212
159400	0.002330
159450	0.012604
159500	0.047649
159550	-0.060603
159600	0.061835
159650	0.054031
159700	0.020919
159750	-0.071689
159800	0.053765
159850	-0.050419
159900	-0.065412
159950	0.057600
160000	-0.058639
160050	-0.016750
160100	-0.139615
160150	-0.074922
160200	-0.032968
160250	-0.021062
160300	-0.127071
160350	0.081309
160400	0.010521
160450	-0.206644
160500	0.058887
160550	-0.032457
160600	0.010950
160650	-0.158262
160700	0.029682
160750	0.238057
160800	0.137462
160850	-0.085241
160900	-0.080391
160950	-0.063332
161000	-0.093473
161050	0.057972
161100	-0.237253
161150	0.133828
161200	0.135111
161250	-0.158278
161300	-0.155598
161350	0.062134
161400	0.005432
161450	0.066343
161500	-0.012792
161550	0.013419
161600	-0.054776
161650	-0.002115
161700	-0.195440
161750	0.002880
161800	0.004303
161850	0.035639
161900	-0.186761
161950	-0.015478
162000	0.010296
162050	0.052024
162100	-0.025695
162150	0.022779
162200	0.180731
162250	-0.018125
162300	0.014252
162350	-0.021956
162400	-0.010451
162450	-0.020930
162500	0.142326
162550	-0.077122
162600	0.104375
162650	-0.246053
162700	0.052354
162750	-0.062147
162800	0.030199
162850	-0.000619
162900	-0.028642
162950	0.051300
163000	0.003119
163050	-0.041298
163100	-0.397658
163150	-0.099858
163200	-0.174531
163250	-0.076365
163300	0.252356
163350	0.074604
163400	-0.039218
163450	0.168660
163500	0.001489
163550	0.100480
163600	0.032122
163650	0.252979
163700	-0.066019
163750	0.004971
163800	-0.087977
163850	0.051193
163900	0.049664
163950	-0.107517
164000	-0.032922
164050	0.112997
164100	-0.075731
164150	-0.015794
164200	0.000358
164250	0.000478
164300	0.031043
164350	-0.144983
164400	0.139327
164450	-0.058257
164500	-0.158841
164550	0.056196
164600	0.105678
164650	-0.194825
164700	-0.042618
164750	-0.009742
164800	0.151933
164850	0.035791
164900	-0.005273
164950	-0.083480
165000	0.084740
165050	0.249481
165100	-0.114146
165150	-0.025728
165200	-0.072784
165250	0.051334
165300	0.067370
165350	0.022876
165400	-0.092255
165450	-0.067146
165500	-0.091525
165550	-0.085455
165600	-0.098125
165650	0.052679
165700	0.098206
165750	0.035004
165800	0.012938
165850	-0.014706
165900	0.042939
165950	0.060699
166000	-0.022423
166050	0.123133
166100	0.130762
166150	-0.020615
166200	-0.000041
166250	0.059443
166300	-0.019495
166350	0.140058
166400	-0.006762
166450	0.051016
166500	-0.083112
166550	0.023948
166600	-0.078058
166650	-0.109611
166700	-0.042068
166750	0.000212
166800	0.084587
166850	-0.053871
166900	-0.064854
166950	-0.018995
167000	-0.206975
167050	-0.070188
167100	0.053732
167150	-0.014069
167200	-0.005668
167250	-0.178865
167300	-0.187217
167350	-0.260506
167400	-0.047799
167450	-0.022632
167500	-0.074606
167550	-0.167920
167600	0.099133
167650	0.063406
167700	0.043830
167750	-0.062984
167800	-0.029314
167850	-0.117037
167900	0.001890
167950	-0.065225
168000	-0.122382
168050	-0.068460
168100	0.095722
168150	-0.052563
168200	0.023131
168250	0.152695
168300	-0.034290
168350	0.040118
168400	0.004047
168450	-0.169493
168500	0.111027
168550	0.071440
168600	0.012480
168650	0.083422
168700	0.072232
168750	-0.144509
168800	0.044419
168850	0.220544
168900	-0.006794
168950	-0.118710
169000	-0.121983
169050	-0.014941
169100	0.065138
169150	0.151879
169200	0.177857
169250	-0.044691
169300	0.023039
169350	0.116641
169400	-0.040000
169450	-0.194205
169500	-0.140568
169550	-0.111686
169600	-0.092149
169650	0.068395
169700	0.001258
169750	0.120855
169800	-0.143817
169850	-0.152990
169900	-0.159997
169950	0.124309
170000	-0.054945
170050	0.070020
170100	-0.179334
170150	0.245135
170200	0.013530
170250	0.194721
170300	0.137670
170350	-0.065324
170400	0.037955
170450	-0.014875
170500	0.187990
170550	0.002278
170600	0.021496
170650	0.073714
170700	0.081252
170750	0.030433
170800	-0.213415
170850	-0.022574
170900	-0.069523
170950	0.053972
171000	-0.104551
171050	0.086474
171100	0.020367
171150	0.022035
171200	-0.106759
171250	-0.156185
171300	0.065055
171350	-0.121031
171400	0.092098
171450	-0.127413
171500	-0.095542
171550	0.158571
171600	0.006581
171650	0.109160
171700	-0.225333
171750	-0.043814
171800	0.002421
171850	-0.022309
171900	-0.061747
171950	0.087153
172000	0.021420
172050	0.210153
172100	-0.005942
172150	-0.094332
172200	-0.182040
172250	0.117174
172300	0.079639
172350	-0.017203
172400	0.046279
172450	-0.028973
172500	0.208000
172550	0.058003
172600	-0.096578
172650	-0.151164
172700	0.097013
172750	0.142673
172800	0.107291
172850	0.004962
172900	0.072429
172950	0.210163
173000	-0.045099
173050	0.046101
173100	0.027717
173150	0.028218
173200	0.057425
173250	-0.040527
173300	-0.219733
173350	0.048669
173400	0.004682
173450	0.006991
173500	0.044836
173550	0.045673
173600	0.065722
173650	-0.035115
173700	-0.122792
173750	0.092305
173800	0.100266
173850	0.102510
173900	0.053257
173950	0.010883
174000	-0.064762
174050	-0.040148
174100	-0.198059
174150	-0.117282
174200	0.014832
174250	0.128386
174300	-0.016029
174350	0.121796
174400	-0.175082
174450	-0.073520
174500	-0.131594
174550	0.012882
174600	-0.129404
174650	-0.242308
174700	0.052882
174750	0.286118
174800	-0.184823
174850	0.048435
174900	0.037762
174950	-0.016627
175000	-0.026679
175050	0.129929
175100	-0.147056
175150	-0.271845
175200	0.039665
175250	0.066699
175300	-0.023488
175350	0.026196
175400	-0.107597
175450	0.114538
175500	-0.031711
175550	-0.021885
175600	0.117685
175650	0.113023
175700	-0.045309
175750	-0.059875
175800	-0.018376
175850	-0.010121
175900	-0.029302
175950	0.002868
176000	-0.117241
176050	-0.135491
176100	0.106796
176150	0.103265
176200	-0.030724
176250	0.133407
176300	-0.145786
176350	-0.022755
176400	0.068912
176450	0.081776
176500	-0.002077
176550	0.047735
176600	0.019962
176650	-0.014622
176700	0.002272
176750	0.125937
176800	0.262260
176850	0.039234
176900	0.290480
176950	-0.173875
177000	-0.154452
177050	-0.074698
177100	-0.107486
177150	-0.059950
177200	0.199614
177250	0.034040
177300	0.048886
177350	-0.174025
177400	0.048200
177450	0.047641
177500	0.029478
177550	-0.218364
177600	-0.184512
177650	0.028641
177700	-0.053306
177750	-0.022378
177800	-0.077799
177850	-0.171454
177900	-0.111577
177950	0.041991
178000	-0.187509
178050	-0.087116
178100	0.060594
178150	-0.068174
178200	-0.133790
178250	-0.118239
178300	-0.024926
178350	-0.083727
178400	0.011014
178450	-0.043681
178500	0.084125
178550	-0.102280
178600	-0.264785
178650	0.114501
178700	0.083688
178750	0.076541
178800	-0.051835
178850	0.033191
178900	-0.144240
178950	0.114430
179000	0.228635
179050	-0.155669
179100	-0.128401
179150	-0.136620
179200	-0.067838
179250	0.079963
179300	0.199809
179350	0.001804
179400	0.055876
179450	0.070789
179500	-0.003525
179550	-0.025685
179600	-0.131364
179650	-0.126395
179700	0.013111
179750	-0.257381
179800	-0.168097
179850	-0.148250
179900	0.102497
179950	0.164025
180000	0.027533
180050	-0.095024
180100	-0.111137
180150	-0.029577
180200	0.019126
180250	0.016316
180300	-0.091881
180350	-0.246328
180400	0.028412
180450	0.012304
180500	0.142872
180550	-0.048241
180600	0.100632
180650	-0.202439
180700	0.040346
180750	0.034455
180800	0.089539
180850	0.110926
180900	-0.109437
180950	0.099571
181000	0.063604
181050	0.008323
181100	0.012923
181150	0.047010
181200	-0.040569
181250	0.037661
181300	-0.121895
181350	-0.014305
181400	0.009425
181450	0.112687
181500	-0.147127
181550	0.073810
181600	0.097629
181650	0.014186
181700	0.046276
181750	-0.180629
181800	0.062328
181850	-0.031237
181900	0.023233
181950	0.044962
182000	0.111876
182050	0.058099
182100	0.002980
182150	0.298144
182200	-0.064174
182250	0.157947
182300	-0.272438
182350	-0.188758
182400	-0.035945
182450	0.106463
182500	-0.104106
182550	-0.124551
182600	0.043706
182650	-0.017408
182700	0.054916
182750	-0.001702
182800	0.136576
182850	-0.014965
182900	-0.192857
182950	-0.323019
183000	-0.112642
183050	-0.021271
183100	-0.100500
183150	0.073011
183200	0.087797
183250	-0.038502
183300	-0.149864
183350	-0.227584
183400	-0.190371
183450	0.064427
183500	0.027150
183550	-0.028198
183600	0.029191
183650	-0.002771
183700	-0.026494
183750	-0.163427
183800	-0.225285
183850	0.027816
183900	0.036810
183950	0.106624
184000	0.100348
184050	-0.016240
184100	0.104674
184150	0.115143
184200	0.156442
184250	0.254263
184300	-0.147509
184350	0.119772
184400	0.040086
184450	0.193232
184500	-0.109065
184550	0.073513
184600	0.035354
184650	-0.231027
184700	-0.057068
184750	0.052144
184800	0.102052
184850	0.031908
184900	-0.077997
184950	0.079948
185000	0.049169
185050	-0.019848
185100	0.083775
185150	-0.086204
185200	-0.145634
185250	0.105852
185300	0.056887
185350	-0.008378
185400	-0.154635
185450	-0.101179
185500	0.024774
185550	-0.035191
185600	-0.003877
185650	0.042785
185700	0.168605
185750	-0.056072
185800	-0.074831
185850	-0.073803
185900	-0.010550
185950	0.027162
186000	-0.119107
186050	-0.089006
186100	0.072034
186150	0.000250
186200	-0.059394
186250	-0.165441
186300	0.074788
186350	-0.050121
186400	0.030608
186450	0.181827
186500	-0.050618
186550	-0.020628
186600	-0.046697
186650	0.004625
186700	-0.003566
186750	-0.116634
186800	-0.045172
186850	0.132031
186900	-0.060463
186950	0.130654
187000	-0.010721
187050	-0.016730
187100	-0.011018
187150	0.010998
187200	0.099952
187250	0.042487
187300	0.112272
187350	-0.052524
187400	-0.085472
187450	-0.096935
187500	0.092914
187550	0.104271
187600	0.073538
187650	0.115506
187700	0.000590
187750	-0.173366
187800	0.120828
187850	-0.063473
187900	0.020238
187950	0.023722
188000	0.123862
188050	0.017296
188100	0.063007
188150	0.166256
188200	-0.053798
188250	-0.053937
188300	0.023032
188350	0.089147
188400	0.065439
188450	0.070968
188500	0.233284
188550	0.255475
188600	0.007887
188650	-0.115750
188700	-0.168223
188750	0.029580
188800	0.130229
188850	-0.257913
188900	0.013364
188950	0.159977
189000	-0.047455
189050	0.166395
189100	0.037200
189150	0.079330
189200	0.070157
189250	0.061879
189300	-0.111936
189350	-0.017966
189400	-0.057948
189450	-0.082428
189500	0.046913
189550	0.050693
189600	-0.157504
189650	-0.088701
189700	-0.042428
189750	-0.112884
189800	0.068678
189850	-0.073906
189900	0.104967
189950	-0.093007
190000	-0.035060
190050	0.038732
190100	0.133866
190150	-0.118404
190200	-0.268357
190250	0.093632
190300	-0.024529
190350	0.017588
190400	-0.033939
190450	-0.068289
190500	-0.026999
190550	0.025830
190600	-0.080477
190650	-0.079138
190700	0.064146
190750	0.094656
190800	-0.028138
190850	-0.204236
190900	0.033380
190950	0.127183
191000	0.040095
191050	-0.179339
191100	0.189020
191150	-0.100057
191200	-0.049438
191250	-0.000981
191300	0.108202
191350	-0.053297
191400	0.111885
191450	0.157009
191500	0.034349
191550	-0.036533
191600	-0.096892
191650	0.002316
191700	0.066234
191750	-0.106749
191800	-0.073047
191850	-0.012469
191900	0.177255
191950	-0.094192
192000	0.003541
192050	-0.034733
192100	-0.074705
192150	-0.163343
192200	0.146688
192250	0.139480
192300	0.048982
192350	-0.106138
192400	-0.066000
192450	-0.036012
192500	0.055441
192550	-0.130902
192600	0.176577
192650	0.057297
192700	0.046187
192750	-0.023049
192800	-0.105610
192850	-0.032850
192900	-0.078676
192950	-0.104299
193000	-0.130937
193050	0.024941
193100	0.150115
193150	-0.152483
193200	0.221904
193250	0.102224
193300	0.048192
193350	-0.036107
193400	0.019418
193450	0.001874
193500	-0.142551
193550	0.109492
193600	-0.142304
193650	0.069468
193700	-0.015830
193750	0.198083
193800	0.079545
193850	-0.215010
193900	-0.272822
193950	-0.239146
194000	-0.011770
194050	0.001020
194100	-0.160223
194150	0.010292
194200	-0.070840
194250	0.040138
194300	0.092081
194350	0.161902
194400	-0.203648
194450	0.118477
194500	0.031883
194550	0.152518
194600	-0.216875
194650	0.194914
194700	0.029169
194750	-0.126218
194800	0.030001
194850	-0.178649
194900	-0.020339
194950	-0.146148
195000	0.131033
195050	-0.088189
195100	-0.036720
195150	-0.131157
195200	-0.129683
195250	-0.131163
195300	0.172747
195350	-0.076249
195400	-0.045117
195450	0.067441
195500	0.146547
195550	0.032188
195600	-0.030969
195650	0.023560
195700	-0.039662
195750	0.041044
195800	-0.000915
195850	-0.046713
195900	-0.095303
195950	0.141010
196000	-0.196095
196050	0.103760
196100	0.138888
196150	0.003310
196200	0.297999
196250	-0.145141
196300	-0.008241
196350	-0.052683
196400	-0.115856
196450	0.028884
196500	0.029816
196550	-0.170546
196600	0.037311
196650	0.003160
196700	-0.123314
196750	-0.109060
196800	-0.018823
196850	-0.204105
196900	-0.076751
196950	0.095481
197000	0.116552
197050	0.129572
197100	0.009341
197150	0.023494
197200	0.087408
197250	0.019683
197300	-0.107245
197350	0.080996
197400	0.073575
197450	-0.044918
197500	0.023664
197550	-0.101176
197600	0.048926
197650	-0.261129
197700	-0.000148
197750	0.044043
197800	-0.028699
197850	-0.048122
197900	-0.091175
197950	-0.070868
198000	0.094582
198050	0.100100
198100	0.058627
198150	-0.034341
198200	0.028248
198250	0.017568
198300	-0.095192
198350	-0.086062
198400	-0.086347
198450	-0.071655
198500	-0.108348
198550	-0.087526
198600	0.005160
198650	0.001663
198700	0.038789
198750	-0.106616
198800	-0.096971
198850	-0.204861
198900	-0.179970
198950	-0.068976
199000	-0.153900
199050	0.026148
199100	-0.070046
199150	0.013136
199200	-0.032920
199250	0.075119
199300	-0.107137
199350	-0.061411
199400	-0.077147
199450	0.000721
199500	0.192040
199550	-0.227894
199600	-0.070135
199650	0.043887
199700	0.109469
199750	0.021001
199800	0.075848
199850	-0.011815
199900	-0.004859
199950	0.083937
