0	35.854409
50	2.249134
100	0.655691
150	0.356901
200	0.141056
250	0.164318
300	0.312531
350	0.117902
400	0.184371
450	0.089615
500	0.088081
550	0.022415
600	0.253678
650	-0.016488
700	0.046933
750	0.149452
800	0.026211
850	0.185953
900	0.094857
950	0.248078
1000	0.074367
1050	-0.117716
1100	-0.045038
1150	0.074002
1200	0.309015
1250	0.243978
1300	0.121632
1350	0.011975
1400	0.115785
1450	-0.046432
1500	0.075372
1550	-0.069555
1600	0.084848
1650	0.098017
1700	0.005315
1750	0.027618
1800	0.235669
1850	0.164720
1900	0.139576
1950	0.216612
2000	-0.040095
2050	0.054532
2100	0.203546
2150	0.092205
2200	-0.032442
2250	0.058071
2300	-0.108047
2350	-0.058607
2400	-0.082853
2450	0.000774
2500	-0.170578
2550	0.005560
2600	-0.130321
2650	0.006540
2700	0.168633
2750	0.032005
2800	0.249934
2850	0.224588
2900	0.089904
2950	0.210683
3000	0.173319
3050	0.005904
3100	-0.074382
3150	0.052978
3200	0.252754
3250	0.152953
3300	0.144575
3350	0.071724
3400	0.106659
3450	0.041971
3500	0.101937
3550	-0.063448
3600	0.111416
3650	0.150520
3700	0.061386
3750	0.078197
3800	-0.034585
3850	-0.099395
3900	0.036748
3950	-0.008471
4000	0.051611
4050	0.083705
4100	-0.106549
4150	0.116824
4200	-0.101826
4250	-0.060976
4300	-0.030166
4350	0.006582
4400	-0.092539
4450	-0.005824
4500	-0.066560
4550	-0.069402
4600	-0.070425
4650	-0.130481
4700	0.063071
4750	-0.021444
4800	0.067389
4850	0.219540
4900	0.146481
4950	0.065127
5000	0.171769
5050	-0.029329
5100	0.012032
5150	0.060650
5200	0.062922
5250	0.041232
5300	0.217079
5350	-0.197922
5400	-0.002854
5450	-0.009608
5500	-0.022946
5550	-0.047920
5600	-0.057911
5650	0.178187
5700	-0.117870
5750	0.055274
5800	-0.121406
5850	0.178644
5900	0.148222
5950	0.127680
6000	0.037308
6050	-0.055404
6100	0.028562
6150	-0.110581
6200	-0.088986
6250	-0.026267
6300	0.189978
6350	0.069705
6400	0.040664
6450	0.033440
6500	-0.034186
6550	0.117955
6600	-0.047568
6650	0.065822
6700	0.178675
6750	0.087533
6800	0.032675
6850	0.177271
6900	0.058599
6950	0.150858
7000	0.076061
7050	0.053768
7100	0.046806
7150	-0.106607
7200	-0.271839
7250	-0.159613
7300	-0.143674
7350	-0.026270
7400	-0.084763
7450	-0.051378
7500	0.035217
7550	-0.091340
7600	0.046450
7650	0.068750
7700	0.031566
7750	0.059079
7800	0.045208
7850	-0.002610
7900	-0.108286
7950	-0.055361
8000	0.037702
8050	-0.203819
8100	-0.008683
8150	0.054666
8200	0.142151
8250	0.003466
8300	-0.055761
8350	0.152209
8400	0.028392
8450	0.066451
8500	-0.028925
8550	-0.009768
8600	-0.031985
8650	-0.125255
8700	-0.078193
8750	-0.091195
8800	0.045360
8850	0.091028
8900	-0.023755
8950	0.211563
9000	0.026135
9050	-0.106489
9100	-0.039735
9150	0.094305
9200	0.074492
9250	0.144428
9300	0.025393
9350	0.071791
9400	-0.167622
9450	-0.021495
9500	0.029364
9550	-0.148332
9600	0.011819
9650	-0.139098
9700	-0.042661
9750	-0.084136
9800	0.058988
9850	-0.073167
9900	-0.070803
9950	-0.118034
10000	-0.064513
10050	0.013006
10100	0.230816
10150	0.033563
10200	0.019493
10250	-0.084189
10300	0.153634
10350	0.091499
10400	0.022789
10450	-0.070103
10500	0.047137
10550	0.081907
10600	0.154982
10650	0.169590
10700	0.110516
10750	0.172226
10800	0.173941
10850	0.230316
10900	0.045602
10950	0.016232
11000	0.028767
11050	-0.061001
11100	-0.098068
11150	0.178159
11200	0.025861
11250	-0.105115
11300	-0.148710
11350	0.048695
11400	0.087104
11450	0.055344
11500	-0.011463
11550	0.005493
11600	-0.026766
11650	0.059681
11700	0.002900
11750	0.047689
11800	-0.051855
11850	0.279896
11900	0.132727
11950	0.030472
12000	-0.069486
12050	0.093885
12100	0.381067
12150	0.000279
12200	0.014129
12250	-0.013321
12300	-0.101875
12350	-0.161572
12400	-0.178685
12450	-0.159504
12500	0.029007
12550	0.003541
12600	-0.039394
12650	-0.039520
12700	-0.041901
12750	-0.007236
12800	-0.057827
12850	-0.107727
12900	-0.010293
12950	0.127272
13000	0.097486
13050	0.233079
13100	0.092802
13150	0.049242
13200	0.066371
13250	-0.040448
13300	0.309867
13350	-0.002052
13400	0.079606
13450	0.098887
13500	0.103179
13550	-0.022415
13600	0.055133
13650	0.075079
13700	0.036677
13750	0.065053
13800	0.037820
13850	-0.019429
13900	0.061859
13950	-0.024983
14000	-0.065715
14050	-0.110575
14100	-0.194880
14150	0.037174
14200	0.179540
14250	0.057547
14300	-0.009128
14350	0.112120
14400	0.012804
14450	0.177744
14500	-0.041495
14550	-0.028886
14600	-0.151508
14650	0.020768
14700	-0.093710
14750	-0.128215
14800	-0.049860
14850	0.003915
14900	0.017534
14950	0.021052
15000	-0.091399
15050	0.096164
15100	-0.008284
15150	-0.012604
15200	-0.117323
15250	0.025861
15300	0.157859
15350	0.070787
15400	0.007603
15450	-0.083808
15500	-0.022065
15550	-0.008184
15600	0.026968
15650	0.156691
15700	-0.120420
15750	-0.103534
15800	0.021324
15850	0.026552
15900	0.129849
15950	0.103602
16000	-0.083753
16050	-0.034248
16100	0.199070
16150	0.008640
16200	0.000770
16250	0.078936
16300	0.168870
16350	0.224918
16400	0.252897
16450	0.062858
16500	0.001321
16550	0.034549
16600	0.154749
16650	0.208268
16700	0.191477
16750	-0.169010
16800	0.023353
16850	0.061776
16900	-0.065946
16950	0.186240
17000	0.001902
17050	-0.057902
17100	0.038536
17150	0.143356
17200	-0.113362
17250	-0.048618
17300	-0.060191
17350	0.008438
17400	0.231783
17450	-0.125873
17500	0.150008
17550	0.085957
17600	0.198201
17650	0.189671
17700	0.005920
17750	-0.105178
17800	-0.022137
17850	0.039415
17900	0.155883
17950	0.211260
18000	-0.153335
18050	-0.087884
18100	0.010982
18150	0.023140
18200	0.075863
18250	0.039264
18300	0.127694
18350	0.111464
18400	0.005738
18450	-0.036161
18500	-0.100570
18550	-0.119393
18600	-0.109241
18650	0.133759
18700	0.117539
18750	0.103940
18800	0.074721
18850	0.160500
18900	0.182401
18950	0.062671
19000	0.142394
19050	0.064698
19100	0.125001
19150	0.007051
19200	0.064044
19250	0.081547
19300	0.102523
19350	-0.022355
19400	-0.069020
19450	-0.061988
19500	-0.009406
19550	-0.192745
19600	0.024158
19650	-0.093186
19700	0.070071
19750	-0.075220
19800	0.012146
19850	0.003736
19900	0.208125
19950	0.005358
20000	-0.180345
20050	-0.191558
20100	-0.183006
20150	-0.244163
20200	-0.041844
20250	0.062862
20300	0.001558
20350	0.006590
20400	0.050435
20450	0.163802
20500	-0.014589
20550	-0.072009
20600	0.221304
20650	0.077771
20700	0.031018
20750	-0.034607
20800	0.093517
20850	0.137479
20900	-0.061212
20950	0.123580
21000	0.108515
21050	0.125564
21100	0.040772
21150	-0.004624
21200	-0.173270
21250	-0.068581
21300	0.063843
21350	0.121021
21400	0.017144
21450	-0.075955
21500	0.112593
21550	-0.056340
21600	0.131819
21650	0.106961
21700	-0.028005
21750	0.032899
21800	0.099351
21850	-0.025390
21900	-0.070528
21950	-0.007504
22000	0.105868
22050	0.039910
22100	0.031326
22150	0.148891
22200	0.369546
22250	-0.035649
22300	0.094943
22350	0.148572
22400	-0.017723
22450	0.043031
22500	-0.059637
22550	0.120416
22600	0.126465
22650	-0.086844
22700	0.034464
22750	-0.004573
22800	0.211768
22850	0.028119
22900	0.109656
22950	0.017061
23000	-0.124425
23050	-0.002761
23100	-0.146614
23150	-0.069152
23200	0.171850
23250	0.162783
23300	0.166116
23350	-0.087833
23400	-0.108840
23450	0.020070
23500	0.001549
23550	0.235762
23600	-0.149837
23650	-0.138715
23700	0.031849
23750	-0.049229
23800	0.015975
23850	0.030806
23900	-0.005315
23950	0.052160
24000	0.144554
24050	0.202762
24100	0.251470
24150	0.065107
24200	0.149070
24250	0.000439
24300	-0.065091
24350	0.127323
24400	-0.132740
24450	-0.054292
24500	-0.139388
24550	0.224858
24600	-0.142446
24650	0.059271
24700	0.006177
24750	0.147279
24800	0.268798
24850	0.015160
24900	0.120195
24950	-0.269260
25000	0.010486
25050	0.100153
25100	0.084861
25150	-0.107796
25200	-0.015324
25250	0.187836
25300	-0.037940
25350	0.093254
25400	-0.116538
25450	0.105662
25500	-0.031346
25550	-0.011602
25600	-0.019553
25650	0.144864
25700	0.013841
25750	-0.095050
25800	-0.138524
25850	0.176132
25900	0.046663
25950	-0.172909
26000	-0.008471
26050	-0.067588
26100	-0.105352
26150	-0.064711
26200	0.107414
26250	0.081120
26300	0.054008
26350	-0.125393
26400	-0.027747
26450	0.226267
26500	0.145774
26550	0.020707
26600	0.121987
26650	-0.004609
26700	-0.202323
26750	0.031312
26800	0.191103
26850	0.169590
26900	-0.027962
26950	0.367586
27000	0.208773
27050	-0.013594
27100	0.158900
27150	-0.004915
27200	-0.156614
27250	-0.025728
27300	0.101306
27350	-0.030699
27400	0.016939
27450	0.000748
27500	0.280790
27550	-0.024686
27600	-0.128613
27650	-0.117347
27700	-0.017167
27750	0.173492
27800	-0.002526
27850	-0.114995
27900	-0.124074
27950	-0.043709
28000	-0.069725
28050	0.084770
28100	0.084134
28150	-0.153450
28200	-0.032683
28250	0.049421
28300	-0.089204
28350	-0.186640
28400	-0.069577
28450	0.254007
28500	-0.002933
28550	0.035150
28600	-0.002719
28650	-0.038243
28700	0.069378
28750	0.064286
28800	-0.164450
28850	-0.118636
28900	-0.129481
28950	0.068508
29000	0.070716
29050	0.171176
29100	0.174669
29150	0.034820
29200	-0.138935
29250	0.002374
29300	0.044240
29350	-0.081647
29400	0.028965
29450	0.052251
29500	0.017358
29550	-0.073520
29600	-0.030834
29650	-0.085629
29700	-0.117645
29750	-0.031681
29800	-0.207805
29850	0.085566
29900	-0.003790
29950	0.001037
30000	-0.035738
30050	0.053096
30100	0.019493
30150	0.003896
30200	0.114081
30250	-0.156335
30300	-0.096960
30350	0.037691
30400	0.139648
30450	-0.031102
30500	0.035617
30550	0.194012
30600	-0.007253
30650	0.023455
30700	0.158857
30750	0.240428
30800	0.060114
30850	0.208792
30900	0.162093
30950	-0.123136
31000	-0.000957
31050	0.049633
31100	-0.011141
31150	-0.099938
31200	-0.151757
31250	-0.012600
31300	0.059900
31350	0.027125
31400	0.071813
31450	0.200581
31500	0.064346
31550	-0.217593
31600	-0.064839
31650	0.031536
31700	0.150190
31750	0.114978
31800	0.122534
31850	0.140899
31900	0.081587
31950	-0.010701
32000	-0.024067
32050	0.220049
32100	0.086079
32150	0.102478
32200	-0.042045
32250	0.046648
32300	0.079660
32350	-0.043532
32400	-0.024005
32450	0.010735
32500	0.040701
32550	0.114140
32600	-0.003122
32650	-0.108433
32700	0.154303
32750	-0.046501
32800	0.196795
32850	0.034801
32900	-0.017961
32950	0.063541
33000	0.062881
33050	-0.101462
33100	0.160457
33150	-0.111529
33200	0.195730
33250	0.067907
33300	0.067307
33350	0.122772
33400	0.106673
33450	0.029132
33500	-0.036858
33550	-0.052373
33600	-0.057080
33650	-0.026047
33700	-0.064923
33750	-0.244053
33800	-0.198414
33850	0.025470
33900	-0.112664
33950	-0.094604
34000	0.030804
34050	0.077709
34100	0.084295
34150	0.166213
34200	0.048070
34250	0.051894
34300	-0.066408
34350	0.013489
34400	-0.096315
34450	0.121021
34500	-0.110402
34550	-0.059290
34600	-0.074414
34650	0.147542
34700	0.062912
34750	-0.053892
34800	-0.183887
34850	-0.023543
34900	-0.034216
34950	0.178504
35000	-0.031221
35050	0.081385
35100	-0.060266
35150	0.254978
35200	0.076184
35250	-0.036551
35300	0.128166
35350	-0.009176
35400	-0.107120
35450	0.005354
35500	0.022653
35550	0.126259
35600	-0.002903
35650	-0.086997
35700	-0.158389
35750	-0.235772
35800	0.075876
35850	-0.211446
35900	-0.006168
35950	-0.026244
36000	-0.021683
36050	0.090930
36100	-0.124139
36150	0.035079
36200	0.140472
36250	-0.072076
36300	0.005681
36350	-0.122019
36400	0.027796
36450	-0.079380
36500	-0.053626
36550	-0.060678
36600	0.195555
36650	0.012649
36700	-0.016832
36750	-0.022363
36800	-0.219026
36850	-0.069511
36900	-0.089522
36950	-0.065218
37000	-0.094170
37050	0.016225
37100	0.169233
37150	-0.079014
37200	0.107065
37250	-0.094640
37300	0.150494
37350	0.002776
37400	-0.056895
37450	0.245364
37500	-0.071326
37550	-0.057989
37600	-0.027135
37650	-0.068352
37700	-0.058292
37750	-0.161412
37800	-0.035243
37850	0.022165
37900	-0.147721
37950	0.094611
38000	0.038412
38050	-0.131746
38100	-0.021701
38150	-0.167406
38200	0.095115
38250	0.009615
38300	0.275061
38350	-0.049929
38400	0.052536
38450	-0.093139
38500	-0.025391
38550	-0.013266
38600	0.110524
38650	0.056919
38700	-0.214691
38750	0.151431
38800	0.004311
38850	-0.049862
38900	-0.004877
38950	-0.094830
39000	-0.120728
39050	0.013992
39100	0.072978
39150	-0.198844
39200	-0.089725
39250	0.079923
39300	0.055473
39350	-0.169414
39400	-0.042027
39450	-0.022178
39500	0.011440
39550	0.028649
39600	0.067528
39650	0.284535
39700	0.020389
39750	0.043467
39800	-0.059133
39850	0.059349
39900	-0.022552
39950	0.136026
40000	0.097282
40050	0.075750
40100	-0.103899
40150	0.110153
40200	-0.046640
40250	-0.071050
40300	-0.036896
40350	-0.106756
40400	0.131084
40450	0.141063
40500	0.040132
40550	0.027447
40600	0.061227
40650	-0.107029
40700	0.102329
40750	0.078359
40800	-0.088680
40850	-0.064596
40900	-0.025203
40950	0.106673
41000	0.100973
41050	-0.000462
41100	-0.071118
41150	0.036093
41200	-0.077446
41250	-0.091234
41300	0.014491
41350	0.096851
41400	0.053637
41450	0.007401
41500	-0.131125
41550	0.100799
41600	0.012056
41650	0.120204
41700	-0.094670
41750	-0.011812
41800	-0.228798
41850	-0.125396
41900	-0.022501
41950	0.021473
42000	0.073176
42050	-0.018254
42100	-0.031157
42150	-0.008960
42200	0.089341
42250	0.225396
42300	0.074772
42350	-0.049611
42400	0.100495
42450	0.216707
42500	-0.039815
42550	-0.061100
42600	-0.017838
42650	-0.044038
42700	0.138751
42750	0.035052
42800	0.016181
42850	0.072175
42900	-0.091409
42950	0.071222
43000	-0.013755
43050	-0.149386
43100	-0.039252
43150	-0.060828
43200	-0.112279
43250	0.075687
43300	0.060610
43350	0.002815
43400	-0.011887
43450	-0.057032
43500	-0.024781
43550	-0.026159
43600	-0.007795
43650	0.061377
43700	-0.081305
43750	-0.136231
43800	-0.151387
43850	0.026186
43900	0.031043
43950	0.021971
44000	0.040278
44050	-0.087427
44100	-0.101837
44150	-0.068805
44200	0.042159
44250	0.125956
44300	0.160129
44350	-0.007386
44400	-0.091250
44450	0.170840
44500	0.087300
44550	-0.003555
44600	0.038475
44650	0.046422
44700	-0.119284
44750	0.016478
44800	-0.032518
44850	0.024642
44900	-0.301190
44950	0.053576
45000	-0.065745
45050	-0.129841
45100	-0.090609
45150	0.171921
45200	0.016670
45250	-0.063945
45300	0.092486
45350	-0.021357
45400	0.051105
45450	0.044584
45500	0.047613
45550	0.013493
45600	-0.030767
45650	-0.172659
45700	-0.016438
45750	-0.053815
45800	-0.026383
45850	0.185325
45900	-0.039399
45950	-0.050574
46000	-0.076016
46050	0.045910
46100	-0.045388
46150	0.076611
46200	0.110212
46250	0.114184
46300	-0.031009
46350	0.030930
46400	0.157854
46450	-0.117749
46500	-0.010895
46550	0.059508
46600	-0.070456
46650	-0.019202
46700	-0.142280
46750	-0.021875
46800	0.029332
46850	-0.026374
46900	0.034919
46950	-0.164867
47000	0.009002
47050	-0.046798
47100	-0.025204
47150	0.005188
47200	-0.007354
47250	0.042024
47300	0.138625
47350	0.052570
47400	0.210044
47450	0.104132
47500	0.087650
47550	0.086656
47600	-0.064683
47650	0.016079
47700	-0.169101
47750	-0.101421
47800	0.077307
47850	0.095653
47900	-0.039063
47950	-0.106910
48000	-0.225743
48050	0.001414
48100	-0.103900
48150	-0.042261
48200	-0.034624
48250	0.060267
48300	0.117788
48350	0.118799
48400	0.042240
48450	-0.031080
48500	0.079416
48550	-0.095546
48600	0.002304
48650	-0.025481
48700	-0.080474
48750	-0.151638
48800	0.123814
48850	0.098196
48900	0.070018
48950	-0.091289
49000	-0.200634
49050	-0.090619
49100	0.025686
49150	0.082779
49200	0.124603
49250	0.124569
49300	-0.017740
49350	-0.071509
49400	-0.075467
49450	-0.028482
49500	-0.064405
49550	0.156719
49600	0.077120
49650	-0.023569
49700	-0.124405
49750	-0.109165
49800	-0.058447
49850	-0.017487
49900	0.003293
49950	-0.017664
50000	0.038779
50050	0.068127
50100	-0.050965
50150	0.006255
50200	-0.029412
50250	-0.120927
50300	-0.021440
50350	0.213210
50400	0.115567
50450	-0.082130
50500	0.149880
50550	-0.060630
50600	0.021790
50650	-0.059394
50700	0.021934
50750	0.151361
50800	-0.069483
50850	0.154877
50900	-0.030279
50950	0.042476
51000	0.204037
51050	0.066367
51100	0.075467
51150	-0.209261
51200	0.000662
51250	-0.032140
51300	0.137610
51350	0.186380
51400	0.103989
51450	0.008648
51500	0.067936
51550	0.097206
51600	-0.019367
51650	-0.077755
51700	0.028082
51750	0.052747
51800	0.130405
51850	-0.029198
51900	-0.088010
51950	0.008879
52000	-0.001367
52050	-0.174513
52100	0.070762
52150	-0.073720
52200	-0.087101
52250	0.009759
52300	-0.038246
52350	0.038207
52400	0.075902
52450	0.038673
52500	0.194006
52550	-0.058428
52600	-0.001757
52650	0.004434
52700	-0.096336
52750	-0.041583
52800	0.119725
52850	-0.005043
52900	-0.024187
52950	0.013263
53000	0.088682
53050	0.011959
53100	-0.026996
53150	0.105734
53200	0.024622
53250	-0.038901
53300	0.042871
53350	-0.150546
53400	-0.077605
53450	0.177496
53500	0.005191
53550	-0.074338
53600	0.164615
53650	-0.037588
53700	0.078762
53750	-0.079140
53800	0.051012
53850	0.016841
53900	-0.088750
53950	0.129579
54000	-0.063266
54050	-0.124237
54100	-0.107948
54150	0.058645
54200	0.052574
54250	-0.094326
54300	0.032675
54350	0.004686
54400	-0.006364
54450	0.081938
54500	-0.034652
54550	-0.111240
54600	0.123610
54650	0.086444
54700	0.033132
54750	0.068787
54800	-0.036319
54850	-0.027854
54900	-0.128352
54950	0.111112
55000	-0.060537
55050	-0.038665
55100	0.106398
55150	0.196694
55200	-0.009251
55250	0.014558
55300	-0.000051
55350	-0.278057
55400	-0.134852
55450	0.072709
55500	-0.047643
55550	-0.070499
55600	0.071375
55650	0.054742
55700	-0.045935
55750	-0.063695
55800	0.167378
55850	0.198466
55900	0.170181
55950	-0.051409
56000	-0.011457
56050	-0.117404
56100	-0.294982
56150	-0.054119
56200	0.302308
56250	-0.096442
56300	0.227281
56350	-0.080268
56400	0.027683
56450	-0.052160
56500	0.079563
56550	0.040003
56600	-0.030977
56650	0.155527
56700	0.107066
56750	-0.117483
56800	0.127919
56850	0.152541
56900	-0.143693
56950	-0.045162
57000	-0.043307
57050	0.166542
57100	-0.103708
57150	0.081237
57200	-0.057858
57250	-0.096454
57300	0.007650
57350	0.040622
57400	-0.004420
57450	0.064756
57500	-0.130848
57550	0.117875
57600	0.054404
57650	0.037879
57700	-0.030316
57750	0.088517
57800	-0.093965
57850	0.017245
57900	-0.040348
57950	-0.026308
58000	-0.164468
58050	0.124906
58100	0.096865
58150	-0.016229
58200	-0.023578
58250	0.063469
58300	-0.077296
58350	0.085371
58400	0.026288
58450	0.125658
58500	-0.058697
58550	-0.101886
58600	-0.142505
58650	0.053090
58700	-0.132596
58750	-0.039786
58800	-0.058932
58850	-0.067422
58900	-0.094260
58950	0.005256
59000	0.109363
59050	-0.273940
59100	0.103100
59150	0.005642
59200	-0.037824
59250	0.098125
59300	0.142116
59350	0.238614
59400	-0.010642
59450	0.023626
59500	0.072723
59550	0.099005
59600	0.121215
59650	0.127017
59700	0.082741
59750	0.102323
59800	0.096184
59850	-0.070217
59900	-0.051012
59950	0.128938
60000	0.117799
60050	-0.024526
60100	-0.170697
60150	-0.133728
60200	-0.127108
60250	0.000893
60300	0.108643
60350	0.078822
60400	0.015037
60450	-0.130340
60500	-0.185104
60550	0.168040
60600	0.035064
60650	-0.055471
60700	-0.154408
60750	-0.145788
60800	0.135824
60850	-0.034823
60900	0.032226
60950	0.028420
61000	0.047875
61050	-0.032280
61100	0.188674
61150	0.085379
61200	0.158187
61250	0.087199
61300	-0.071142
61350	0.006342
61400	0.036883
61450	0.074825
61500	-0.045428
61550	-0.033777
61600	-0.024689
61650	0.048054
61700	-0.157849
61750	0.126550
61800	0.251658
61850	0.014418
61900	-0.163313
61950	0.079726
62000	-0.071038
62050	0.149432
62100	0.065944
62150	-0.058803
62200	-0.116306
62250	0.054281
62300	-0.033277
62350	-0.104382
62400	-0.065072
62450	0.062892
62500	-0.048293
62550	0.106186
62600	0.117881
62650	-0.024312
62700	-0.020372
62750	-0.037734
62800	-0.106507
62850	-0.088951
62900	-0.097188
62950	0.046326
63000	-0.120063
63050	-0.081079
63100	-0.090106
63150	-0.040756
63200	-0.002882
63250	0.167409
63300	0.142242
63350	0.120005
63400	0.021765
63450	0.158089
63500	0.149831
63550	-0.116914
63600	0.176613
63650	0.092441
63700	-0.075379
63750	0.095760
63800	-0.077758
63850	-0.198502
63900	0.073471
63950	-0.246700
64000	-0.159828
64050	0.015037
64100	-0.048992
64150	-0.077088
64200	-0.023314
64250	-0.110420
64300	-0.208148
64350	-0.129005
64400	0.067937
64450	0.017459
64500	-0.071527
64550	0.101828
64600	0.054804
64650	0.071323
64700	-0.003759
64750	0.084395
64800	0.068587
64850	0.047420
64900	-0.014695
64950	0.087292
65000	0.057191
65050	-0.077874
65100	0.063176
65150	0.067965
65200	0.091033
65250	0.151927
65300	-0.036123
65350	-0.129731
65400	-0.086273
65450	-0.139225
65500	-0.177527
65550	-0.238197
65600	-0.072949
65650	0.183654
65700	0.082459
65750	0.077214
65800	0.072995
65850	-0.166313
65900	-0.047652
65950	-0.097790
66000	0.037552
66050	0.049771
66100	0.048088
66150	-0.215602
66200	-0.120277
66250	-0.106511
66300	-0.067445
66350	0.152166
66400	-0.102133
66450	0.009580
66500	-0.041305
66550	0.084157
66600	0.129394
66650	0.075434
66700	-0.094880
66750	-0.098259
66800	-0.191294
66850	0.042302
66900	0.065462
66950	0.063949
67000	0.036632
67050	0.035616
67100	0.072049
67150	-0.089596
67200	-0.049391
67250	0.038185
67300	0.142610
67350	0.129050
67400	0.082560
67450	-0.013533
67500	-0.198807
67550	0.059868
67600	-0.167928
67650	-0.095310
67700	0.026496
67750	0.106696
67800	0.021400
67850	-0.011543
67900	0.125382
67950	0.009409
68000	-0.174444
68050	0.019822
68100	-0.085540
68150	0.018266
68200	-0.191910
68250	0.031725
68300	0.126629
68350	0.007011
68400	-0.028922
68450	0.016492
68500	-0.004212
68550	-0.088193
68600	0.083281
68650	-0.018321
68700	0.091238
68750	0.002074
68800	-0.187230
68850	-0.101796
68900	0.122042
68950	-0.087257
69000	-0.117694
69050	-0.021127
69100	0.013303
69150	-0.016946
69200	0.019464
69250	-0.105057
69300	0.067457
69350	0.001356
69400	-0.310359
69450	-0.052217
69500	0.055097
69550	-0.069058
69600	-0.017920
69650	0.089541
69700	-0.120469
69750	0.021932
69800	0.066840
69850	0.028132
69900	0.153308
69950	0.096313
70000	-0.034255
70050	-0.317809
70100	-0.004509
70150	0.112681
70200	0.055438
70250	0.113284
70300	0.072519
70350	-0.116173
70400	-0.009828
70450	0.105009
70500	0.073637
70550	0.031378
70600	0.028466
70650	0.001318
70700	0.110501
70750	-0.134673
70800	-0.154047
70850	-0.107874
70900	-0.011013
70950	-0.095669
71000	-0.164104
71050	0.073336
71100	-0.025728
71150	-0.074584
71200	-0.078466
71250	0.062041
71300	-0.017549
71350	-0.009296
71400	-0.164342
71450	0.074248
71500	-0.174644
71550	0.031707
71600	0.024214
71650	0.004782
71700	-0.021437
71750	0.067943
71800	0.063574
71850	-0.106657
71900	-0.175773
71950	-0.160742
72000	0.139801
72050	-0.104368
72100	0.133574
72150	0.062324
72200	-0.172748
72250	0.032994
72300	-0.020343
72350	-0.029357
72400	-0.091943
72450	0.017833
72500	-0.014071
72550	0.058037
72600	0.062602
72650	0.051436
72700	-0.063946
72750	0.279206
72800	0.052089
72850	-0.088356
72900	-0.165748
72950	-0.027703
73000	0.155244
73050	-0.030355
73100	0.054646
73150	-0.041859
73200	-0.038100
73250	-0.132038
73300	0.014619
73350	0.028362
73400	0.027541
73450	-0.034371
73500	-0.110829
73550	0.064775
73600	-0.040864
73650	0.079495
73700	0.117470
73750	-0.008232
73800	-0.012709
73850	0.075957
73900	0.274724
73950	0.004489
74000	-0.004084
74050	-0.000631
74100	0.051409
74150	0.006543
74200	0.000914
74250	0.070969
74300	0.167343
74350	0.051153
74400	-0.027525
74450	-0.068871
74500	-0.120124
74550	0.153909
74600	0.118256
74650	-0.040978
74700	0.207458
74750	0.097327
74800	-0.013036
74850	0.077302
74900	0.059047
74950	-0.006383
75000	-0.124765
75050	-0.020107
75100	-0.089316
75150	0.024115
75200	-0.030233
75250	0.013275
75300	-0.108386
75350	-0.104494
75400	0.087564
75450	0.192430
75500	-0.077367
75550	0.091069
75600	-0.132511
75650	0.098673
75700	0.069249
75750	-0.131995
75800	-0.052441
75850	-0.049351
75900	0.099245
75950	0.131061
76000	0.122919
76050	-0.047243
76100	-0.176073
76150	-0.122381
76200	0.032975
76250	0.055723
76300	0.069422
76350	0.095426
76400	0.063720
76450	-0.059202
76500	-0.017386
76550	-0.053684
76600	0.096215
76650	0.177128
76700	-0.023979
76750	-0.074331
76800	-0.164377
76850	-0.143407
76900	0.044077
76950	-0.074563
77000	0.058849
77050	0.097551
77100	-0.000434
77150	-0.043845
77200	-0.006342
77250	0.027913
77300	-0.040038
77350	-0.002639
77400	-0.110187
77450	-0.006648
77500	0.164921
77550	0.048485
77600	0.023847
77650	0.053436
77700	0.158193
77750	0.105691
77800	0.203565
77850	0.113195
77900	-0.004873
77950	0.034453
78000	0.137602
78050	-0.000211
78100	0.133392
78150	-0.190148
78200	0.001930
78250	-0.003951
78300	-0.173235
78350	-0.106114
78400	0.010671
78450	0.337305
78500	0.041947
78550	-0.247646
78600	-0.171407
78650	-0.129668
78700	0.164212
78750	0.182192
78800	0.237893
78850	0.014407
78900	0.070589
78950	-0.045109
79000	-0.014966
79050	-0.093939
79100	0.038156
79150	0.135205
79200	-0.094794
79250	0.062404
79300	0.064209
79350	-0.166478
79400	0.077856
79450	0.079883
79500	0.144839
79550	0.147961
79600	0.013090
79650	0.087447
79700	0.062501
79750	0.078079
79800	0.067527
79850	0.105057
79900	0.069819
79950	0.126135
80000	0.037213
80050	0.087677
80100	0.010687
80150	-0.087474
80200	0.008071
80250	-0.184431
80300	0.127311
80350	-0.044987
80400	0.081790
80450	0.036621
80500	0.133516
80550	0.053383
80600	-0.074482
80650	0.183160
80700	-0.010214
80750	0.157877
80800	-0.015079
80850	0.148907
80900	0.012603
80950	-0.043861
81000	-0.153494
81050	0.048716
81100	0.011857
81150	0.073750
81200	-0.157994
81250	-0.094137
81300	-0.086206
81350	-0.087520
81400	-0.096529
81450	-0.136088
81500	-0.077229
81550	-0.030739
81600	0.025622
81650	0.115566
81700	0.259112
81750	0.144862
81800	0.031747
81850	-0.004748
81900	0.079763
81950	0.026257
82000	0.043061
82050	0.040921
82100	-0.102758
82150	-0.228966
82200	-0.002557
82250	0.010548
82300	-0.073628
82350	-0.005198
82400	0.163937
82450	0.099631
82500	-0.021429
82550	0.146726
82600	-0.020952
82650	-0.153306
82700	0.145453
82750	0.064104
82800	-0.031069
82850	-0.049646
82900	0.076931
82950	0.215549
83000	0.123569
83050	-0.050830
83100	0.065895
83150	-0.020138
83200	0.214240
83250	-0.001366
83300	-0.061632
83350	0.073404
83400	-0.048354
83450	0.037051
83500	0.050127
83550	0.128323
83600	0.085278
83650	0.222272
83700	-0.020432
83750	0.073411
83800	0.158899
83850	-0.013471
83900	0.163816
83950	-0.099769
84000	0.086841
84050	-0.027411
84100	0.055009
84150	0.079407
84200	0.218778
84250	-0.032336
84300	0.009929
84350	0.015502
84400	0.154761
84450	-0.059208
84500	0.005067
84550	0.053768
84600	-0.009475
84650	0.041614
84700	-0.121514
84750	0.042252
84800	-0.008479
84850	-0.053102
84900	-0.088243
84950	0.052460
85000	0.061769
85050	-0.076735
85100	-0.031503
85150	0.262134
85200	-0.000175
85250	0.178253
85300	-0.127659
85350	-0.051142
85400	-0.153304
85450	0.091668
85500	0.064094
85550	0.052038
85600	-0.025207
85650	-0.092439
85700	-0.098459
85750	0.146686
85800	0.124654
85850	0.001989
85900	0.091353
85950	0.059216
86000	0.084408
86050	0.178796
86100	-0.027365
86150	0.026554
86200	-0.186925
86250	0.013325
86300	-0.069931
86350	-0.069986
86400	0.142401
86450	0.141404
86500	0.185416
86550	0.118797
86600	0.004229
86650	-0.009869
86700	-0.046890
86750	0.008231
86800	0.121722
86850	-0.027742
86900	-0.059562
86950	-0.192201
87000	-0.032401
87050	0.085798
87100	0.065501
87150	-0.187864
87200	-0.133710
87250	-0.110540
87300	0.030527
87350	0.126485
87400	0.075270
87450	-0.076475
87500	-0.104206
87550	-0.072034
87600	0.091100
87650	-0.043503
87700	-0.026552
87750	-0.024500
87800	0.005567
87850	-0.017726
87900	0.158798
87950	0.201039
88000	0.072239
88050	0.002256
88100	-0.061067
88150	0.060035
88200	0.160412
88250	0.018881
88300	-0.053438
88350	-0.054672
88400	-0.082635
88450	0.108469
88500	0.112280
88550	0.078679
88600	-0.074547
88650	0.087703
88700	0.005757
88750	-0.025101
88800	-0.005053
88850	-0.108788
88900	-0.077570
88950	0.043685
89000	-0.086460
89050	-0.126991
89100	-0.004410
89150	-0.084222
89200	-0.037535
89250	-0.063180
89300	0.012335
89350	0.018874
89400	-0.074433
89450	0.067379
89500	-0.011984
89550	-0.025996
89600	-0.091737
89650	0.146246
89700	0.043876
89750	0.050500
89800	0.107176
89850	-0.029050
89900	0.003623
89950	0.029211
90000	0.014833
90050	0.180485
90100	-0.071929
90150	0.299221
90200	-0.022831
90250	-0.101035
90300	0.116468
90350	0.067611
90400	-0.080160
90450	0.034752
90500	-0.014971
90550	0.037221
90600	-0.045849
90650	-0.020768
90700	0.031436
90750	0.020899
90800	-0.065801
90850	0.021568
90900	0.047588
90950	0.178338
91000	0.063195
91050	0.096772
91100	-0.011739
91150	-0.066215
91200	-0.099387
91250	0.233712
91300	-0.042103
91350	0.184075
91400	-0.094365
91450	0.051944
91500	-0.048404
91550	-0.014667
91600	-0.121834
91650	-0.085408
91700	0.057727
91750	-0.133498
91800	0.097074
91850	-0.150524
91900	0.060418
91950	0.147774
92000	-0.021559
92050	0.054543
92100	0.097673
92150	-0.177853
92200	0.056935
92250	0.048931
92300	-0.072139
92350	0.033740
92400	-0.065630
92450	0.105079
92500	0.208038
92550	-0.102463
92600	0.119434
92650	0.006940
92700	-0.125701
92750	-0.003711
92800	-0.208934
92850	-0.154709
92900	0.046811
92950	0.097691
93000	0.129176
93050	-0.005664
93100	-0.036040
93150	0.057469
93200	-0.024596
93250	-0.267818
93300	-0.024853
93350	0.046883
93400	0.055400
93450	-0.026613
93500	0.169843
93550	-0.002633
93600	0.043561
93650	-0.015122
93700	0.086250
93750	0.081846
93800	-0.104803
93850	-0.056422
93900	-0.111855
93950	-0.107226
94000	-0.008475
94050	0.427086
94100	0.051191
94150	-0.006135
94200	0.087674
94250	-0.052713
94300	0.175382
94350	-0.048340
94400	-0.114639
94450	-0.083672
94500	-0.052564
94550	-0.052140
94600	0.041813
94650	0.111173
94700	-0.050219
94750	0.068147
94800	0.117885
94850	0.102927
94900	0.001492
94950	0.175123
95000	0.044404
95050	-0.177738
95100	-0.167208
95150	-0.065847
95200	-0.024429
95250	-0.001309
95300	-0.106497
95350	-0.007174
95400	-0.036463
95450	-0.081497
95500	0.035751
95550	-0.037377
95600	0.069140
95650	0.094465
95700	0.116791
95750	-0.075561
95800	0.049656
95850	0.021878
95900	0.063714
95950	0.062619
96000	0.070428
96050	-0.122197
96100	0.011176
96150	-0.279693
96200	-0.138854
96250	0.097032
96300	0.094690
96350	0.062931
96400	0.137843
96450	0.038900
96500	0.008610
96550	0.094110
96600	-0.117043
96650	-0.024117
96700	0.062893
96750	-0.177812
96800	0.058547
96850	-0.017265
96900	0.095057
96950	-0.072049
97000	0.027085
97050	-0.012076
97100	0.006468
97150	0.146675
97200	0.113638
97250	0.116621
97300	0.097588
97350	-0.176890
97400	0.042697
97450	-0.157433
97500	0.006724
97550	-0.075922
97600	-0.103842
97650	0.078959
97700	0.024661
97750	0.200139
97800	-0.087423
97850	-0.067083
97900	0.174428
97950	-0.099504
98000	0.088192
98050	-0.155419
98100	-0.136794
98150	-0.144699
98200	0.086663
98250	-0.021870
98300	-0.223857
98350	-0.002793
98400	0.137030
98450	0.353249
98500	0.088944
98550	0.028264
98600	0.073772
98650	0.203744
98700	0.219323
98750	-0.146365
98800	-0.126878
98850	-0.127277
98900	-0.118485
98950	0.091749
99000	-0.067222
99050	-0.040418
99100	-0.090259
99150	0.057060
99200	-0.042725
99250	0.079722
99300	0.204425
99350	-0.018221
99400	0.153744
99450	0.038723
99500	0.075482
99550	0.124948
99600	0.046937
99650	0.099448
99700	0.075705
99750	-0.034741
99800	0.082049
99850	0.131216
99900	0.013744
99950	0.110591
100000	0.146674
100050	0.213783
100100	0.023081
100150	0.046049
100200	0.040721
100250	0.082001
100300	0.183790
100350	-0.051923
100400	0.214170
100450	0.020758
100500	-0.085010
100550	-0.036944
100600	0.139589
100650	-0.076988
100700	-0.008821
100750	-0.039824
100800	-0.120146
100850	0.048672
100900	0.082032
100950	0.077337
101000	0.122593
101050	0.109148
101100	-0.088912
101150	-0.145202
101200	-0.022587
101250	0.079974
101300	0.264542
101350	0.141557
101400	0.105987
101450	0.047025
101500	0.161925
101550	-0.012578
101600	0.250284
101650	0.087606
101700	0.097069
101750	-0.005175
101800	-0.035308
101850	0.112569
101900	0.140698
101950	0.095421
102000	0.169463
102050	0.015455
102100	-0.226884
102150	-0.017723
102200	0.104511
102250	-0.048843
102300	0.053194
102350	0.114631
102400	-0.090308
102450	-0.008362
102500	-0.056233
102550	0.158583
102600	-0.139907
102650	-0.076590
102700	0.055964
102750	0.079374
102800	0.142669
102850	0.158962
102900	0.013869
102950	-0.168109
103000	0.059360
103050	0.032464
103100	0.112686
103150	0.162802
103200	0.092948
103250	0.148481
103300	0.221450
103350	0.072571
103400	0.008107
103450	0.002986
103500	-0.056391
103550	-0.093052
103600	0.071218
103650	0.184348
103700	-0.018637
103750	-0.049264
103800	-0.160740
103850	0.114342
103900	-0.063702
103950	-0.009154
104000	0.181334
104050	-0.183670
104100	-0.007457
104150	-0.076146
104200	0.258501
104250	0.062186
104300	-0.040626
104350	0.014460
104400	0.097894
104450	-0.119767
104500	-0.072331
104550	0.224689
104600	0.137260
104650	-0.080741
104700	-0.116436
104750	-0.082795
104800	0.086441
104850	0.215449
104900	0.078248
104950	0.156323
105000	-0.138202
105050	-0.121399
105100	0.094498
105150	0.001641
105200	-0.033933
105250	0.104893
105300	0.051768
105350	0.016214
105400	0.032533
105450	0.100594
105500	-0.024856
105550	0.057303
105600	-0.021205
105650	0.158593
105700	-0.016704
105750	-0.030229
105800	-0.171560
105850	-0.070623
105900	-0.028996
105950	-0.051503
106000	0.002615
106050	-0.062304
106100	0.199805
106150	-0.019031
106200	-0.053508
106250	-0.131860
106300	-0.013638
106350	-0.006978
106400	-0.095336
106450	0.025097
106500	-0.127526
106550	-0.272528
106600	-0.037934
106650	0.081134
106700	0.119802
106750	0.045769
106800	0.043171
106850	0.176261
106900	0.170502
106950	0.227278
107000	-0.012250
107050	0.152773
107100	-0.012232
107150	-0.028212
107200	-0.148398
107250	-0.103773
107300	-0.076423
107350	0.034118
107400	-0.035198
107450	-0.082501
107500	0.036124
107550	-0.083080
107600	0.128529
107650	-0.050313
107700	-0.034929
107750	-0.029484
107800	-0.175307
107850	0.034931
107900	-0.083228
107950	-0.020175
108000	0.065170
108050	-0.103772
108100	-0.111111
108150	-0.047372
108200	-0.234089
108250	-0.034285
108300	-0.177515
108350	0.027660
108400	-0.157862
108450	-0.074421
108500	-0.135028
108550	0.107895
108600	0.144138
108650	0.020757
108700	-0.049498
108750	-0.004446
108800	-0.136797
108850	0.128041
108900	-0.004761
108950	0.019427
109000	0.009342
109050	-0.055524
109100	0.041265
109150	-0.019707
109200	0.006950
109250	0.132057
109300	0.039514
109350	-0.208872
109400	-0.050429
109450	-0.117819
109500	0.158586
109550	0.034082
109600	0.093227
109650	0.048039
109700	-0.058764
109750	-0.038393
109800	0.086818
109850	0.107204
109900	-0.071416
109950	0.089129
110000	0.029878
110050	0.137926
110100	-0.029780
110150	0.025979
110200	0.048615
110250	-0.013341
110300	0.067185
110350	-0.003761
110400	0.019763
110450	-0.076985
110500	0.065192
110550	-0.048039
110600	0.098251
110650	0.005926
110700	-0.005333
110750	-0.104950
110800	-0.091643
110850	-0.006512
110900	0.111231
110950	0.045548
111000	0.240582
111050	-0.053499
111100	0.057146
111150	0.059842
111200	0.364092
111250	0.140127
111300	-0.042309
111350	-0.159260
111400	-0.032674
111450	-0.078271
111500	-0.136009
111550	-0.025465
111600	-0.004595
111650	0.000182
111700	0.045948
111750	-0.067636
111800	0.009087
111850	0.109802
111900	0.069529
111950	0.196035
112000	0.099029
112050	0.087837
112100	0.033626
112150	0.056036
112200	0.280727
112250	0.116921
112300	0.074629
112350	0.030768
112400	-0.079827
112450	0.033448
112500	0.078832
112550	-0.051091
112600	0.092479
112650	-0.021983
112700	-0.113568
112750	-0.083597
112800	0.126108
112850	0.157301
112900	-0.053177
112950	0.112514
113000	0.137351
113050	0.107232
113100	-0.060343
113150	-0.111147
113200	-0.100213
113250	-0.024476
113300	0.016705
113350	0.093291
113400	-0.056726
113450	0.054460
113500	0.114386
113550	-0.140963
113600	-0.010158
113650	0.034993
113700	0.004105
113750	0.002670
113800	0.043840
113850	-0.145976
113900	0.068324
113950	-0.181029
114000	-0.081820
114050	-0.111004
114100	-0.072369
114150	-0.242251
114200	0.020915
114250	0.083167
114300	-0.067576
114350	-0.018292
114400	-0.031508
114450	-0.107464
114500	-0.037843
114550	0.140365
114600	0.093669
114650	0.048492
114700	-0.128547
114750	0.020187
114800	0.122806
114850	-0.080838
114900	0.159981
114950	-0.051120
115000	-0.077041
115050	-0.077027
115100	-0.164232
115150	-0.049356
115200	0.045227
115250	-0.033539
115300	0.138466
115350	0.091192
115400	-0.098160
115450	-0.215923
115500	-0.148138
115550	0.051412
115600	-0.031720
115650	-0.041795
115700	0.057831
115750	0.105030
115800	0.117839
115850	0.194270
115900	0.144651
115950	0.011515
116000	0.071882
116050	0.057450
116100	0.173863
116150	0.137109
116200	0.210066
116250	0.048139
116300	-0.027563
116350	0.093239
116400	-0.088487
116450	0.117406
116500	-0.167950
116550	0.063759
116600	-0.035860
116650	0.069820
116700	0.037557
116750	-0.046951
116800	-0.091919
116850	-0.123550
116900	-0.017070
116950	0.055458
117000	-0.016926
117050	-0.031395
117100	0.089570
117150	0.064225
117200	0.200937
117250	-0.158748
117300	0.066597
117350	-0.125840
117400	0.219751
117450	0.070768
117500	0.004778
117550	-0.012297
117600	0.136350
117650	0.006277
117700	-0.004295
117750	-0.082359
117800	-0.176918
117850	0.068898
117900	-0.006837
117950	0.112935
118000	-0.120523
118050	-0.001263
118100	0.118448
118150	-0.017392
118200	0.184700
118250	-0.038386
118300	-0.040090
118350	0.061840
118400	0.078511
118450	-0.098490
118500	0.079738
118550	0.291733
118600	0.069355
118650	-0.148797
118700	0.138624
118750	0.002762
118800	0.030235
118850	0.168562
118900	0.035530
118950	-0.022958
119000	-0.101103
119050	-0.221036
119100	0.025618
119150	-0.064807
119200	-0.037267
119250	-0.386258
119300	0.001990
119350	-0.002639
119400	-0.145794
119450	0.147401
119500	0.071055
119550	0.121092
119600	-0.041464
119650	-0.184720
119700	0.025103
119750	0.095033
119800	-0.016762
119850	-0.044280
119900	-0.165513
119950	-0.185645
120000	-0.039007
120050	-0.126041
120100	0.014060
120150	-0.093084
120200	0.207821
120250	-0.216884
120300	0.012860
120350	-0.013980
120400	-0.117422
120450	0.081319
120500	-0.037589
120550	-0.084761
120600	0.013382
120650	-0.088815
120700	0.018536
120750	0.080460
120800	-0.160371
120850	0.102978
120900	-0.111716
120950	0.030667
121000	0.123397
121050	0.008699
121100	-0.007008
121150	0.023067
121200	-0.022804
121250	0.175478
121300	0.035688
121350	0.051451
121400	-0.073838
121450	0.030859
121500	0.071254
121550	0.152933
121600	0.106428
121650	0.043668
121700	0.126895
121750	0.024950
121800	0.178803
121850	0.004277
121900	0.222410
121950	0.132688
122000	-0.015155
122050	-0.009728
122100	0.020969
122150	0.093257
122200	0.067727
122250	0.061820
122300	0.014819
122350	-0.027753
122400	-0.062430
122450	-0.009246
122500	-0.010241
122550	-0.139820
122600	-0.144845
122650	-0.018295
122700	-0.039738
122750	0.052935
122800	0.087846
122850	-0.083502
122900	0.154046
122950	0.154435
123000	0.091689
123050	0.173693
123100	0.079480
123150	0.024334
123200	0.112229
123250	0.028636
123300	-0.030848
123350	-0.088923
123400	0.083734
123450	-0.142046
123500	-0.069600
123550	0.058558
123600	0.093665
123650	-0.110617
123700	-0.191387
123750	0.077572
123800	-0.096575
123850	-0.010434
123900	-0.071459
123950	0.156844
124000	-0.001360
124050	0.169622
124100	0.047457
124150	0.202142
124200	0.054609
124250	-0.075999
124300	-0.139342
124350	-0.026107
124400	-0.025572
124450	0.103246
124500	0.133531
124550	-0.043352
124600	0.142296
124650	0.035274
124700	-0.071866
124750	0.208945
124800	-0.123911
124850	0.037732
124900	0.150293
124950	0.136342
125000	0.051551
125050	0.005671
125100	-0.030933
125150	0.081896
125200	-0.140715
125250	-0.028583
125300	0.013353
125350	0.046285
125400	0.102581
125450	-0.001396
125500	0.004512
125550	-0.004835
125600	-0.120814
125650	-0.018092
125700	0.069876
125750	-0.188757
125800	-0.049936
125850	-0.005496
125900	0.014304
125950	-0.135894
126000	-0.015459
126050	0.101288
126100	-0.010572
126150	0.026616
126200	0.137765
126250	0.019072
126300	-0.054027
126350	0.046928
126400	-0.030784
126450	0.195377
126500	0.217596
126550	-0.065330
126600	-0.035903
126650	-0.009442
126700	-0.055855
126750	0.026577
126800	0.070188
126850	-0.177446
126900	-0.193282
126950	-0.010120
127000	-0.084865
127050	0.210458
127100	-0.048231
127150	0.057569
127200	-0.119996
127250	0.055025
127300	0.152607
127350	-0.064179
127400	0.105013
127450	-0.042394
127500	0.023222
127550	0.041156
127600	0.008584
127650	0.093293
127700	-0.101188
127750	0.058805
127800	-0.160530
127850	0.018068
127900	0.044131
127950	0.177784
128000	-0.093159
128050	-0.155417
128100	-0.029936
128150	-0.252845
128200	0.054374
128250	-0.066519
128300	0.027525
128350	-0.064326
128400	-0.032765
128450	0.087991
128500	-0.041790
128550	-0.132256
128600	-0.031614
128650	0.074728
128700	0.019999
128750	-0.079553
128800	-0.124242
128850	0.010018
128900	-0.066742
128950	-0.011745
129000	-0.023014
129050	0.013917
129100	0.022425
129150	0.040030
129200	-0.032856
129250	0.075629
129300	-0.124652
129350	0.039774
129400	0.045314
129450	-0.110967
129500	-0.041435
129550	-0.098472
129600	-0.048089
129650	-0.016343
129700	0.036354
129750	-0.187985
129800	-0.091939
129850	0.110543
129900	0.054594
129950	0.048462
130000	-0.003816
130050	0.031097
130100	-0.047393
130150	-0.034154
130200	-0.035071
130250	-0.117908
130300	-0.082661
130350	-0.096734
130400	0.022552
130450	0.217996
130500	0.184850
130550	0.019694
130600	-0.056168
130650	-0.177472
130700	-0.126100
130750	-0.109226
130800	0.006529
130850	0.013371
130900	-0.027947
130950	0.233982
131000	0.107889
131050	0.055089
131100	0.136967
131150	0.017892
131200	0.049021
131250	-0.012354
131300	-0.063872
131350	0.024144
131400	-0.029250
131450	0.034006
131500	-0.076072
131550	0.167068
131600	0.121364
131650	0.139947
131700	0.040021
131750	-0.019900
131800	-0.121099
131850	-0.056558
131900	-0.023836
131950	-0.159913
132000	0.116591
132050	0.178490
132100	0.072600
132150	0.016855
132200	0.082448
132250	0.007162
132300	0.134390
132350	-0.024345
132400	0.093322
132450	0.064925
132500	-0.144007
132550	-0.106329
132600	-0.106491
132650	0.034673
132700	0.048537
132750	0.175804
132800	0.070249
132850	0.119542
132900	0.065884
132950	0.059937
133000	-0.173374
133050	-0.034930
133100	0.275254
133150	-0.162327
133200	-0.075532
133250	-0.121536
133300	-0.029887
133350	-0.080138
133400	0.246929
133450	-0.060929
133500	-0.036768
133550	-0.159241
133600	0.003406
133650	0.161625
133700	0.057442
133750	0.059461
133800	0.266035
133850	0.025265
133900	0.037564
133950	0.151927
134000	0.013884
134050	0.152342
134100	-0.000389
134150	0.070748
134200	-0.057605
134250	0.202815
134300	0.152337
134350	0.056831
134400	0.044410
134450	0.010751
134500	0.074978
134550	-0.111517
134600	0.040801
134650	-0.023552
134700	0.165818
134750	0.181025
134800	0.174723
134850	0.170875
134900	0.112430
134950	0.039928
135000	-0.106642
135050	-0.067759
135100	0.131312
135150	0.096375
135200	0.263099
135250	-0.101909
135300	0.033492
135350	0.180863
135400	-0.027111
135450	0.003073
135500	0.204732
135550	-0.024825
135600	-0.124693
135650	-0.130257
135700	0.091783
135750	-0.048893
135800	0.030937
135850	0.074468
135900	-0.036358
135950	0.007531
136000	0.007694
136050	-0.021028
136100	-0.072087
136150	-0.005789
136200	0.017175
136250	0.077714
136300	0.220423
136350	0.097369
136400	0.137309
136450	0.004067
136500	0.141430
136550	0.002146
136600	-0.223298
136650	-0.107728
136700	0.054927
136750	0.092652
136800	0.053711
136850	0.240320
136900	0.027795
136950	-0.067125
137000	-0.025367
137050	-0.027211
137100	0.011163
137150	0.036532
137200	-0.058833
137250	-0.081250
137300	0.126100
137350	0.060547
137400	-0.117325
137450	0.129684
137500	0.089522
137550	0.011920
137600	-0.018252
137650	-0.034034
137700	-0.027987
137750	0.039681
137800	0.099758
137850	-0.219240
137900	-0.057444
137950	0.087477
138000	0.078752
138050	-0.051248
138100	-0.041293
138150	-0.202690
138200	0.051597
138250	0.129350
138300	0.154283
138350	0.083323
138400	0.076992
138450	0.057808
138500	0.050941
138550	-0.092323
138600	-0.061809
138650	-0.115497
138700	0.125674
138750	-0.014938
138800	-0.036896
138850	-0.149753
138900	-0.064544
138950	-0.096930
139000	0.059687
139050	0.064663
139100	0.107695
139150	0.136707
139200	0.065049
139250	0.024009
139300	0.051872
139350	0.088633
139400	-0.011589
139450	-0.095595
139500	-0.270326
139550	0.042397
139600	0.084966
139650	0.013487
139700	-0.188584
139750	0.092082
139800	-0.113767
139850	-0.093378
139900	0.125979
139950	-0.022088
140000	0.066501
140050	0.087812
140100	0.143956
140150	-0.016529
140200	0.046871
140250	0.080746
140300	-0.273356
140350	-0.074944
140400	0.013766
140450	-0.003616
140500	-0.134711
140550	-0.066817
140600	-0.092881
140650	-0.031707
140700	-0.065059
140750	-0.193129
140800	0.042858
140850	-0.135110
140900	-0.002541
140950	0.057950
141000	0.055118
141050	0.029129
141100	-0.114421
141150	0.303744
141200	-0.077896
141250	0.030108
141300	-0.115012
141350	-0.087871
141400	-0.077183
141450	-0.055780
141500	-0.106523
141550	-0.031080
141600	-0.070965
141650	-0.099715
141700	0.126661
141750	0.006408
141800	-0.034827
141850	0.075543
141900	0.097432
141950	-0.094272
142000	0.031082
142050	0.054318
142100	0.074170
142150	0.075876
142200	-0.143914
142250	0.166699
142300	0.034175
142350	0.155291
142400	0.138952
142450	-0.059088
142500	-0.038514
142550	-0.099772
142600	0.040517
142650	-0.101708
142700	-0.043009
142750	-0.012176
142800	-0.103522
142850	0.004081
142900	0.167332
142950	0.016265
143000	-0.069824
143050	-0.145107
143100	-0.155795
143150	-0.088742
143200	-0.062258
143250	0.059415
143300	0.072314
143350	0.034660
143400	-0.016637
143450	0.150644
143500	0.117514
143550	-0.041591
143600	-0.025512
143650	0.048150
143700	0.064462
143750	0.202917
143800	0.076831
143850	0.105917
143900	0.094578
143950	-0.003769
144000	0.065256
144050	0.130413
144100	0.162554
144150	0.152932
144200	-0.098230
144250	-0.055978
144300	0.205629
144350	-0.003680
144400	-0.117319
144450	0.052089
144500	-0.032525
144550	0.227585
144600	0.069193
144650	0.098752
144700	-0.254204
144750	-0.100740
144800	0.004301
144850	-0.192358
144900	-0.099068
144950	0.060551
145000	0.110693
145050	0.080236
145100	0.003943
145150	0.214962
145200	0.081521
145250	0.059196
145300	0.007716
145350	-0.128367
145400	0.276142
145450	0.198608
145500	0.084439
145550	0.072473
145600	-0.057681
145650	0.036376
145700	-0.117942
145750	-0.063588
145800	-0.022171
145850	-0.099120
145900	0.015220
145950	0.054763
146000	-0.012284
146050	0.093506
146100	-0.001208
146150	0.076794
146200	0.034839
146250	-0.117283
146300	-0.068558
146350	-0.020148
146400	-0.074500
146450	0.165816
146500	0.024608
146550	0.065208
146600	-0.189911
146650	0.133561
146700	0.068118
146750	0.055160
146800	0.115910
146850	0.109471
146900	0.025897
146950	0.178302
147000	-0.004566
147050	-0.070699
147100	0.099780
147150	-0.080006
147200	-0.019101
147250	0.061836
147300	-0.133635
147350	0.114526
147400	-0.013392
147450	0.016679
147500	-0.144379
147550	0.209716
147600	0.036612
147650	-0.120704
147700	-0.085614
147750	-0.020504
147800	0.037183
147850	0.111409
147900	0.045782
147950	0.208139
148000	-0.047981
148050	-0.176605
148100	0.151835
148150	-0.088932
148200	0.046885
148250	-0.038920
148300	0.131394
148350	0.036452
148400	0.041373
148450	0.168626
148500	0.259619
148550	0.048591
148600	0.000304
148650	-0.052391
148700	-0.022130
148750	-0.104068
148800	0.114494
148850	-0.077739
148900	0.009289
148950	-0.030799
149000	-0.003626
149050	0.036684
149100	-0.007950
149150	0.017940
149200	0.080028
149250	0.069820
149300	0.192147
149350	0.291410
149400	0.197600
149450	0.175750
149500	-0.083629
149550	-0.324572
149600	0.056146
149650	0.024438
149700	0.100230
149750	0.094674
149800	-0.016366
149850	-0.044547
149900	-0.004651
149950	0.044512
150000	0.087174
150050	0.120817
150100	-0.202715
150150	-0.147268
150200	-0.095781
150250	0.180122
150300	0.273548
150350	0.217115
150400	0.089726
150450	-0.197904
150500	-0.088286
150550	0.027637
150600	0.284453
150650	0.097134
150700	0.023465
150750	-0.105210
150800	-0.109246
150850	-0.135705
150900	0.010855
150950	-0.134542
151000	0.032899
151050	-0.013606
151100	0.079804
151150	0.041702
151200	0.151252
151250	0.306621
151300	0.030259
151350	-0.040854
151400	-0.084378
151450	0.074200
151500	0.090682
151550	0.190718
151600	0.087796
151650	-0.115303
151700	-0.145274
151750	0.057151
151800	0.055086
151850	0.143090
151900	0.216756
151950	0.042221
152000	0.037468
152050	0.083989
152100	-0.058545
152150	0.040952
152200	0.109582
152250	-0.233236
152300	0.166863
152350	0.275224
152400	0.011725
152450	0.027373
152500	0.067579
152550	-0.104512
152600	-0.008838
152650	0.252972
152700	0.038728
152750	-0.042840
152800	0.058797
152850	0.049494
152900	-0.105258
152950	-0.032532
153000	0.065720
153050	-0.011756
153100	0.014904
153150	0.036372
153200	0.046104
153250	0.095983
153300	0.103271
153350	-0.065115
153400	0.116029
153450	0.044393
153500	0.125530
153550	0.004783
153600	0.328849
153650	0.157325
153700	0.047344
153750	0.251055
153800	-0.070763
153850	0.185135
153900	0.113586
153950	-0.037693
154000	-0.326597
154050	0.017472
154100	-0.006595
154150	-0.016132
154200	0.135690
154250	-0.052979
154300	0.048472
154350	0.107095
154400	0.086821
154450	-0.064704
154500	0.184593
154550	-0.192777
154600	0.107951
154650	-0.031915
154700	0.007896
154750	-0.135712
154800	0.059683
154850	0.021368
154900	0.110940
154950	-0.251215
155000	-0.057653
155050	-0.086585
155100	0.000930
155150	-0.153292
155200	-0.019004
155250	0.040677
155300	0.039019
155350	-0.036076
155400	0.061615
155450	0.035727
155500	0.049681
155550	-0.263198
155600	0.122877
155650	-0.039399
155700	-0.061838
155750	0.007644
155800	0.107836
155850	0.070477
155900	0.235151
155950	0.174576
156000	0.028008
156050	0.157245
156100	-0.018498
156150	-0.095868
156200	0.140802
156250	-0.057906
156300	0.119857
156350	-0.045849
156400	0.006893
156450	0.096915
156500	0.103943
156550	-0.155962
156600	-0.333129
156650	-0.028361
156700	0.097223
156750	0.158826
156800	-0.046586
156850	-0.103199
156900	-0.167008
156950	0.050395
157000	0.015583
157050	0.105529
157100	0.038343
157150	0.045255
157200	0.157589
157250	-0.100678
157300	-0.066441
157350	-0.112693
157400	-0.043561
157450	-0.044060
157500	0.091895
157550	-0.068587
157600	-0.060046
157650	0.106793
157700	0.178996
157750	-0.038674
157800	-0.076299
157850	-0.139593
157900	-0.123495
157950	0.010752
158000	0.065006
158050	-0.048464
158100	-0.041084
158150	0.176054
158200	0.031853
158250	-0.053745
158300	0.255570
158350	0.015654
158400	-0.033811
158450	-0.012199
158500	-0.053296
158550	-0.021475
158600	0.054219
158650	0.008345
158700	0.093998
158750	0.087965
158800	0.037470
158850	-0.019042
158900	0.106775
158950	0.012255
159000	0.143727
159050	-0.004753
159100	0.110885
159150	0.023127
159200	0.321977
159250	-0.052708
159300	-0.138884
159350	0.079424
159400	0.014038
159450	0.308686
159500	-0.013662
159550	0.231972
159600	0.036798
159650	-0.078369
159700	-0.036843
159750	0.065061
159800	-0.065935
159850	-0.020587
159900	-0.075978
159950	0.069457
160000	-0.147286
160050	0.011698
160100	-0.057950
160150	0.045291
160200	-0.109265
160250	0.038386
160300	-0.210785
160350	-0.039853
160400	0.025680
160450	0.070086
160500	-0.001731
160550	0.020319
160600	0.020323
160650	0.061297
160700	0.037148
160750	0.063841
160800	0.032530
160850	0.109716
160900	-0.026947
160950	-0.122039
161000	0.121788
161050	0.001143
161100	-0.005866
161150	0.088845
161200	-0.028565
161250	0.082079
161300	-0.042033
161350	-0.116120
161400	-0.234232
161450	0.000323
161500	-0.011824
161550	0.166584
161600	0.008582
161650	0.058802
161700	0.053487
161750	-0.114627
161800	0.032137
161850	0.092069
161900	0.122899
161950	0.010632
162000	-0.052130
162050	0.105025
162100	0.063018
162150	0.122397
162200	-0.128668
162250	-0.144583
162300	0.135874
162350	-0.092416
162400	0.182380
162450	0.062877
162500	0.023835
162550	-0.017992
162600	0.121032
162650	0.098476
162700	-0.035664
162750	-0.110539
162800	0.115695
162850	-0.057134
162900	0.021722
162950	-0.074679
163000	0.122421
163050	0.099629
163100	0.023734
163150	-0.160755
163200	-0.201096
163250	-0.043060
163300	0.054492
163350	0.197453
163400	-0.019128
163450	-0.158753
163500	-0.062377
163550	0.017088
163600	0.096956
163650	0.061864
163700	0.029790
163750	-0.034003
163800	0.103857
163850	0.114113
163900	-0.094718
163950	-0.040623
164000	0.060989
164050	-0.002394
164100	0.110442
164150	-0.062642
164200	0.113684
164250	0.220531
164300	-0.097838
164350	0.027813
164400	0.066448
164450	-0.087383
164500	-0.025910
164550	-0.104823
164600	-0.002260
164650	0.070860
164700	0.102727
164750	0.162780
164800	0.199426
164850	0.103799
164900	0.119858
164950	0.219499
165000	-0.000295
165050	-0.116817
165100	0.038886
165150	0.091707
165200	0.230967
165250	0.258273
165300	-0.007654
165350	0.164269
165400	-0.055627
165450	0.127128
165500	-0.109293
165550	0.018140
165600	0.154081
165650	-0.014544
165700	0.221150
165750	-0.037220
165800	0.039359
165850	0.110372
165900	-0.008343
165950	-0.196309
166000	0.126748
166050	0.057329
166100	-0.122169
166150	0.178409
166200	0.105618
166250	0.067474
166300	-0.024688
166350	0.032049
166400	0.039002
166450	0.091277
166500	-0.137996
166550	-0.215085
166600	-0.017612
166650	-0.085379
166700	-0.118889
166750	0.028007
166800	0.005934
166850	0.160734
166900	-0.037778
166950	-0.151498
167000	-0.128392
167050	-0.049788
167100	-0.089135
167150	-0.033210
167200	0.025519
167250	-0.074591
167300	-0.114769
167350	-0.227447
167400	0.105870
167450	-0.031053
167500	0.139222
167550	-0.109705
167600	0.058944
167650	0.059380
167700	0.020098
167750	-0.069899
167800	0.050226
167850	-0.058942
167900	0.138157
167950	-0.055213
168000	-0.133621
168050	-0.071712
168100	0.181702
168150	0.110661
168200	0.295654
168250	-0.008609
168300	0.041135
168350	0.100862
168400	-0.067538
168450	0.081664
168500	-0.066425
168550	0.060688
168600	-0.107084
168650	0.018753
168700	0.120701
168750	-0.092070
168800	-0.142262
168850	-0.032926
168900	0.012047
168950	0.147371
169000	-0.200210
169050	-0.192057
169100	0.038506
169150	0.080457
169200	-0.073498
169250	-0.017780
169300	0.012146
169350	0.003330
169400	0.042467
169450	-0.078475
169500	0.034795
169550	0.016185
169600	-0.087462
169650	-0.069246
169700	0.050547
169750	0.009128
169800	0.219687
169850	-0.253656
169900	-0.133355
169950	0.071253
170000	0.112738
170050	0.129008
170100	0.055954
170150	0.018348
170200	-0.137358
170250	0.032041
170300	-0.057931
170350	-0.107461
170400	-0.184915
170450	-0.030499
170500	0.149342
170550	0.148172
170600	-0.053117
170650	-0.009237
170700	-0.084174
170750	-0.059700
170800	0.055051
170850	0.266334
170900	0.258843
170950	0.024590
171000	0.087876
171050	0.217210
171100	-0.024613
171150	-0.000534
171200	0.025503
171250	0.126201
171300	0.149971
171350	-0.097586
171400	-0.144307
171450	-0.086786
171500	0.004780
171550	0.041420
171600	0.005909
171650	0.070169
171700	0.066454
171750	-0.039881
171800	0.074407
171850	0.183011
171900	0.199689
171950	0.090400
172000	0.126205
172050	0.016047
172100	-0.042032
172150	0.045584
172200	-0.085232
172250	-0.079192
172300	0.086065
172350	-0.016205
172400	0.166520
172450	0.041300
172500	0.082718
172550	0.109134
172600	0.035488
172650	0.009263
172700	0.034268
172750	0.048973
172800	-0.041150
172850	0.060474
172900	0.043179
172950	0.037486
173000	0.002102
173050	0.010584
173100	-0.168710
173150	-0.041066
173200	-0.175391
173250	0.034106
173300	0.174772
173350	-0.017953
173400	0.299240
173450	0.127258
173500	0.006357
173550	-0.099941
173600	0.137315
173650	-0.097838
173700	0.091931
173750	0.071051
173800	0.011021
173850	0.064849
173900	-0.022325
173950	-0.206482
174000	-0.077570
174050	-0.047033
174100	-0.008265
174150	0.300081
174200	0.064354
174250	0.072199
174300	0.070227
174350	0.093496
174400	0.149988
174450	-0.175274
174500	0.171687
174550	0.143770
174600	0.260543
174650	0.037136
174700	0.126955
174750	-0.086125
174800	0.088287
174850	-0.152695
174900	0.015298
174950	-0.040464
175000	0.074916
175050	0.111391
175100	0.120831
175150	-0.048650
175200	-0.062034
175250	-0.137732
175300	-0.044496
175350	-0.105517
175400	0.017012
175450	-0.053334
175500	0.001897
175550	-0.275072
175600	0.134803
175650	0.087456
175700	-0.073423
175750	-0.109526
175800	-0.042398
175850	0.125402
175900	0.028041
175950	0.154812
176000	-0.083947
176050	-0.037768
176100	0.109563
176150	0.023492
176200	0.262862
176250	0.137762
176300	0.036628
176350	-0.040486
176400	0.073266
176450	0.123800
176500	0.087234
176550	0.045667
176600	-0.151230
176650	-0.079110
176700	0.016045
176750	0.015377
176800	-0.112310
176850	0.054583
176900	-0.030924
176950	0.033157
177000	0.068840
177050	0.062185
177100	0.030768
177150	-0.066294
177200	-0.186483
177250	-0.101558
177300	0.055066
177350	0.132188
177400	0.041695
177450	0.096525
177500	0.027840
177550	0.200072
177600	-0.026668
177650	0.107733
177700	-0.001664
177750	0.060295
177800	0.010394
177850	0.210472
177900	-0.064611
177950	0.087952
178000	-0.153923
178050	-0.230640
178100	-0.141698
178150	0.127635
178200	0.131733
178250	-0.078982
178300	0.147011
178350	0.012013
178400	0.167862
178450	-0.074432
178500	-0.011954
178550	-0.034388
178600	0.033522
178650	-0.046986
178700	-0.017361
178750	0.052104
178800	0.049790
178850	0.116320
178900	-0.070028
178950	-0.164154
179000	0.152377
179050	-0.069176
179100	-0.035875
179150	0.063002
179200	-0.093188
179250	-0.041776
179300	-0.045746
179350	0.018116
179400	0.077893
179450	0.131906
179500	-0.034078
179550	-0.274306
179600	-0.097928
179650	-0.043639
179700	0.062548
179750	-0.000231
179800	-0.169065
179850	0.019330
179900	-0.019820
179950	0.008606
180000	0.094171
180050	0.032318
180100	0.084816
180150	-0.063757
180200	-0.106357
180250	-0.029529
180300	-0.136249
180350	0.028586
180400	-0.124849
180450	-0.214206
180500	-0.025086
180550	0.094418
180600	0.197575
180650	0.137265
180700	0.067994
180750	0.089039
180800	-0.062057
180850	0.007496
180900	0.005330
180950	-0.032075
181000	-0.096798
181050	-0.090727
181100	0.018297
181150	-0.020711
181200	0.030550
181250	0.077466
181300	-0.008532
181350	0.020442
181400	0.062027
181450	0.133559
181500	-0.030739
181550	0.108750
181600	0.133888
181650	0.159953
181700	0.101932
181750	0.174022
181800	-0.023115
181850	0.309245
181900	-0.040709
181950	-0.199162
182000	0.009184
182050	0.031969
182100	-0.250009
182150	-0.135946
182200	-0.081761
182250	0.039483
182300	0.152889
182350	0.083109
182400	0.269558
182450	-0.026750
182500	-0.174031
182550	0.089461
182600	0.095445
182650	-0.082026
182700	-0.129760
182750	0.229485
182800	0.030626
182850	0.010465
182900	-0.009288
182950	-0.051136
183000	-0.148053
183050	0.035586
183100	-0.027301
183150	-0.024480
183200	0.055863
183250	-0.022387
183300	-0.116985
183350	0.001314
183400	0.214037
183450	-0.014571
183500	-0.145757
183550	-0.017713
183600	0.124719
183650	-0.139848
183700	-0.048033
183750	-0.078967
183800	-0.163357
183850	-0.076435
183900	-0.044581
183950	-0.067895
184000	-0.070801
184050	0.015258
184100	0.064572
184150	0.086425
184200	0.126546
184250	0.047121
184300	0.170866
184350	-0.035385
184400	-0.032248
184450	-0.101053
184500	0.047819
184550	0.047050
184600	-0.011216
184650	0.334013
184700	0.039844
184750	0.180842
184800	0.036064
184850	0.182050
184900	-0.099591
184950	0.041267
185000	-0.049133
185050	0.222752
185100	0.039004
185150	-0.114165
185200	-0.063862
185250	0.102048
185300	-0.238848
185350	-0.063754
185400	0.101781
185450	-0.034726
185500	0.140469
185550	0.036404
185600	0.164457
185650	-0.115168
185700	0.108743
185750	0.074029
185800	0.068820
185850	-0.021309
185900	0.029548
185950	0.017357
186000	-0.025183
186050	0.009695
186100	0.057827
186150	-0.076232
186200	-0.016820
186250	0.055020
186300	-0.047193
186350	-0.026425
186400	0.120172
186450	-0.144982
186500	0.093247
186550	0.196649
186600	0.046468
186650	0.032170
186700	-0.037826
186750	0.136011
186800	-0.005108
186850	0.043209
186900	0.042569
186950	-0.069714
187000	0.095215
187050	-0.249242
187100	-0.195666
187150	-0.052428
187200	0.073751
187250	-0.326706
187300	0.137214
187350	0.114493
187400	0.124187
187450	0.047519
187500	-0.001928
187550	-0.002869
187600	-0.016127
187650	0.047070
187700	0.194790
187750	0.150780
187800	0.206103
187850	-0.203530
187900	0.092904
187950	-0.061680
188000	-0.059613
188050	-0.029204
188100	-0.018535
188150	0.072517
188200	0.061810
188250	0.026536
188300	0.028791
188350	-0.005275
188400	0.068812
188450	-0.017265
188500	0.174934
188550	-0.074494
188600	-0.082099
188650	-0.177522
188700	0.068345
188750	0.181446
188800	-0.087898
188850	0.289304
188900	0.011596
188950	-0.058506
189000	-0.024376
189050	0.238682
189100	0.028503
189150	0.005018
189200	0.097746
189250	-0.032424
189300	-0.005518
189350	-0.228072
189400	-0.017551
189450	0.064664
189500	0.068731
189550	0.117647
189600	0.016903
189650	0.088504
189700	-0.059773
189750	0.162141
189800	-0.129361
189850	0.050966
189900	0.063375
189950	0.186368
190000	0.135682
190050	-0.100058
190100	0.056634
190150	-0.116468
190200	-0.091685
190250	0.016084
190300	0.034968
190350	-0.245584
190400	0.005960
190450	-0.007755
190500	0.037223
190550	0.009958
190600	-0.073549
190650	0.006546
190700	0.209894
190750	0.107643
190800	0.046896
190850	0.096648
190900	0.195362
190950	0.173733
191000	-0.103169
191050	0.054155
191100	0.142628
191150	0.008776
191200	-0.037037
191250	-0.024796
191300	0.043402
191350	-0.255692
191400	-0.165187
191450	-0.019476
191500	0.104071
191550	0.024656
191600	0.204295
191650	-0.063968
191700	-0.068637
191750	-0.027354
191800	-0.183611
191850	-0.057264
191900	0.050492
191950	-0.009651
192000	-0.246602
192050	0.081176
192100	-0.083273
192150	-0.047139
192200	-0.018657
192250	-0.283295
192300	-0.170645
192350	0.109632
192400	-0.242751
192450	-0.152993
192500	0.099787
192550	0.117833
192600	-0.067913
192650	0.271302
192700	-0.085389
192750	0.128734
192800	-0.117153
192850	0.152040
192900	0.082958
192950	-0.119718
193000	-0.151308
193050	-0.049624
193100	0.057350
193150	0.011471
193200	0.187568
193250	0.131416
193300	-0.091046
193350	0.019207
193400	0.094189
193450	0.132070
193500	-0.049580
193550	0.080133
193600	0.288720
193650	0.057256
193700	0.074461
193750	0.054264
193800	-0.096189
193850	-0.136200
193900	0.044372
193950	0.043960
194000	0.034372
194050	-0.049004
194100	-0.264551
194150	-0.072033
194200	-0.090171
194250	-0.029105
194300	-0.041226
194350	-0.131757
194400	-0.034290
194450	-0.144508
194500	-0.217930
194550	-0.070598
194600	-0.002353
194650	-0.162780
194700	0.008529
194750	-0.029642
194800	0.039267
194850	0.091333
194900	0.080168
194950	0.078862
195000	-0.204514
195050	0.083431
195100	0.049239
195150	0.072803
195200	0.115719
195250	-0.089726
195300	-0.131867
195350	0.060998
195400	-0.109969
195450	-0.071753
195500	-0.072304
195550	-0.004936
195600	-0.039615
195650	0.054291
195700	-0.056339
195750	-0.064663
195800	-0.049801
195850	0.064891
195900	-0.094868
195950	0.084850
196000	-0.076894
196050	-0.054807
196100	0.011785
196150	-0.039783
196200	0.163911
196250	0.073117
196300	-0.114715
196350	0.075347
196400	-0.061479
196450	-0.103762
196500	0.031509
196550	0.007937
196600	0.002538
196650	-0.027801
196700	0.162991
196750	0.130297
196800	-0.009670
196850	0.225459
196900	0.139326
196950	0.101922
197000	0.009837
197050	0.085618
197100	0.148056
197150	-0.155855
197200	-0.036722
197250	-0.128124
197300	0.281438
197350	0.149585
197400	0.011429
197450	0.106272
197500	0.029245
197550	-0.004538
197600	-0.286374
197650	-0.166680
197700	-0.061158
197750	-0.024716
197800	0.110453
197850	-0.186093
197900	0.008557
197950	-0.041827
198000	-0.228278
198050	0.142729
198100	-0.081672
198150	0.101393
198200	0.019019
198250	-0.029472
198300	0.050981
198350	0.067261
198400	-0.087835
198450	-0.040491
198500	0.140351
198550	-0.100200
198600	0.003093
198650	-0.120399
198700	0.027670
198750	0.020394
198800	0.079737
198850	-0.023682
198900	-0.003435
198950	0.154903
199000	0.180556
199050	-0.043296
199100	0.054926
199150	0.007103
199200	0.004719
199250	0.095483
199300	-0.027529
199350	-0.028355
199400	0.139464
199450	0.273036
199500	-0.220929
199550	0.071807
199600	-0.084631
199650	-0.028971
199700	0.056010
199750	-0.088777
199800	-0.126977
199850	-0.046949
199900	0.117076
199950	0.134981
